54329420
1137436678
1681383850
-1850807791
563089214
36528246
1102275440
-862260257
-1563321723
959969328
-292657979
-1296262526
820776061
418825638
286373616
-1550455919
-1106152838
1578814552
-444759685
-439228511
1933373621
-1439263811
724130122
286936517
-356318848
1742850153
262550766
-1031791784
-1538657343
-1743565973
1880805946
1887814649
-1759028067
33706999
-1148690153
-951687722
-826904461
-255490236
1563330452
-349864403
-1928956149
-336516425
-366800063
2099700240
2055196431
149148737
-106763332
1741094760
-1877920583
-1820115708
166140556
-1037587909
1147027405
-987686340
-1532888019
1776679473
-561820470
425336924
-67768725
103939155
-376289957
-113273737
-470282253
-1324794602
-1909523437
-12709919
-1561926362
-2113835368
-85389478
-130393578
-328862160
690007849
459048865
445086937
663534169
-199937012
956409052
803698336
497575066
1156996221
36146993
-956682449
1970627955
1003843830
320659181
-258698622
361674235
738497197
-431738953
-1061947921
773734456
1063165793
-519949561
1331702668
1320876208
1027804502
-1604979240
2115037133
1997962560
-458947682
935546267
1750162801
2028293419
1220358809
-2092785553
1554461599
-1802899851
-1964887874
677936271
594557516
-641952654
-1979490406
1328198411
1992065247
921574297
1568578840
1322248635
107000598
247361181
-574012157
-1829644176
-2133401558
-1077172034
233391817
1447667051
-1975381967
2040564059
-448572543
-1333717742
-1588900925
-2032268084
-32544721
12222688
-472581664
2049261166
-904579002
1395444125
-840189936
1443076094
-1452917651
-867190577
707399884
1500873258
501442950
-353860241
-566840292
-407385499
649647083
185429984
1314592385
1952063994
-522599686
-1439520484
715823636
823261796
-248776493
-1631454928
1695589870
-1024568613
314126944
-1746806550
1142837194
-1518187726
-1020648555
-1826098481
1490451433
1436913632
1379824632
-2126626990
138516277
1875309403
841580387
2134978627
981487529
-1061238612
-151789815
-66019451
447147759
-791424193
-427950410
-298552060
186727242
-1199644677
-1044364710
865155045
-1812397386
1923505042
-1096187961
255327998
156742732
1372355097
-1195061063
-295668601
-1958892565
-2109750310
-371457769
-1823284974
1106252820
1946622825
56368504
385053112
-146243050
-784363276
160818664
-285266540
1646243946
171153119
-1555289878
320753269
1220475744
349727632
-1231140159
754381006
-1881504774
1792527494
-1199735573
1655066353
122690839
-1793505616
1505716717
515242876
1527080659
1059043324
-1798743722
1342557971
-1358840787
1153750573
620433405
-25526961
-1333340437
-349843727
1169223820
-104069899
78990778
1194415410
506011714
-2050068630
376983704
444116908
1645196275
-1639804058
457590646
1592433855
-1741543084
316919528
1593456408
-1657266298
-635785099
-566039447
1290014784
-1659860441
743967117
-1236424876
1835814154
862148972
1077869309
-1620737100
2122940569
-290736750
1094624143
-371200721
-1609777933
1026731105
-2119095042
1358221618
498332457
-764249988
1906746042
1086335085
-297815621
-2003408390
1304424683
-1706155134
1790698809
-1766308812
-1324593226
-1745817864
-771653843
-1657461536
2067504832
-459652491
-864999624
-58636194
-526617360
769797932
-1589290374
-108839087
-1820006280
-989339245
467442999
32794994
-1557048556
-1898952103
306356919
-1395799648
1259640468
133292695
290033516
-475691206
-1555454568
1929117509
1139980634
-1689079631
395203738
10184687
1039698611
426906456
707508018
-2096814937
-901682495
-2101330818
1135644052
-865355971
1209913608
820639678
-609843620
1978807213
-340662613
-2034901356
-642557811
1809050584
1896700430
-327234253
-1507657257
598647415
1954171068
-1507831658
2095609112
-297240244
-944348277
-67935787
2063017252
-167113063
1096265982
-74775879
-743548983
1912110549
-875523606
-138047598
791518477
-1719519331
-358814629
331405895
1929922233
1663886568
-1336106825
109863597
-114107366
-295581313
-969036508
-145342436
1433241094
981031339
-564485337
-1199271872
1545254685
33421103
-841460851
-1124696276
-962489264
-198637192
-757607283
851786932
-177217113
1193075986
-738179538
-1685163269
1453815614
-1634650530
-172623642
-1193864630
-1900051824
1540285314
-632628605
2091812387
-702408713
-1473013344
-1865527986
10987413
139647091
1782872393
1205914989
12452050
-1766608982
165320244
-1588459383
-2112670210
784920111
-1721024982
915819440
-1076254903
707675142
68762436
-678794373
545169471
1367498599
291210585
181111411
1400350814
-1549323326
-354871631
-1151704656
574343400
2081500419
-824125443
278392771
1579867131
-306195690
1692391307
-1776045611
1722955998
-1994481235
-525910091
-419312881
1478447517
565516352
-1737047910
1961999932
830870999
-512145835
-1344839408
407149997
1613377237
-351774719
-107091240
1342952797
-1372100385
-1640175954
-1523882477
1550316372
-1299784246
-338488803
-780838923
659624527
-2064403243
-247028306
-758728520
-1448555872
-1348760650
-971518497
566613202
-1392521901
1989401838
728179218
1247448425
1685556626
-1906378907
-425589102
986950662
-355820470
-83862734
1946462935
1851866505
-1223910899
-281440327
1850157065
887433308
660398906
1249232634
1243579330
-595955221
1456822874
-2055478744
-1634034920
-2111379629
884012237
258190201
854211034
-2043536039
-1002705499
-154904260
-10034664
-120063075
970572497
1004514863
-1905784856
750536462
1602969725
-521254126
176014695
149413792
-48095559
585565559
1724074750
-1150311108
-2081262248
-1335601188
-1951297562
1265645560
-1381791206
48774907
860751597
-334952568
937884941
-1846536097
185162617
1035232755
766940975
-1538304454
-195134771
922849673
-395591848
1415650421
-2021495413
-997135853
-371271338
-1945232631
-1048984199
1367459148
318436185
2141534605
-2131713145
142907024
1511286161
-2024085489
-545351152
1639669203
-1206433771
1076635942
-808456352
1438486996
1703731974
52406599
-1195244426
-1582040687
-289047308
112228183
303621130
-288085763
57027455
-1227672958
-1655685680
1607111919
-143619519
-440417974
-2073406978
740127326
-1663796245
-1481185822
96702732
729928907
-1157998163
-946060355
-149294150
-725630978
-407489317
1857202785
795037527
-2074533644
-1191506227
-1873692288
788408895
1509089815
716122886
-129420728
1283249316
-1883337041
108060567
555190777
1778567569
-2146027112
506300357
-1419865672
807967788
845388597
610434281
-77969501
-270863045
210148004
-403031657
13313316
1357735144
1753134642
607521538
-217678198
-1889399608
1113456401
20378783
452249557
972252697
-540828600
-977360377
-118566192
-1451382709
1401358570
820757281
-639083931
112825281
-1524858486
-113078656
-2023264468
-225270568
1859015917
663102985
1034787140
1367274279
795741185
1979427288
-1536113818
1675575560
-1092903666
-1309948573
-1513143497
282197847
804265515
-472587552
-1106537764
-296990343
-2126730510
-318590748
-1571713069
1022893472
1474654583
1835392588
-560966911
1619481932
1475091061
1557213280
-1752107514
-1172364780
-1296301878
1836013364
-668739112
-1703406938
452848677
1284973649
1807958671
-259333109
1256211197
1364854677
262364285
-1738366161
-1151604796
1736635991
-770376063
-1338973536
-1899154084
-1199955762
-2136883812
407439510
985386697
199498162
-1935858236
2037643570
1394816552
1310282787
1833970680
-1671585526
1480154848
1962744778
731983252
150086629
1573891862
-628528322
-294907674
1436070850
1413358694
2044150952
1709398784
278287391
495947727
-1916702551
1082937039
297995639
429989102
1236911994
586508652
1549817099
-1873373074
-1807259563
1030213554
-1601721115
757606846
1093042963
-1245085425
1033158681
1650816005
-1654089707
-386964577
1130266446
-2796974
-1401007512
-1829012106
-79232644
-15162600
402808868
1532292925
-1537069834
-1549150504
263122196
59540479
862940331
-1548077537
-1856134245
-1705383355
-2140998232
1841894067
1418483669
-234165665
-1946197792
-2082449399
-807485188
629091844
-1463247569
-1004196103
330818828
-178229987
-811237988
-1239242572
-108258646
300946397
1108699102
807380213
104252737
700495380
-1774983391
-282040458
1420636014
-1807555643
740042505
-758673243
-1877334115
1030894325
-455435530
143748503
-150715660
-1083665723
1362843018
-2103454916
1054534255
1416313795
-962079641
-274990892
107255371
291885436
841958461
773260706
139123624
184387925
-1174372093
-529971746
61288553
531589786
1682790019
-1726268689
289245534
-318112809
-201145060
-1076692263
-146786651
1447293286
-533049661
796103411
-984964531
745976137
-419131318
-20749858
1022809403
1172095033
-278025500
1892261042
323741265
1054960639
765477352
-1335725191
444708812
1859143425
1058279637
1854703840
-1267161363
1338525983
-134128234
1676259627
1124733403
-813717057
522373894
-283628439
2118178759
564315942
1566789557
-500641815
-405325999
-1100370167
1018057964
214553324
-515264727
228924515
2146714094
637874843
-56310535
-1052967287
919992192
-1829969606
-500312446
1328012667
1166933932
-964807522
-463120123
595832700
1171682753
-307673124
182659811
-1393691677
-2080970083
-1879030717
-780936313
146941747
-870987475
1029555595
233311619
-540875671
-476250315
974179661
-1032497415
-1759295595
289009228
17824182
379208764
-886348372
1744628010
-40045705
728588470
-1593053797
-1751334618
-690206977
207186443
-1172158817
-2128140295
1333075180
147263870
-449855533
1957620167
76514750
1616310163
1461429514
-971685024
700402893
1347718646
-1778299681
-719595326
-707492228
1479912347
63468553
-71233566
510283183
1921457957
1519876595
1572918187
1621058682
702217099
-1974185333
-651164858
-471094246
-463348999
1684160858
1791562140
-339695576
-1491897357
-552095276
216307992
751993099
2028526784
-2042052368
1182853041
113916334
-1444077307
-822588421
1684522791
1643711602
-1492185681
1930074281
1370621324
1571824486
-320252138
66185837
-1696824827
1180639157
-1218151073
1778293002
-1080376879
1976509535
2087195425
-1098810264
1070551434
-1560848340
990333514
-1568095829
-137202005
-851242276
2028923716
-1278591
1538520402
-672061022
463018579
-1209954373
-391319994
1219956435
1949142848
-1499550689
-205317830
-1739999014
171647803
805870715
-1796284590
1998161007
1289869565
722997245
1395268071
598574600
299025197
-100889662
-270173817
-170000753
268266756
1092964524
197056831
167044948
-1759991501
1754417783
-1422720485
733399364
263121667
-1638114290
-190209299
-490384549
523537854
-1064985317
-236814259
-1561303977
321957453
-1944625956
162996449
1797356461
-874022110
-375587267
747928030
-2015836736
1014963799
-1201143518
-230400050
703739728
-1702451689
872074499
-757678189
853306416
56135484
-289599298
586605483
332545339
424203833
1811270567
-33994315
826491272
1864938042
-30125084
28494899
-1515802916
1957191305
-1475154440
-370006896
-222868128
-1950247373
416467356
796985701
-1798409581
1960551915
1442478037
-786273033
486487937
-284936147
1679633986
542613508
-2098045387
1101414310
209873846
-1743889218
-1969841557
131769298
1221251590
1962278423
448803210
-1996188697
-1842853597
-1906677953
604906960
-651844623
1284292458
524771178
-1709547314
-210495426
1486101306
580871638
392007959
-1249901829
-433901113
905789964
361148212
-1495656418
1727977261
-957885339
1804688858
-1963369593
-918856760
-2141984049
-1343907490
-146076319
1318456002
1810374097
-1837208984
1344960718
-1664123412
791869900
-1732472858
1261734083
1295440593
-381421438
1701139524
776292143
-335327992
-316928292
-493026855
-1498699166
874140106
1634915047
-324031836
369251500
1723246787
1788444191
712128311
1206004293
21823020
806703088
1848701170
-2020744852
877175321
-786492295
-1749025932
1023668433
1544282383
969790354
-2137689777
2010546231
809816537
311356432
-182708230
-503365803
1298181275
-2064769209
1307107083
1742685949
1710554919
-539733808
2137824933
-1023842176
-1617472881
-628359541
-1033975506
-185102513
85005818
759608551
-1850407867
1987188965
1214702267
-808516768
533126387
1660569316
1460104607
-1882802871
-2105799904
-1604898946
585611654
-7777589
1364654151
-470364138
-241737932
1774661165
-552305299
1972053542
129039976
1819115860
1723141198
-1427803549
-2135413714
-743153779
-1336756263
-979367394
45576817
-59539574
-798306337
692673260
117847252
1735074218
-1686567930
-959904631
-3699007
-1103194499
1395474947
836906233
1630568129
-1699599993
-2124102904
-1639681297
-944442610
831943746
715259002
483336818
773884774
552033641
-1253677082
-440365122
-1852234719
474302579
2139903541
1942338664
-86606203
-531416739
57557535
1014803140
-1128555943
-1930628948
680285661
524157834
-1238133577
1674855346
-2013784030
1227420087
-2130894810
-1918552817
-1478921141
-2018092880
-30610969
1439994234
-1000369708
1875298477
-2065661809
-1334504255
2074291982
-1603218092
-853504043
2109430542
2051502862
-452218204
1368032685
267985515
570518248
1531722772
1799812245
-313745273
-1862425059
-1224160773
-1907144915
-1765216070
-1533106607
-1751484110
1299880205
-2018976186
-1299835327
-652687113
-960313134
1617792735
461765619
941011732
-1211099270
-807480980
1547065902
1062642239
1058203889
-822405873
1505686828
-1369642300
-1883735573
-113161118
-701747571
-1675712159
76586740
-2137046780
-509530993
-192598928
-962076475
-2014110893
-467091332
1616661323
-126449192
-1464393094
1376370787
-1614524437
729446717
1817901229
161138698
900093650
219860654
1883101107
-1193503454
1899252011
1041351649
1752273316
-371100996
1198249262
1317685021
-374973964
-1703188484
-1943664439
-706467056
-1172596049
-1525539317
1454600828
-1729429538
-730703355
152875346
1134488708
158919037
2046948361
281731556
-1037076933
272631615
-451400523
-634628293
1122222014
-905297744
-627450319
1406921510
1655196624
-2039968863
-2046179500
-484429822
-1355592707
331874180
2001682026
-1160665561
1509923586
-42710534
250530872
711611557
-1022199445
1752455338
805499708
-1834370768
-1186074498
1571245140
1063495480
611533656
1305214807
-2024470235
-1588643599
1983696636
819787348
1204222028
1657780788
1741017600
1946526898
-88944947
641998361
-1037618883
-754959240
-1517654636
-484140661
-1093209927
143462547
543239884
1955465223
-767937769
1359909186
994587761
949508259
554908753
-692180300
-938963933
1345865553
1119906723
-136722
121322557
346875492
-400793398
1109724146
1596755494
-2005025709
-1356939154
1617156893
-1409734170
1595308477
-1990177829
-1321369904
-399976708
1801030573
1318862839
-606297774
2096363118
458427934
930361200
1399984117
-1499592160
566878913
1599786036
-400901770
86039913
-1778061315
299717670
-188961111
-2130107677
-218706890
-2033543922
-970913451
153000834
1231182161
-181290032
-1148527268
-1803609369
1085215864
774005472
-1570138081
393542902
-1068753382
-1866820619
-540577248
1556537509
736968245
1755754748
-251996440
-1295533033
1608345815
570587215
-1540626646
541826536
878085857
550082598
2125297959
51818442
1736869646
435782989
490421076
77680208
-773457101
544049431
-685449925
-999994871
-1476082233
-90621294
-1685560674
1301652945
-63595610
131389179
1295779041
-631019934
1774804497
-281924236
-517323095
-838383823
-820539143
1846022643
703143359
-1980667785
-1147047556
-53638275
-1535158470
2130528909
7434415
884814228
1138334173
-627463556
-357493090
726428910
1151511229
-2034691116
-1484025456
-1861644441
-2008491993
190397372
890467727
-1288767689
-30101824
-1229162166
-364482522
1768468839
-875340564
1464987413
-525208468
254627712
1633249395
-1392625145
-2132270271
1893852294
-1874290078
-2143307401
-1071352873
-871604956
1141785903
1371980918
-1519132556
-698964184
1253919007
-1244962712
-676553867
341335088
-298222868
1626295510
-272789355
1984160677
459296929
2048161923
1151219311
1089421289
-954926903
175977404
-743738303
1015020235
-690733112
353154036
-1043947534
713352515
1574365064
2077473935
-212346795
-893411749
-1223731881
25067774
598032303
-1819601558
1102690830
1341527051
990173814
-2014610552
134486134
2144925813
-276359589
-987277251
-1077555736
2056496831
-921420406
-208620165
-1433108173
605756484
-1059628496
1696634574
1191091137
1054394255
-126529987
2012622801
1452388604
-981965335
-2009652374
-1645310493
-438994963
675128882
-2143627395
-56579813
449461030
-1349475084
-802281268
-313192328
235135714
-926050891
2135631615
709862749
-1201078934
1448422796
461802520
1362434619
-1909495367
899719926
2002526648
-1463998321
489064546
385177321
564508314
360559119
2063144625
-679380183
-1364367260
-1649786593
1846482961
-1049867813
628376990
963026057
-1822789203
721003095
741510146
1543660141
-891347880
-1081467070
-475592971
1029627510
-2039344975
2017327578
-2044767659
-2128638130
808997250
-1349366125
-1652882059
777588563
1663154280
1622513379
117967461
-1250339702
-1523488583
835284058
-1791580810
-295732268
1679821985
1561651444
1107816700
-448228514
788676750
2039232690
-368979627
228202590
1029689549
-330878874
178234666
216669179
-607212171
-339083826
552023540
36717452
166639747
1084245221
-381834046
-1542842363
-1814965690
-1241760140
-787443912
816863405
-72497155
-1374639122
-1851586342
1239565588
1181485246
-772426627
-644873078
31920708
-125483880
-111804584
-1802118577
-1810563274
1993693692
1545772887
1061721431
911260807
1660302680
-312368184
-2104224194
-923853973
578193156
2064933507
1372034448
-1030866975
1714123617
1232064315
-109557108
-585461208
2032836927
1483895831
-31376853
-1014510735
1072450175
797499264
-1555926432
1141635541
-437570823
-727016644
1193424288
-2077767799
756197791
-1201209157
7789220
28627279
1957230562
-1342538063
-1301781396
567736367
-815340716
922362852
-188410233
-213607834
-1202510450
-592673978
439650705
405071775
503512659
50611526
1894319101
1946338400
-229686283
-1885210014
-1140385004
-549064506
866096631
1468531456
1089986621
1519085173
1659082227
1837408382
-1940251010
-732880439
-1737733442
-284982393
-91526078
-906442159
1482035657
-465998936
-804645540
-714609028
-145374519
-1934513118
1115496780
2042873492
-926815846
1500424705
-1136657985
1462874860
-1998898592
-1890867347
639858012
-429594283
15049711
1482649663
1710115517
1012205014
-539646868
-16466985
272838587
1409315483
946586676
1378244652
-1707923218
1658379053
785537788
1169846820
-165229197
-1415110941
-1435499720
-717648091
1362199279
-1365805416
-1897701439
-443347989
-1248987692
49660317
658708401
1508521115
1295208931
1395469809
1258761361
260327960
1080491761
220049327
-223408458
-486471531
539420141
1124924359
-1249242137
-260275348
528777760
-878708240
675165251
-1160615379
1103708855
-190520867
-1761398431
-383251720
163643518
-1807386706
-851014728
-2040289777
420449262
565975977
-657528255
-1450383706
-918382743
-383934167
784062554
-1048865539
-610172477
-1066065706
-1490485779
1459017136
1825621252
-1366410731
654980561
2008582733
-294187669
949843906
-381147536
2012063527
-814859082
45992988
1853571241
-1207594391
48946592
-1019914240
-1742911242
1596973165
-727135317
1491267930
652725969
-787938994
-2083253473
-178709288
781727315
871084987
1414614354
-2109575457
1773680670
-563719922
108592424
-1292466238
680786813
-2102376804
-1802653731
-35250383
-1116393783
-1880272818
1533863425
687330031
1204601358
2010204272
1568082116
1062644935
-26531859
1561370824
-1951731853
-103902272
545341635
-2127111958
632666434
-1679680369
1948406794
-2009233974
-2038431925
2055761228
1101118463
450084498
-1815239978
892938345
-2085804155
1861157558
-2062173221
-1177054497
648975945
-163844796
-1811125308
-2022872663
-1391496411
-1533654656
816879734
230234741
61370569
-2095752016
-1890856046
932860825
1212157080
1068661043
1760752119
262348611
1706286031
459091672
-486926453
1606614516
-997783828
-1850626964
532101947
1113895983
-1789749427
-1145362796
-1759877313
-609304723
54164246
997545949
542325154
404858451
-1588305064
1029533201
1932486913
164534310
-988028817
831781068
-1068084846
-1307308162
-69115734
2081860942
-12464536
175467577
131593521
-860744815
1746199284
2130557106
-1656749789
-1330089827
-1300956978
-957542861
-1620363522
1938588187
-1718438475
-797750105
-1304917948
-1931223256
-1931760172
-248374893
1298983770
-980544916
-1667336634
-1704240569
-164095054
1389019498
-1635853348
-1134518960
377665580
1846179096
1060127261
-742709456
-74095687
949671858
-1983353202
1159435856
-1669411775
-243762230
693978162
1500205621
-828851258
-460488540
-473681068
-2139538958
-773154871
-683300928
477258115
-905034275
-1842744596
-1277841481
1894305245
255725701
1912607960
-1944254390
352843152
-1987937565
-280650656
-874105929
-1587888995
-2106531890
1179885542
968583503
-1340039457
13273780
1922822141
-1429582524
1541107020
1972462983
1773166672
-1700081209
1671764857
954536436
1039874753
143299922
450257251
1643897306
1709785301
-2122362302
315569515
583951097
-983048370
1624781736
-1690410334
910389738
1084258329
1685005151
1196801863
974522446
-1442584982
1769497953
-517159027
-1953678774
1229431077
-1084222378
-529817440
-1296951502
656940927
254432109
578078698
-902405757
-1059429403
-2017179281
1491333777
234508823
-263139044
1342257425
1000137028
-1370563949
1108716968
1054886537
-569562057
-973792477
-792725134
1869404771
-1343206549
1672675177
657291684
1750360468
1360355122
-1184876878
-671670569
-1922413873
-644186894
-523371670
138619248
1275283735
-183925720
639589842
1617604679
-1617493099
-620838992
1045366255
-736203384
-206558549
-71182525
1257939141
-938412578
673204808
381539648
-1990497083
-219497011
1173220733
1548567726
1020696963
1152291167
-876026032
1880861568
-184062293
1492869634
-113650480
1571677467
382758453
-670921040
360655977
1505173782
1595925975
1842874960
-614764935
150506048
1877451707
171181148
1262308130
-993666586
-745618830
840169411
-1838952095
1177115477
-333463513
-1155316721
892205919
1464214429
417617175
481408202
-1914295289
-1086357096
-767312576
226532126
491745752
-338105814
1473210712
-1089118789
1480827643
-982391607
-894088448
684368637
453944984
1110817855
-1634848711
1556576588
-651919516
1552873390
1324474902
1368793542
-208344194
-211099692
1487010483
1250582811
1668853115
1088001168
-591944091
-1581155655
1958859455
828077733
-766524366
377764392
-1701213426
871688636
-1292625533
2088087222
906716514
-1792167249
-2034791144
830438742
1399260670
498169348
-1176068805
-1273566012
398371266
1151015607
1183614264
260313069
-1753609535
-1781721797
992003595
981906062
-1369802224
39116483
1018693211
2085284891
-641318176
1006116029
961445287
509181153
83798735
1374567582
1970364094
776886638
1027941242
-609122332
-1963985548
-1981675472
-953581226
-1275136936
-745247854
2037953883
-2021372992
-1177799532
1450141966
1932796176
-281183662
594529476
1329660795
1622395835
-97438857
-1850789968
826060994
-1367276356
-1937153983
1763911673
-267570926
735756105
-671340167
-1197272670
-287792107
510611858
281850359
-1888770094
877935971
365986341
-898850252
-1782682921
536497211
-800028781
-630040291
-1157438866
2121042544
-1665343916
-1216293335
490946625
1563944608
-329901849
1576775853
-210622800
-1345438292
2092043837
-684543890
1182767059
-1143097501
-2077750697
1716902775
-249605953
1366604416
1664935213
37489965
-2088561399
920431574
1954489297
1628662432
-613437817
-2012943159
-123631660
1152665635
440116573
1761266944
-1062948632
-1866181602
-38603721
-1719508136
-238635834
-1201595614
-557105965
-1330675173
150589778
1290156349
-574078782
-107136399
2081529084
-1948988273
925409902
-1185570026
-1549976
740752669
-877710754
-1461529012
2058636368
-457986588
-2141369160
1889360659
182403753
317958961
-176747769
844852632
-1154440700
-54859217
-437105090
-1570252054
-1891849161
-1517441599
1195238653
-1168219149
2098321724
1919067281
2086556178
-797516891
-985175208
-1977592727
-483264703
1621587059
1730060671
1194682049
-142170040
1587147010
1301949430
1016113816
-909710819
-1359565792
1250281274
1865867143
-1499110791
-683430924
799154464
-217997806
1586576281
-322620297
-490247107
636744001
1999011907
-542077662
1511212423
927364463
-763775994
-136778263
391958588
1997934689
-1605489722
1846134631
947137538
1723700889
540732023
-1329538471
576760143
-1986792980
1102710312
-147991984
1931698186
1062051154
878369091
562321314
1706691698
1171884540
-1357937646
-1794585439
2037929534
-42024532
236094085
1141844495
-1500781050
-528393664
1533631026
-1717129520
132246753
1424658062
584426652
-1255909663
-588578226
-1401352073
1465252279
-1637266039
1982102615
-1183061962
309100203
-1344155955
-1004755469
1487631609
477699288
-502518744
1008301996
87646898
-976116454
1696524411
-572541311
1720297774
-232627379
-1285546174
-980247284
-2087458715
1732634131
556772104
-1451068697
940422676
-1905590572
-1175929060
1614984780
-797724535
1045184006
-1177098107
1707523067
-1928303939
-1213435986
684042802
-926029472
-964852313
1585437733
1836132469
-757666572
-1458795826
-1839050465
1267832754
-1637639965
-313893856
1148597993
-1281203629
265110510
-1549185790
-137808399
1747007998
-830221166
1972058280
-266391413
2131789834
-577774999
-1750718043
-1446210319
-1555304146
-590194223
-699177275
-933934196
385147003
1191390667
2097281306
2031469937
1915243916
-988208092
-1945960620
-1752174803
-24235525
-321570855
2088198742
2051935173
610689558
400330167
1317781253
1038728183
1472052433
-110946494
1940429154
937801158
1068623615
-601686057
1376398554
1223487541
-849803844
259737620
848588252
1710376786
-1220137938
-1286458505
-907210580
2111298677
1492807788
1560177733
-1272010378
-34228535
-2044863555
-1237057108
-198887002
-2025101301
660253189
1486922795
892714614
-794773102
-714568581
-2064333775
1729598664
1670751630
1971119007
-1739753724
-1784691147
-1948114796
-1540348821
208487908
978031461
-452298919
-2143822648
-1678750865
-499593312
-338344771
-665318589
-1731574969
-418389595
-1843641333
-2031763968
1587769329
1028423098
1298236287
-1134547730
-477922560
1804561668
1999026952
1900331835
-24661134
-1636501992
563923790
815123466
-262910375
1343273681
136161525
-539838877
-775516739
183050083
-784123869
1100751979
-1251479104
-1420194128
76667967
1294809556
-847194109
-119263270
2010497020
1769397654
-1112855224
678486297
1824397717
1849746142
967578969
-1979675699
2117201753
2072005959
778415399
1564026326
-91348886
777069639
1260407605
698348579
-2068531775
519408107
-612572618
1989993097
1037156212
2065893574
1666738677
-440728363
1027228219
-956150490
1610773108
1548195108
1863186736
-1797997175
1671906648
-1984822415
-846401579
1249289807
-2098185853
-215684498
1218328667
-1137972048
-1209852670
469302680
320160289
-1735361297
-1976313558
320881797
-1172859782
-379263025
2060039421
-524732544
-1461915213
-1954356410
-2140415535
434016599
371205715
-1395875216
1553923635
1824647794
-516487004
-2069546810
-604480760
-1049857753
1865182322
2041543823
-1027059979
-1520282803
-56684782
1366563990
1749111808
119188750
869580709
1667685660
-312071305
-1022947071
-945731682
-741462000
-866884592
2080570744
-1078667391
-1013998467
-835805615
-1917529323
1910373356
186034499
-1942211791
1307517091
-2113446182
1471364873
-1576394497
330979362
-528885466
1730655601
-323788157
-1264828125
-1888511922
602800014
1295324258
204717142
-158507910
-1052857454
-1290466106
882158689
-257748292
-816076341
-270022338
-264693774
1315262359
-229896496
1437390562
1444534551
-1008374331
1045775607
667359418
-1764594228
-1499048652
-1051631351
-758607777
64536021
1401433682
-439775688
-123761437
-922031666
-693795446
-810105519
254632942
-1033734272
-1746885875
-1304804563
1697454376
-725782667
1971854037
1019376237
1322424286
1453539278
929421542
1680358501
1458660063
-1644922797
2147233238
-191105704
352575143
1053930443
-68640881
-218605594
-1839556161
267862669
815563348
42288065
2068658019
-1768920490
-535323135
-560254041
448585828
408833885
-279878762
-919363956
-657301936
-1673799004
1287747317
1468119061
-1746910001
-2016857711
-1270837014
-1217248179
1710476623
312382141
-645464724
-878153070
86329571
1292872714
2065578530
-361172016
1650674792
663076346
-386959064
-1228685327
813824745
-2130173890
1810959378
849362580
638194244
1559231373
-1005520080
-1965635844
1440325133
-1573040969
781929747
442346314
1868723377
802194681
1849606736
633291502
1903223518
825056146
1991969155
-491673509
874981666
-593451882
1164947350
-1887429126
-1165971502
-1762901759
900943939
-479113632
863638829
-1355187185
-1471231273
-1403724862
355039680
-515675703
149978935
1628828328
-1964724469
-1062200605
1193793320
618124256
826879076
1755888069
1790549962
-1258518091
-1714164197
-483531545
2032269157
96812128
2046141150
-442049951
-467610777
-1740711489
-1854813345
-1057011518
-344300883
-2145057724
-274878413
-728704737
-18558975
2089844015
687755773
-514668945
1152461027
-1041924609
-2062370869
1201346070
-27956084
566867237
285884351
1516389823
-505805009
372300283
-1644374543
1890812526
1988967809
34212851
-365611628
1979759828
-1467790213
1543991571
-612657066
1035153125
-1315815074
-1046689888
-1236174835
1925588647
65326583
1760091929
2046117519
1522739789
1915723044
-1962333081
-183549984
-648820348
-2008487018
479587665
559331986
-804343797
211445976
586714933
-544105879
-1838494327
1675732111
-1036694284
793102653
958178970
-46953470
-1965279186
-2138121692
131015466
-1199850532
-630906449
822622927
1164602886
502835760
1014830376
-1193371852
523286960
901901502
-1862050783
2032227181
-886964622
1534467956
1675574318
-1701363745
-879426123
-805163209
-256449440
2062019487
906319506
1380715746
2309630
-417515248
1190844329
1000803470
1568904309
-594077488
-2048312783
-1902611180
2135902348
-423260460
-1020100015
-371784753
-17628453
-23370287
1633239213
1054369958
1009391997
1122907357
-2044440254
-1628701111
-1986257660
220109654
-96521354
202523321
1083293869
95278850
-218149014
1605686286
1192464852
-1894508425
-1549288301
1901786484
-772263255
1685928381
-150315640
1588781174
1385106468
-867714255
16672028
1560831614
-1729123530
-2055460181
-1374578513
-960125284
-1077592768
1378965731
-1470438463
505600902
-1477386296
20185360
-676720441
-1124694561
-925583511
1435420369
-356926655
-1595443524
1086652939
2096737873
-473575668
-1219068317
792434772
-1392086363
909781236
-982662315
-79850914
1548836471
-229495667
1394607502
-1289092182
-1487631639
800809794
734155274
-618397101
838183091
517634222
680454795
-474387066
230995854
846407722
688416153
-158652623
1264865236
-697765978
-1222620470
-1848462086
972710503
1566022588
-1183535293
-1997767566
1813156562
-1021312766
1764529790
-556986742
1145671599
-1216973153
724769612
-1296353723
-1884615353
239461920
-636639971
923778735
-165525889
1033077900
-292967041
-1336466419
1425483761
1455196341
-29173276
-2009029547
1515227481
-592940335
1875537319
109667040
-2057955022
-1088439992
-1991944111
-1446407331
2064834208
1981804238
535192599
-34283512
115570064
-469518924
-251770713
1035894556
474573085
199627899
-659315165
-903566458
1773097013
1611530154
-1156502419
1198421210
104829052
464006369
-1707576667
-467527030
715778927
-1058897107
1416381167
1411999316
-1009632820
31308956
915234425
1941748220
-1188759247
1964969236
-1882128964
1510261819
-1930129405
-160112032
-500657919
502141175
1175219089
1222578571
205948198
1604905139
1960139896
-700709519
-962326367
839070536
1715000648
2072101522
816336069
-1754181163
-651759769
1969411113
-1504633020
-92920845
-1686283723
1454143100
499300340
-680940499
2118883441
-1465085322
1462413013
-375322706
-363647014
1942183538
-189804974
1056025916
-1167544551
-1943160743
1543026119
1974806373
-1136349731
-1974301458
325451843
1779547639
-1885197496
-810622872
716639118
-1163935052
1903816329
-1222554560
1974139757
-909478586
-1677668919
-99678644
-1081035484
1673966192
772341579
-1461074675
1021087547
-1746345338
1405409486
-1505815228
-201148027
-221848801
-1578393291
82769098
2101453149
1680451592
287791209
-1246706015
-1309157837
866021243
-994272898
-1561660347
-741002682
1739908495
583793428
1431490632
-2098246734
-1846738190
-1063349761
-183529955
-205688403
-1556286762
677739050
2071225139
729856525
238251049
-1846638152
236135749
1323361037
1263135240
-1152478613
908720624
-70316721
-985827467
866374985
1015278469
961253925
763101766
-1759933316
-1156745440
1035762187
1461676384
-1971343495
534472697
1800820600
-1999717851
878204260
-1435266055
-1309570603
-26128086
-1553049165
1896631696
-1832768307
1244058157
236922641
1634770629
1560885191
-743298235
1136381060
1971626382
-1220963920
-1112205477
-1727807279
-2025420447
-25944835
-1946364968
1006499870
954085898
-1830158352
-1929904737
1218129881
1008093119
1793371417
-42415810
1758893273
917986417
-1540919265
1348864607
-558356542
1877900900
-1403616576
-684671356
-823229524
325985281
-1454641643
319491827
-1511265530
-225345302
973257754
1161362926
-909328712
1605867599
1816477037
-442354905
655082376
-1114857345
-757897386
-1387291790
-680863298
676170690
1065520647
100061116
1606224649
-746927515
-2060976348
1264613179
615060131
1076664853
1379156100
781588710
2118763444
-796101008
922548025
949424167
-1593576973
-920879399
235911885
1511758031
-1388330861
-240196213
-1849141042
1390945866
170752860
2071772144
84495501
-1532855789
-2019795433
-387141581
-1919062238
-1908593303
309063214
-1819308013
-1850334286
-47865277
1686555284
1323410682
-144079884
1940623232
2128614882
398277965
826822896
131636322
-941957438
-497289467
911977481
-161366211
-585815408
1619631998
-900277186
-373075093
-351893955
277134479
1154065324
1362369154
964444535
1748374234
-2015106730
-1255498552
2147203078
1898560868
1227078440
1391697126
313871737
1833544295
-1403851719
-712011044
-2043085055
-66940569
2076824400
1526227509
-1614303332
-528894334
-1002377815
693092219
1210749557
-1123348724
248736249
1250556140
1638684554
1806474075
-311369810
1848645229
1566965391
-1219687970
-1659062662
-619739970
-489982958
487651188
2050884114
1163706350
-595436321
1991467258
1042994738
473018641
2035266469
1719867942
373708517
1520939825
-1114694440
-1967104621
-1128724222
1482191746
-613346087
-1363490277
-1254152455
705700056
-865379244
-985570964
-1778319921
1093574237
1461274346
-1493476395
19240550
1977396606
1887424527
-1587944095
1477455618
286606117
-2004641228
1967134758
-1321383672
-1093501907
-40027097
-1468020770
-1380167929
1102112018
2109374650
136245942
797906684
-145553176
939621539
71494502
-418855727
-1829078130
1326751394
-1763995519
920244519
963302179
868556264
-1392892659
353318997
1635665079
1460890295
1701092950
-1624828497
2132465733
-1103919803
-827360513
-524472566
-1246599199
1581604582
1630893913
1668691071
996597293
231713129
249934583
469284975
160393233
1108195521
290855809
120529864
972197290
-1945675033
1460744392
-1392629115
2094294658
-680277505
-1594657253
-430996357
1513577730
701963449
-1461836584
-603394479
329332004
224123130
-2125859771
-1484540209
-1835185556
-689926982
1251871392
999906396
-1504691944
-1681157841
1021078388
-73531711
654337686
1622498347
1266054957
1542039859
1555701045
-535034942
-1691267090
303937679
627912479
911792175
-131385438
979624422
-364030841
-532989961
563100497
-1363632836
186497310
1245315662
1520287668
-433391475
1134783690
-782283846
1383711498
-1743251696
-352212071
-1826080522
1197205548
587784382
830353651
-389209064
-892100897
742172181
-1906636273
2063888373
-841482903
-330056679
-128541784
-1349210684
-2130501786
1127830683
-818295057
-533661439
421797339
-1717823811
1189583299
-1939559021
-143657845
758725556
-606054882
755096624
-263526263
255210447
-1050764078
-1193795328
690570254
-2063525959
693802870
1857011840
245332876
-722441734
-904135270
1642016425
1420234755
-1000411965
-1697500863
1133470800
2107556498
629706730
-1674760560
1160095439
-1914573488
70892338
-899071294
-292575771
-214166180
162691280
1726660190
-1214704678
775621170
372458538
1873155756
-599778330
-122476992
1505853665
-580638108
-1552917805
-840006472
839769617
-1766220375
1809989089
1194934439
289876439
-1752989387
-1235817495
1879707974
-985114349
-1154828076
-582542140
1495783312
-1204238482
-1240279786
-1432517907
-282988268
-1885211746
-542092225
-629429404
-1485151220
-982631448
1980595842
1351776213
-2042742611
460873446
1816416622
847615737
1824101312
-963918710
-1025036632
-1083990212
-2034604431
-852372638
-222740006
11710368
263047014
-911682019
1655886315
-550782240
-384743149
958739789
-111349392
-1438850856
-1988959924
-45741714
173228641
1343060515
1808741915
733104422
-1838038769
-767247866
868705235
-1151068210
-2095068587
-1937896820
1629786212
-746850256
-695676658
-1570470159
1840308209
1020127122
245790406
119617603
550674079
-906582797
1325857715
-1939998650
1842328496
31959188
1618360805
-287760744
1366077903
1253871545
-44130372
-140223467
1794906284
-1768619856
-652550757
904620156
-517497909
-967161070
-221758758
600139346
-49904999
-1224193976
682935809
1935548678
-1817086528
562380880
1535366194
-420312747
951406011
59561665
584483813
938349551
2144057004
1575896076
2012034779
-701702566
-1822835347
1637768964
1485977420
2051063318
-1264477724
505559711
1022164066
-757752318
194398875
-522232835
14729706
-801911298
-2079009393
1915407530
1016096584
-274388784
1848656455
2059439391
-758330964
1164719179
-1669684952
-1629410418
114429314
491429805
-821644281
1273725663
-1207203026
-1048132535
830671872
505734645
1776112377
355863653
2005446789
-155043019
-1444053946
445408357
-247159879
-362230713
-665406456
-2024859096
-1656432642
-1232744930
-1647264137
579587761
1738959564
1145562422
-1015881727
-1516610038
745289924
1257646620
561996158
964354404
-1079894268
-2062257613
-437869656
-955306109
-748520004
1283252404
723744202
784432984
-2028417023
1033044982
1408869302
18878703
1169517793
-1456143633
-1413812485
-2012217205
926139830
-732717318
-1538922665
1169664014
1578481087
56757722
-1506453910
-1788661090
-930367764
324726782
-1410452820
-911456635
1613434872
1780999942
-391819871
341305689
-2020585539
-1727164283
408236362
904659548
475900355
1838541064
137355486
-2026889435
-1293285351
-326149289
-1482723142
1810062975
552527464
-547946502
-341595755
-836000368
718293572
168349950
-527815945
1944093501
1962634437
-1449601544
65126635
68576717
-1651644074
-1752921014
-245309197
-2106259764
-1824487988
100405156
1283621436
422457649
716040122
-1755920691
-853818094
-535280190
2076101379
111122595
1382030741
700588471
1804242351
1497427296
-1259276884
-460567651
-1131141886
-744947682
-923731398
405637757
758697930
-1614592868
467830672
633817917
1135024632
929817922
-1432622814
-2079295419
-318110350
1800314210
957571196
1885579109
-1543672793
357725120
2070947702
-756563467
1444802403
-1589110444
-1393761882
500730685
987236452
745074765
149631254
-1603884777
-1816195540
-787415207
1415537206
-486731053
1240351896
453924131
-323591405
-1758197158
1233340593
-1383817187
-993560119
1066926997
-1386058175
-301203841
730230326
1693261327
1735058089
1839090318
-230548752
1308497112
1296673009
-1487509727
-2071553672
915392684
-579353824
725176416
830045615
-805255083
-874439474
276362447
1761203336
-324109491
1735854839
-2095244662
490002942
-55586138
986346769
-587279150
519805512
17802286
1190591327
768036295
-415960501
-1062267954
-756437369
-1721046921
1166713680
-375738574
-962384798
77987607
1126657527
-652009554
-1010944493
596689295
-884512662
-1632332193
-813624486
-340527045
1773863892
1870026385
810637098
1902161647
1821406484
-848428448
-1379477128
1672023100
-1457621843
-1569157727
1494481493
997775601
-119109119
673512194
1615233598
489716708
-1753983553
-1214560401
-1018842189
-1190302223
-222130280
981215159
1923572229
-1042847165
1124444984
-2058584977
-406904460
-84287790
-1740154764
533307414
1877468280
1269129516
-1422044481
95548281
-1808164257
-1676858505
108606434
2103397464
1877058327
-1332681291
1689665003
-414766518
-1284625331
1826832201
-203075482
743364061
533318582
1531059387
-1981383478
1595919873
-1582962005
2044550583
1927474742
277555109
-353904901
-422215845
19994716
1993393058
-1936356100
1242275506
1188585917
-1249280296
-1778610461
-678387846
-1335313130
-1908293482
-1633788587
2115599149
-1691490790
1791232831
-1257020099
-1766130625
1829582176
-806784215
-556894497
110061987
1440235422
-994041912
-524805587
-871569773
1473098775
-466207989
-1069919143
16485008
-760926638
-1720061179
1959441067
1265005992
-652611828
1193636304
1418309268
-338467593
-1884049298
-916983890
-261374206
834702191
-1546909310
1095451504
-154031371
1226879707
918688995
1745327386
-1011158703
2022304032
-97169740
-1412622649
219568630
-129286714
2050743762
585492426
1969357837
987911094
-250102707
1427146262
806192548
-2020488379
1882288915
349532639
-1893339011
610650224
-1823056658
304146304
-1577267165
2114197865
1889772720
-1851534433
-1376225987
91865426
-1738116437
1192060302
2127372838
655354695
-3343002
-715070476
1732504764
1431210402
-691310194
-155080788
2024630647
-1192024711
-128785109
-297180948
1919644605
2114364011
-1155020269
958073513
1172219765
-945489252
-58158174
-1440272326
-1430691878
733361917
-743668822
1279027515
495144849
-704108592
825086632
-901173324
188089852
2066522475
-286152903
1415738489
-1031014960
2138587451
1733529804
1131714003
-1155477276
-776339701
1686206871
1136303199
-1524937396
604245638
642794446
-646847946
-1627019354
1533203706
-593459694
1375635533
-1812236621
971437918
2045647655
-132686305
-1482120151
-1456225130
1411152106
-506060920
1358864070
1729331188
71107201
1173564660
1161959848
-1381543934
673958356
-1337843272
476376283
1306580350
-1783466949
251063487
-87758029
1632612005
-1381484937
-1332654231
-190725796
-2010289484
2038504422
1338435247
170471983
-1372147285
908987634
94511754
-652590010
-1534548909
-1219344182
-594620523
-1745537838
-593119102
1827292756
527636208
-675855445
422942109
-959762334
-662824856
1904127144
-1605913249
-1541312221
574849748
241459760
152620248
-1803026213
1968033473
-694264559
282542519
62483414
1657208657
316052880
1726164939
1131856794
-1133376161
1154480576
1305133766
-2008027301
-248684313
1681126679
2064377924
-927199309
-170328923
1190681917
1219534347
1772611986
-486457349
-1552492505
292249748
1535872114
442065687
-1169420444
908950986
-831019057
1243550037
1353073846
-1685499888
-1247919146
-1573730847
-837805084
1909368201
-1428041380
-1924739424
-1271026226
1693439890
1278264593
-364832432
1093613762
891442835
1176711669
621424365
1834877453
-1894404617
-55372023
1556480342
98385107
1590183032
725570634
-1776718032
-694023645
-357475169
596933338
-2065063414
-2134710715
-1435756149
934669440
-533681470
347084630
-326661136
-1227555246
911540262
241955094
651955042
311104176
2133312477
719520256
-335126573
-918102412
-58199672
1458666907
1806532442
-1792258713
-1981359069
-475760624
-1841306571
-827737610
399285681
1025165051
203538193
-1761842139
1900109080
-1286431867
-535459448
336171970
1743425097
-479319630
154975466
462434782
1593413795
-37031689
2057744703
587965817
-956608615
1458338319
-1858082676
451268476
997116305
1341431310
-44807595
840106475
-2130534129
-328160586
788206435
-98488742
-289924078
803469320
-387220025
1449592736
-953403970
1122878238
-1482332898
1385630410
-2010274246
527524407
1741253397
-389700782
936445147
704980499
707813423
-734994799
-1784518527
1314749569
-2029390651
1879794289
-693753279
1638869045
524744270
-411853978
433106500
1113367007
-1257005856
1893422494
448222958
1156576888
-580211465
850605430
1069221442
1822668510
1309831540
-1267678416
168743300
-153957213
-1059008025
1295842787
520342303
1037060129
-1087108848
-201021006
-1255340343
-1775928367
-1419657310
-1165832896
-1552073756
-901383972
1370918731
1500582499
-961435097
1370374386
-1145294352
-1097794025
-260823939
2052800859
-14884547
-251907148
1171809836
-204084405
568240732
-1135003805
1719080506
-1829798535
-937838077
-76192818
480976139
-1577037070
1341711540
-1784936682
-929288114
-1673245911
-402395328
185457417
1829484826
420290387
1839684492
-210023276
-595101613
-835438351
-421151337
-124303754
1106742610
-1514480210
-564470597
1979675446
1186185924
-1306475414
-59169486
168962647
-1264171566
1961256854
-529650213
-2011595575
1388325762
473016514
1856198206
381031585
795240540
-1663002253
-962871091
-51651572
-842785200
1992260921
-1774113428
266182529
307848407
1851021569
298154035
-1436278987
384560983
470000551
-44646286
427836372
-1603193397
813099983
-1119847435
-328242579
283116451
593987317
-1712063864
1210317741
-984510232
1769774529
1679236541
1532215887
-1397192285
-1727190625
-2124396308
762361043
-151607425
965457807
-2114794118
116926061
1568653741
-1888811975
-1889577122
-1748004032
809727751
463979843
-157278751
941980619
-511388041
-602590233
1705041060
1287652259
-1009145446
-1789973313
526309607
269109090
1963017631
-1710360349
-676497657
281845215
-1864563083
-87747531
1299194952
1569405086
-1345136603
-1120434950
1340250325
55170954
-175869317
1933678765
496285188
-1490385951
105655020
465639951
-95451939
793282159
-1248165709
-712878974
946673884
-1215296258
593348412
1403615383
-1970971914
912667404
-313552186
-898288155
1340997849
-235118146
412732227
-609182180
1101804664
627391253
318736770
-520641191
-1034244154
1395688543
-1361829233
1616040891
1919897793
-709442577
-53672615
-488375243
662137265
1251247631
-127840619
1185352869
546460081
-1168081611
-650889502
-924366043
820377966
-2035879563
-1539981522
-801467231
-2109634514
-1712835785
200752983
534343850
-1294056172
1727989033
2003286805
-465301880
426725537
-2110836362
-351919850
-1886290027
1588916862
90947127
-1059727254
-205012280
-741310600
912749866
1766080545
2020636048
-1260250166
-1359367519
-1863056078
-947438110
541711778
1921822652
-682790242
1243365781
-126217250
887733210
-33480748
1205223149
820032790
-1559553716
77373783
1260722804
2051685086
-1260228277
-1020846179
2007954960
-1333760692
444470060
901118010
110044498
1712054967
1457943249
390581565
-308309237
203896770
1655741026
-1774803238
2038066213
1482638232
114918205
-1367864504
241902511
256625784
21596714
132919532
1751327801
1753251955
1587442387
2003545783
779600481
-74566028
-338841998
1918193355
-122403667
-51856511
-854074932
-866916508
-2006707044
1946529855
-236870051
3038709
-928617225
-1236452677
-2053791020
2096248977
-1470228116
-1933733785
-1745512767
183198092
1151671132
-122774430
-361142900
1306657122
-2062202893
255018491
935636136
-834563370
-424397959
510270327
-182742775
1197118814
6421991
-1930992366
-1085116461
1612874174
1636816061
763290691
-1808046509
1944839410
-218350062
