1324299269
-1816514850
-298529987
405909219
1936581205
1784846125
1202716117
704618410
1365996338
-348941815
2142835638
170085995
-626114017
843911327
1314795983
-1853103883
-530555016
1803891739
-2095372628
1440362418
-612467515
-2023332497
1058250987
-1945752308
274254418
-1131371180
-1256859416
-1209475316
-1647601154
-661563250
-1112432198
-1405497532
215931731
1790252147
-1845815965
-837217041
-1462188841
-108318803
894390338
1160600918
1807826593
1628117822
-1595609140
1072666228
-1793531346
398968772
-1168553861
557064156
425698164
-576873730
-871987451
-761551398
1580496696
1913371022
1509830865
-2053895463
429427356
-1674467072
1011267494
1949565699
1886773243
-2039050742
1169298597
717375022
1915905273
879725333
160341625
610499574
-99232299
1861157628
-1731031348
259540518
-1797651968
-1333869550
343272188
-2098786981
-568179213
1881366377
1840628750
-752651285
-2012197315
828846161
-1992883742
-1233153278
-470190117
1401935903
-1766969944
-1838062066
-543071797
248066607
-552276078
1362692188
1670611939
20775979
-1764936757
385526019
1316937438
1069477516
-1566758233
-785819392
-1139533385
-232234656
1701746714
-1991370846
1024958521
49846606
-59824530
1594409256
1465816791
-2138511145
517386288
-1159806040
1485223864
-1402613282
-1317816981
1984282161
-626627306
-815680663
57503768
-1953075660
-2144092984
922619817
1286486996
880185119
1765136668
-15421897
241190099
-452030390
-792827158
-1183179104
1041347092
675955990
-1947932443
-1461231837
-72040746
1135735635
-867200972
621849528
-50104502
-1705286686
1694159424
665565524
-854193015
-867640933
-911651889
-980950677
-1468664889
1954943600
1433639250
134152630
-1142471479
2058467026
-460284806
-768732106
834997140
514054995
501483280
382780279
241467750
214464652
-1553318139
-7635175
-625057559
-506528448
-764022840
-383527796
1960626598
-356622655
1730469079
1776226330
-1300273481
-1517335662
-1363752551
1681615402
1800326336
1952736333
-2083878295
1622688962
-938261728
613588679
-214789387
-1046069939
-1695388574
-919980175
-1856793143
-1807739234
-50691591
148034816
2081753382
-958808268
1584994092
1456718416
496280856
-452790337
-1123641521
-1186241915
-1387581753
1817140706
1527706419
958874483
1768039692
-1622286534
1681076703
94401087
-1512103353
-61482849
-1754867585
-1156188602
1145243503
997221801
-966304356
1180276285
1770538090
-972512138
-1722082419
404835224
1800196510
-730467927
541619756
-91092945
-727077177
-585146187
-638769203
-218189281
151190282
1730671706
-1282872980
1715501550
-1137116598
59202415
1320020517
-725881102
357800891
-1821690398
1952238056
913864178
-1874373196
-973527555
-556201108
1843791373
1577806536
172634602
2029924707
-1152954406
891743254
150747513
1504508656
1098166992
-245691168
188646431
1332441941
-653351704
-1939432614
-1073042623
-355874575
-679710592
2101850820
1401644210
-121036952
1837001858
1411250874
1288106362
413192483
-1813441851
-132053046
-1430571815
219272187
-2037344077
-1740394169
276150155
272577840
-742199765
-1890160548
-946726068
1962795167
1948796583
-284681117
237879965
1627203380
29397153
1799723127
-1593331512
994883740
1865842482
510543431
409986594
1373373503
-383317508
1339839021
1595522192
836384109
1267107658
-1768084354
-384235445
-1449312554
-1405434763
-2094545885
126484711
-1976981185
1804845193
1638094440
-1361037680
433854835
1774382375
-1406474221
-1294395497
206618999
-133490260
-962151496
265472556
2092183808
-882807662
-1919526581
-1911529875
1248606505
786042646
-474285321
1551932575
-1145120928
1824616219
-1724157139
774697914
168319905
2012035918
-287842305
-1278587862
-2039398937
1239317897
1515503533
-1036139820
539449054
-805275780
-1549124992
595824726
-182095908
686171530
-1644317226
-2121883501
667901458
69372912
-1590098818
1717280366
-715645698
1115042348
309577797
1262122964
-833971164
718172316
530110672
-1145201152
-1562037252
1094284388
-822426708
-845249031
-343738835
-1044636267
1931983267
2056990047
558714108
270867338
-679576239
-1297569944
1076076030
-641012843
1208690422
1817376292
525198357
-724001317
944492940
1080734728
2120905881
-995654532
1575650588
-1322954327
777413588
-505270026
-948243891
-1814238265
903036084
-904961078
-786443459
-337052275
-22806597
1659490912
-219871853
484012822
1426496826
-2066487513
-1411862060
-1225662413
-1609670979
50651136
1119818742
1247469419
951514057
-1442910500
-1897809614
-262415038
516888004
-743161693
1647593246
1716507582
-1454049484
649793111
-1089069062
1076607526
-758255060
1229921401
-1868990391
2023075084
-1127863806
-1277080405
-911363677
1459098254
1060901957
937174422
1460932297
-1460912425
1283923181
944665869
1055069433
-938713876
-1886922284
1503359090
1070476932
-745563
-1813806747
-1788741800
-1213439331
238550776
-1779197806
247651434
353515122
-1752365699
-1792144373
-1018668918
2021657472
1052471853
-1353111380
-1271985092
-538472669
1125888621
404891446
1962095429
-2006970516
705001547
384057153
621473423
1997195574
2023420166
1859745137
-706688945
10847099
775053267
63805672
-1179658647
-262468637
-881319714
-1308679173
1444224786
-1354340194
-880846706
1650521127
1547707319
-1340681358
-1701326067
-802484923
-488196579
-493891049
522442759
416799741
431913928
578944962
-1424951632
-1618039944
1568719777
1519279103
-985461236
-1881980327
-324824622
1708077763
1232147818
475912940
-1707276812
-375459391
1189570865
-1518474592
1546944364
1265008380
865837022
563965106
-1237900270
1122100381
624569164
1235330091
-233067246
551773702
-40482250
893487372
448503319
-762686938
-949416454
-1069984570
1980123813
-1570494706
-606832481
1942348271
410275270
1094965956
216790809
-280374477
1430804456
1359240535
-1110197301
1118418312
-1636534523
1898489907
169655628
738955685
-1698087676
698150582
1813732717
880386228
864446559
1476510722
-2125267846
-1297147835
1639641861
1629702676
-319750976
1951482246
39627648
399228437
-17434033
1397116849
-1143096230
1564603888
-883672319
570337733
2072561085
465150756
456563386
-442721416
-1705874087
-1727762726
-65832976
1127326059
-900102007
-852475078
1214473325
-989346657
1715291320
-2035264007
84647507
1365293351
469955073
-1452029898
-1056402079
-327437281
-1665444843
-920260730
-1159397260
-145871652
-2102289055
503422029
-1655814321
1248525668
-269715344
1348596047
1642022046
1146525216
275497869
-1764712314
-750345161
-1958856497
622060204
-33906379
1048469923
1995665086
-1612592247
-1762544835
-367121699
-395563467
638660625
2008171438
-1423266983
-2095357132
-1550816511
-1991604576
1952449351
-2122526881
-2102127923
-1216816572
-1743393000
-1536527050
1037457090
879019829
-104832191
1669399176
-324236690
-1183370733
-218652610
-1623462359
-689994945
1636536914
-719387943
-1429652254
253340777
1643987535
-730721109
-819977816
1602745613
1420901540
-1347182365
434433297
-2131166057
1450039996
2033373509
-1000865789
1922572647
668428457
-1365862539
406107566
2012763571
226599476
-48241035
-46106437
-1879253334
-101487307
471302252
1234794437
1332503005
-864328411
-2027660119
1003990280
-1076042534
646515697
1385425382
-670421673
-311581926
-1608010736
342733008
314962515
95280668
1752528855
-222291258
387617753
-1906439215
-1581133301
1512857825
-2003524420
766183226
-542856264
-74193100
1622976180
-2057754801
18346816
1160349780
452774293
-1454415838
1856704694
776836378
-372839997
240177732
1586023276
1992527015
-8945180
1639279719
-897747766
1161613480
-737573929
1691910980
-122393503
-1088169510
964316389
-1593932865
-473870017
-397954864
-218355402
-253680824
318403716
-54546701
34151046
1982050947
107962677
-161756214
-1890658792
-2132314582
-1021342385
-109708676
126365162
1087515186
700614687
-1354933358
-186164951
928453420
95697360
-706984192
1073205223
1697989102
1873610821
-2056883611
-1105875446
119795058
-1843989207
1401730961
1661194631
-2117073155
-1068627645
-471318712
-1643567152
1507617923
1747689742
-679013307
-1534009717
-473408183
-1021219192
8413825
-472880253
-1078586164
2065843274
1308026548
-206463005
1615179745
887356888
-430681572
242104993
1482080285
770119994
821077628
-718426569
734343542
-1100622389
1107611239
-1848832616
-111385047
-1894388656
-738724419
-335260575
-1031426849
-37407669
470509174
1536917071
-169511669
1670040209
-1100943970
1704272369
2003625365
1758170394
-1701573472
-1101299042
-795100740
401211416
1323203270
-900182616
-922187721
208072778
407157503
674133713
268687518
-1564907887
449825251
659613693
780970760
-226901821
1503995892
1915222057
-485272076
971310014
2082391079
530767259
-1460543892
612022976
1863879330
-1540255909
1112485479
2143877110
-2000577595
955697633
110415214
-694203822
-577015954
-1060558065
-1074462845
1964686497
1060202617
-1600808607
1912172093
1149907420
-55075707
-1960547742
1206960183
239841981
191353853
-1167721375
-1768701269
767066261
341837398
1099085668
-1499395751
-1002503844
-399124843
104180061
1622681773
-1389962999
-1448684524
-189255269
-877924832
-647183324
1225098116
1257795459
538262237
1558775704
-1786809291
2101045375
1684432040
1439467981
-1470569067
-2098783947
-1638317829
1403906294
-184631051
222291451
-1752154511
-316595545
261614483
-1230496117
-1914359704
-1888902999
-1093978924
111642867
1650897120
478134033
754934992
-789829682
-1901118295
-845144177
-844157164
181710776
1431268797
-852730365
-1799156318
1999134718
-373884950
-1492518315
2088716348
833041045
882789300
-1272607867
-1699435551
525899597
229442424
26054656
-2084129128
-198300090
1345814228
1996058421
-905823381
-302828126
-911191994
-1866039192
-1511275850
-1629970820
990929171
1472080582
1625107105
1652096279
1027796841
714437304
-625062934
237946970
-372192569
-884504453
1578936039
2085264508
1993896604
712125424
396516555
274625787
639040302
-436995664
-1624442585
-861007407
-996156227
-75893405
-2050437196
86244330
-1306521369
-55909038
1155396175
-567419696
-848616882
645157689
-198704316
1020927399
1859588727
820397665
367159246
1958478176
-1579795979
-297268498
-1759076642
649768489
1418495686
-538862987
-569196517
1833097763
403684604
-1701152303
-1272289494
-1785065641
349740447
373825591
-641429714
1854782185
-286976047
227752838
-1417862510
1101495182
-899028941
989619683
348734213
817062715
1727285895
654188677
-281440826
888938526
834838935
483600332
1155915809
-613662511
992295252
-1002081128
-634232776
198605
-2077849791
1885044440
265670150
-553745892
600608017
-503409311
101015713
1778636114
876298639
-1810997504
-584404034
-1230374723
1511662525
-2130519854
-1278441094
-782610981
2048744512
578774482
1285252183
918408204
-474672902
1984873395
387923332
-1775979640
-756297992
1936259311
697555808
1673657234
-928567665
975278111
-682259391
-1183649811
1443632577
-1381124979
1025001840
1398714767
-1208337180
538379271
-415267208
1379962516
145283461
1974020597
-1353895776
1122723189
162042761
523605933
-406674763
-1732016263
640493717
-1804997114
-1036611316
-489697686
2126733743
1982524459
-1508953658
265935244
-1430372571
766441393
-1887427243
-786389558
-1695514963
87069162
-362814657
-1012927182
1257627597
1002589819
459321121
1629632931
-190723460
743644971
-1200268809
-1418070331
1784626185
294324478
2129286042
412798776
1671962172
1511364226
1463799945
-48647921
-1871156038
-1804559513
609880043
-1088498305
-2013016915
1001069909
-244789804
-1521776685
1379564196
-1192659462
272108999
1992353699
-1122717001
-1388248479
1689184635
714349124
-1536559378
-1915817078
-94666782
416259970
797693922
504566838
-498753434
-186073716
288498597
-875522047
-1977422219
-57984977
1992335070
423905206
1454061887
1426900807
1506585656
1872797406
1634995134
1627193457
-1001683459
162901658
732346614
-1386371067
-1556615683
1588844978
-1034655618
-296051389
1997043636
475381229
-614471874
-854075957
1799213227
2007948962
-2094186375
647961682
-1595757794
1503782030
-138190067
-430012782
692924126
-1193638168
-1240705287
675534466
-653519751
-1403752013
-1113274592
-2037368121
-1394094441
1480179026
-546053300
-649911702
-2038274650
-1871131807
122740341
-1615718454
27716025
-1038443327
-645165759
1808717523
-1459380563
-1822427915
1988225230
16519791
-552057203
1950146220
-2000389713
828677436
148123191
-1573952098
-102240459
-1815090816
1895161919
-1796761190
1463969519
-601222055
-1611095534
1644441312
1723279475
1369763896
-1837490338
-158838869
77322589
-1581596016
29681585
1910797074
-1158779497
783460553
1842520672
-239776496
-1211934758
768727162
2145590442
-2080822303
-1052262795
610545367
-822897124
548230799
1764472909
-159792280
-835457226
-1328922421
1006949924
501117436
1598922318
-1867601920
-1418101731
1319866332
-248869196
1148644773
1879691135
-937213886
1848135190
1858028242
-1856815943
-2021123061
1418079270
-1960543978
-436741723
781918380
-542953351
-1899983737
-282908656
-1953162654
42666674
-820167911
2067397754
-1676673619
1520394463
1827159347
2145094937
-1566055426
371007522
-799411329
1765141796
1868734382
-736906349
1928896001
-2079295411
2020088626
-1403107996
2054123627
-1122831730
1921316749
613248582
1540495278
1257791528
311696901
-860752116
-2095414060
-691480088
-914147047
1793036429
-1992814324
-1255808597
527517873
-129456691
-387690746
-362218715
-1096432233
-1656574882
14884225
688688349
-401471451
1419024132
-23539935
718491003
-2013927872
-798536041
-1891992699
-1583169211
1029422212
-1370860243
-846606952
961121255
-1582344512
1782380407
1062134567
2008193650
-369726556
-456216469
500699572
-1315804762
-2140627015
-1401969885
-252664695
1185672308
-1903148144
-1472966908
1631381519
782161597
754729278
-1059200477
1459295840
-704032672
1360981255
-701837853
302905625
-270314381
-746803880
-1198947870
288314485
1083850959
1929948666
746680597
-713724009
1540839889
1841107589
-1144732367
-432517594
-1421588897
-1252041710
2048877644
-719818978
-129185751
2033776180
10366148
1538401509
-1123208143
1838620455
-241988769
1369823900
361852812
392470346
-87240781
189717176
-1300204439
1348666314
-1029840184
1694984912
1435280210
246435999
-1633729541
494031032
1455514802
1134648764
-1437306844
1211045069
1816845974
-506965118
2125403899
1121949074
1692189367
-75367819
-1144667465
901431419
-206997320
-1713647055
39507447
1615954953
-735369045
-1034935394
1027277798
803753750
-267097639
-269188510
-246896999
-535252623
1524013506
-1920306793
410752954
-2053901907
-1333256350
950607805
376663915
1192799286
30744246
1848798706
112479588
-281358428
139026557
-726354336
-880504739
1002342995
-34966973
2105411062
1390682035
-2109997773
2097496730
-264454822
-746837179
-1496660005
562216362
-1571500771
-940538465
-2049850908
-397726228
164626736
166329434
-150440588
595092786
-280817770
566448834
1786588953
932377066
292052570
305709753
-632572201
-1491671902
-473123645
588523482
-1042413949
1782639054
-285652025
1624127713
-279867054
1777122249
-1890979396
1136620361
439414956
-1453706983
-413846187
-1375625930
224070214
1010723575
1857539019
-976420459
233702255
1490741261
-1519147430
556452481
-1080191576
1898741633
-500798738
-511173144
-1388210054
1323337778
-1520286690
1212932206
2078463108
1138667584
1102003289
-1555348848
-1537641517
-249935663
1567266910
1058503692
-319708298
1195772434
-316873487
132209024
650132048
-718171268
-919163957
1045790801
1654290735
1447570520
749667281
-560034610
-1254016995
-1524856700
-369201015
719875732
444667126
-1570400905
1554236617
-91052237
1225684794
1955369857
1711799472
-1577758959
-1644331740
1865219927
-1468972326
1182205070
1277371899
1760235471
-1325099825
1844455785
-491893337
-1056060441
-1915176261
1631195745
203181446
-1852441333
236226148
1183780127
882267776
-967081577
2067631447
-2092277678
33675352
307151769
1266405989
1004907036
836733509
160716764
535433805
-1895612244
1589242049
1309477153
1330751418
858487083
1235041439
-1942170705
1881946735
1490876636
-920617117
-1800956658
1807003072
1777235070
1076342989
-1042123762
-227278269
1715634676
536703415
-234535666
-129098041
179593255
887814176
51867258
-1512196987
-1674651349
1599254663
566759829
-567430507
2085397152
-2034032515
2021227384
-1244529501
-1728847782
2109529717
1453597273
-1706534686
995405124
-1119898914
-1374309616
967166272
-1093874048
870332019
2027221719
-1172061222
-1146030893
1315471825
-138708655
1919155889
1193160768
622576201
-1151170867
-42417506
100432370
-1310865417
-1894745397
1412102531
277182558
-839065325
-332878146
383151043
-2093948504
-1284663674
-596133613
-1412964109
1008345158
-231924288
-1361945487
2089818065
-1358357021
1618514888
-1407342782
-595998348
411195525
13915540
-415561870
-629134395
937469425
1019218330
683366007
84322093
1270696269
195636902
-202890864
2087302031
1762737927
-1535687698
1440920144
1452019832
-1497046282
2049564259
-41116835
2013449365
-1693363010
1655848777
1810222453
-1967796123
-1872150921
-1749598199
-1933018958
1962008622
-892018288
-1937004731
-408207858
-1304147660
2131201521
2022456109
-879332056
-1337479640
1748166495
-1566825200
1493273159
135046879
-1963025115
1993046582
1410971807
1077946179
-514754577
-744686100
-96230189
266133902
-1107107336
-1239584545
851286971
-1403775052
1868189031
-61865555
-463439514
200118304
1706302710
-1315392839
-841384862
-1528454749
788132565
-1442395842
1117227322
-1093956951
1511426509
-722560602
-1186291137
85034925
-1653900121
-161266404
1098684299
-2099028754
-623796275
-2028585889
414593858
1349470050
689099058
-1943299111
-1793825253
-65500949
1616274031
-638602000
392509470
-1916140600
-1561886418
-2041882469
1511817647
185768269
-2142289461
1201256247
686600394
-1222885418
70398007
593226138
-959439217
891945977
-822375648
-2089584792
974371073
-161978118
710839630
2035183269
-1749285622
1730075779
2035837264
1778704523
-1247167294
-1916259948
-521938089
1846597534
1702071792
-737978696
775517537
-2008605955
1161739472
-1710441607
-813299303
994595577
406368022
-1258022636
-827140355
-2012781845
-2115001550
-754347408
-1452188607
-1401222079
2129205206
-638034100
1215755506
207498970
1572382644
272922296
1207084255
407059092
-1497211508
1306782918
-284576332
779396642
-369114011
-1669073024
835586790
-832209118
-238077926
-841691364
-1561636906
-669882514
1145649688
1404493166
1853252656
1441043377
303025764
1942417565
404531861
-1364353219
-565697309
493774105
1789336953
1600932124
-5303595
-1032357172
-1751167411
519532132
180166818
-1787475569
572699359
-1045572145
-1193857063
844237023
-1445796607
1579065482
-1261109899
-1689411888
-1198016407
780629069
435618913
2061609537
835865303
-482168149
1811514429
278887504
703492732
-1861135957
1703587938
393196816
-1540215142
-254727786
2051427107
1172469625
-1065288089
770296850
582562134
-256218976
767771191
1120352367
-1877763566
1942744615
-1912599847
-1336213184
-765915463
-1460838410
-784729280
-602818771
-1421254856
659300650
973480037
1211346183
-1708255603
-1035611059
-1126309012
981821725
1164718985
-1255924025
396065285
-580036659
1852975575
-1140019307
1537374485
-299265187
2140565308
-1587643080
-1725141612
670684427
1912281375
1288728303
-280256584
-1378950302
-137408948
1714742567
-390831021
726798799
1032818932
336123186
-746610568
-2010339981
796009720
757886007
-1608555675
782250809
2134709862
2022600041
-471287140
-1107408085
-292051901
-596459653
1545872466
-878770943
-356445302
-326116013
-506969075
651903483
-592236940
1371938301
706264456
394835952
-1000934406
2062485474
530405849
-1077732955
-1697236073
-1015930055
-1618748715
984543330
1736266066
1429209020
734077107
664271554
139185659
120283551
-1066629650
76948683
193212340
342084029
-1390766736
1526820157
-25299277
-304886508
-1213563156
732843054
-1342813627
-2101809293
659287435
-160338218
-1118344683
-93194895
-893836086
-251470681
-1959825490
245096865
-436500574
-1572480607
1972577341
2045055235
-523309592
-780396061
-1917718885
2073111228
-518362122
306190980
-626254453
1746917129
1799057547
-947145821
-1928523201
3371377
105536751
785201084
1784614689
-1628165574
2068708186
1633596477
1902554831
-1006679267
-171608170
-1814550696
602949478
-2118544580
1481031139
-1729183973
1358544386
-1697194413
-345414630
-1910475331
-1113092475
-1202156754
-166428396
-326328519
-1122235496
-278440614
1053300300
625949728
53746415
-1820027361
1138814914
-1346493013
-1533218352
148512941
-1621090782
-1908119793
-336947755
1664036244
1739419429
-309766123
395257327
997984633
-195131337
-1772729111
604975022
1602059014
-1568503974
2122772273
-389049152
524555298
-1853075895
897422433
949863607
-1010113950
-957096992
643179853
-1579462897
-1704709442
1162434490
2057792255
1363284334
1652710535
-503663589
-1521756982
2110162477
1766705048
-1648948720
1923615647
1752299287
1205379531
-194440235
-1401493858
677812335
-791414865
-1519097482
2139591919
1037815863
-122608521
1635214264
-1957424941
-822006353
1381354804
1116588345
-752668683
-744827621
2050480966
86944213
1070261510
-1475189815
-1927665136
1417808971
1700562568
585338962
-1778787350
-1146007008
1246637800
2013006623
-213415333
-1468041790
-883848750
-652582097
-1115241081
-2136701199
1228513985
-1062210794
-1675520282
-583399078
-900298540
1518737992
-2015036618
876353924
-406397976
984041111
1215727538
1509784559
1588369122
-66022918
40021636
-2119501190
506702668
-306644849
-1587128713
-1898138619
858669603
1640458978
-175261200
1492795990
435402222
-1063174033
-722616034
-836707776
879532562
873385573
-832812176
-326579711
1711760228
-1639176532
-153150393
827980268
-17398272
-373800151
315645676
682971975
349314136
1614094656
-130878012
649277814
1707371407
963613082
681576642
712327512
-1106650873
-2056404953
-1713731812
1970041584
855778616
-516966298
-1146318783
1339679048
479854531
1578985955
2071853065
-1029974895
-1833875258
-692981503
1095916078
465977998
-107768974
-1148442631
1238397178
-510103245
1272823257
-1610038238
-321150142
1280810889
-628837876
1695187826
459537810
-2052007724
173974629
-2015809980
-392164695
834819574
-1697553632
-1974963877
1042759463
1024397589
-2141353168
-1662790618
-828707708
-1985646725
-1326991792
736972613
318172996
-152296002
337507927
-254785717
713198696
-518604256
1634283984
-75305019
401420839
-1183495880
599733705
1449941627
1185550301
-974556975
-1952214805
-2080000267
-312952508
-1778088687
-1510831158
-204372416
-1539815199
-571378723
200462974
-2069117198
-192563776
1552874108
333423474
1495424362
1182617698
1363480954
-370763909
1203059804
583178998
157987534
363943724
1892815244
1752232135
-759210434
-1455107736
1733786329
-968183562
1791885314
1619314487
-1968699524
1252253800
-129688153
507756765
-485127791
1174435585
95055158
-1850425304
-151946281
-2027041775
-2104608107
378881034
-1609072717
1478612494
-742047956
-1732546202
596850554
-1067306620
-1435119669
35484974
1867710703
-950000824
254772426
1847882669
-252881910
-1906963981
-2012037007
-2022794975
2090256891
-1593445746
-511723622
1799954316
12783726
1182811274
773513365
-1721475637
-1714729713
-1844135694
2003758155
-1815006233
362329423
-1744891677
575843749
880306346
838491752
1283735355
-1413770450
-2026779531
892963231
-28575345
1913362166
1672099153
-806358840
151905379
913557689
-1650153405
626513679
-1150759276
-1074604479
-1911274525
210100724
-1657950183
269039112
-380518353
91815575
1640980458
1320343584
1468569500
1760352053
675493183
-2117041833
1906650478
1033870578
-173144067
975778966
-1882290872
293874136
234636397
802049673
67854342
-1251623137
1413154350
-952944764
-983838262
-971840594
-814518676
1106497444
1653450068
1266231009
-550983342
-262997707
295903383
745786253
1470912189
-1255348909
1846083208
-777281728
1636059697
464455379
-1638813128
-1559854644
2069354000
-958279837
653870885
1711890694
-1031137784
892246767
873886412
1081584843
-1089868595
1607363910
85109634
-576223421
1647814920
1035232765
-590587773
246560105
-229931634
1565593235
857960267
438080458
-358123307
-1095113003
1143083556
-1223978100
-785250397
-1701653629
-1309146112
-1898642510
-125890809
2009944884
186189192
-973264227
-1452885620
-1523868298
1111191412
-273288235
1006244780
162795577
-1275748836
1694283273
-221777021
455315308
982385231
-20982444
-1688459324
1496562408
628812643
-381303359
-418504208
-898359667
474766989
-1297927663
1859358660
-507264854
93032306
-559527237
1730058226
-865422686
-826225155
2088337715
622243348
917080011
1418329459
1168126830
-403295779
26138265
-440866621
1192496038
2135313809
2134976507
-1005451230
-1804461990
-1269446730
-2064779004
1035570135
-426581864
434027531
-780881202
1021689939
-1428621186
-1952813127
-403784550
-2058674300
322296317
667006152
-341570500
-383278230
1352467936
-1989439276
1242421429
1584617
-1231441652
463674111
-176205023
-516154911
121340425
1294517545
-1440314925
-304592517
1188242113
2070053982
-1651123778
1256998342
-281040250
-1958638448
556306966
-2076097663
656024665
1075549061
530296374
1403265338
1109177704
-1914646766
274581956
1484305047
-1980291112
-185130359
2108142354
-270144269
1771756997
-1382666385
-1348386873
1774176556
488927366
1040661874
2095859646
-1286803782
237600821
1978084761
-769005011
-1135379452
-610961555
-1883771715
-995327735
1706655726
-1918351531
-51242697
717940393
-1732577098
-1101635619
-1499541542
-730861143
864054272
746154055
-259206109
-758428912
285109294
-1456112663
-1095530577
1689715381
2008522485
-85004496
-24550164
1488422366
1652562221
-597106456
-1606749933
733076521
687481831
-647685191
-1995810475
651054767
678543044
1755450356
1475293012
-306455195
-499289212
1033620879
185661652
-1561647418
404770525
-1623091602
-684816718
933078446
1519522445
1545666788
749684500
68184457
764409010
1016920696
-935655711
517450924
-538345383
551443179
1233639027
2079517954
-1004377260
378038137
-1714092661
-361272597
305886543
-233060769
394619525
-47631776
339846181
1838589597
616196300
-1791421862
-1381731985
-1853284355
787769999
-1730140556
-196559522
-1681846445
1423229364
-1342712114
-1420322102
-1893666043
1885873165
691499573
-2010822518
-1083601971
-283101495
1236190848
1652419589
-1443478083
-1474962132
-1079551172
-1066737399
770223491
-459981182
680276619
-1688423717
725579246
1502590800
420623432
651367054
-317075024
-1583404595
-841373841
-1201840488
-1070586523
1376346512
727932348
2070122402
798447060
1894350473
1958376849
835755678
-1753991565
2056297269
-1159866852
313833502
-744956880
1468932621
2047003064
-1568223004
-1889675154
1726187071
-948151660
-1156419659
816160845
-940682336
1638487442
-1936211854
303604782
1221511648
-1929046159
728843368
344775541
666924798
-57309139
-822889498
-713832304
1128105214
-1028462427
-1536039665
-1403635400
1830596313
130831998
2107100146
336938743
-1822093131
-1047123385
2028791767
974937065
93472598
-63073315
1870639579
-30916666
-1447652653
990845201
-1463754561
-452759265
-779095924
-1397499257
1588499964
265834215
394289243
855884512
-1780692966
-1531062731
1034471689
-1112996837
-404128191
-1272186809
694759427
62097208
549499152
1179700425
1786787916
-117362146
285009068
454042711
573512885
1263151038
653185052
-871678144
-479815348
-34707849
1034397140
1906748557
1280604177
-980129604
1929826703
-153053887
-1695501073
-746673165
-1534771359
-1138100255
-2069598998
1048068512
-1417314292
-1684432842
-1005319020
1922485954
1720802961
1761060688
1924755909
-65888899
-1302152438
-2104662066
-1517161334
1918608632
1696513719
1419006557
1609534301
966568840
889699669
-187400578
-1262780778
-1605638387
-748988490
1589269387
-2140381407
-1904558180
-514346098
-970471941
467154033
1938593886
1237048458
-523918108
-1926818380
1729544887
-775642458
-1629635647
1337565768
-114688087
-756512321
1309592693
-1055257235
124269435
1202364007
-2051562097
2135273786
223293333
50676728
117889231
-1492624171
-380914002
-1200926741
762369513
1996607966
1941315368
-1418787222
-265917048
-1467931349
-1425262662
-2029794270
1447166101
166262458
-1479388593
642294110
-1375608904
-99961629
750754093
-2129216943
-1479893218
806772429
192418393
-2039428942
-2146147715
1402960418
-312937158
1537526414
-1005427372
-753979386
1895970428
834368089
-1810611337
-538524348
848457271
-118653883
-124467766
-1363877430
-600277937
-1937210154
1407334220
-271361193
152080157
909259958
-561478057
-987072654
-1149734834
1729222085
-1603946971
1267849373
-1268696053
1565894004
1876255894
-1556706614
-924653990
-838174637
602433583
1827726094
-1195887933
462521063
-1838560666
434906772
965739062
-1184277567
-423452132
-1968362285
1116412716
196905675
-538799510
564424963
-552873973
-713475612
426439071
525027020
1383016398
2010831535
2075581577
1368598080
1704815845
1267193256
-1757758988
-2123807989
-1109768615
-218982793
509211247
-1233132823
-400900301
13535624
-42344363
917645143
-945168354
-782311717
402996235
-630309235
-1471496373
997074456
1384351878
-438489174
-846124396
1394284518
-233028593
2118039089
-652718109
-23584644
555082058
795009204
1238435797
-2000650377
-2107847565
-577607986
236431001
-1203826450
-1675689749
1070721621
853243678
-1724902461
-1219693837
1417385936
304104557
199786811
-677850698
-1578247641
-1799056046
321046993
563701132
-440068711
-1661108670
-1619391674
1665535612
-1308516879
446901624
1662653436
1112909571
1876581372
-1636330144
-803485820
-1671278829
386913845
541251897
1533720693
-229612706
1436192962
-1690869771
512363391
-610851629
-775227229
-825642653
-111413313
-890383256
-6271448
-431586929
-210732972
1019758362
-998292828
-1187803544
932512561
1429878321
-506970785
1479422883
363354420
512282568
307788752
1740953823
-883768456
-400143476
-1610579701
-2097766902
-848014874
-1622439996
1470990456
1138158082
522186514
-1960840560
-2069172283
1216921471
957570372
1319125877
-2009347043
1604320303
-1157009197
-428291816
-1172562279
657778210
-934995015
17846089
863788022
-1478972568
-1886839196
1196220739
-1610531960
-2040547336
765030858
896265265
175964527
660669906
1168162495
14386676
615954439
-879244440
1436907146
-1030038493
-974713692
658975802
-874553163
25431891
1104790399
110481343
494383652
-1790837097
-165808406
533824139
-716504728
1171834698
-1700882997
-1863760467
-1830441900
483392779
-627059385
-1586597799
-462912815
-260448760
-1045067331
341034950
-2104702226
-1480390785
420584181
-1767132839
-908332485
833252994
-607582311
152363779
-123699114
1463394554
262220771
-2104019482
861609670
-707685651
719208343
-475496642
585091591
-2111800317
-1985528012
-1456761986
82608101
1180272965
-1910328219
-675686471
-1286865139
1485793064
-793570883
1638532419
-1146328096
77522890
686855588
1280115608
2088431242
1478969723
1869211787
755235963
110272083
719446398
856943206
-614396318
-2120331724
-1434243313
2128896859
-1934212847
384962221
1265343144
1805290423
-41115516
496662741
-686922369
41131809
12034577
-408086862
442076499
-960958703
1347893198
902200522
1238476904
-1460131710
89994799
-547886854
-1430192688
-1232224027
-1135546381
-1506837883
285826539
1177861721
1683369025
-1094494353
-1407418576
-573681895
-1641358578
913920780
-610868436
2043077685
-1373557823
-1029051949
20285386
312853381
2085743128
1874241143
-1298208555
1152337114
1000162636
1014580280
1039930811
1464938101
-1060215437
-1663950219
552001427
-1047272260
-1449626843
-1418601082
368993121
-717070038
1701442914
409149640
2059629720
-819583865
1518184882
-1936259592
-1988973601
-153905063
2120104590
-871918140
-1045815784
1062638489
746878974
-1389806177
-1425735779
1926624938
370013827
1855803092
783792076
155226758
1023686710
-928720162
752560325
2089078586
-628440016
-1611366155
-943837326
251118996
1137496108
-1602289428
2139135943
1369948185
-1276551061
2044045114
-2102705846
1134647100
-878247465
-1994725803
833392597
267230413
2024178283
-1888177850
1666860187
1635977903
1331579857
-1666094215
1813244776
298461390
-1684126644
-1649704491
-1339881428
-353231281
217471448
1646592268
-658927431
308322824
-581428338
1603648819
-776487221
-464781775
854459725
-1157898604
24018505
-12248228
-1062641258
342353859
-1289487414
-1872574814
-441326152
1492814062
896800602
-1373722850
-1057985492
1151063161
2130624380
2080872095
2107666754
-786913078
1383233651
-1552658024
241841660
1036804960
1730253757
1352446555
1212263737
-1630916310
1630854111
-1221661818
-479946987
-1915056106
-1133070232
953775549
160722575
265737703
-757199313
-1432771431
1531907437
2134233163
-55549986
506074847
1955801692
507105836
1334244020
-1293191692
317461850
962708038
-1543832699
-1470809968
-732801448
-1295778055
1937315846
-1834787662
-1088089574
-1307366560
-2130929593
-1269740333
693786978
-1468384863
-1938334593
457270366
1447216716
209602182
28527375
-361511074
287247355
770316876
1690739393
-668565127
1569479797
1571840699
1879354704
929308700
-407451445
-823199114
1843959340
849689591
1804533629
235852180
1561356669
779920812
-1238168293
-2036249746
691699560
-1769133630
-175111377
961881530
-1969760366
-947707937
-1438865062
-1234551592
-2132137758
-38061770
216767676
2142028139
2047650186
2095268413
97878425
-998919380
-537734330
-797389917
-949867719
-1279806214
1763223526
-1965756799
-1335763442
1895599668
1007958538
934518735
-1416228836
-1297552053
-340754900
-216512743
-732214379
-1490993262
-252336156
-715617167
-1589897277
2093199960
-2080139418
-198078041
1062145066
-1420250824
1072110414
1448807095
-1832881683
1440511406
-1864693089
-699471486
-1945495696
244939757
-2081260791
2033422529
610417214
1320481008
-1422289046
1262600758
2031397677
-1161073201
-1372661098
-220283869
-1559785280
424514643
340701787
573979135
803171276
-1036951348
1787285183
329731175
-1823718819
1938179361
621715851
-1156432814
-1421601575
1489461543
1634390540
742714761
395116902
-995595210
-922638056
2024174677
-566511223
-2083576838
1728887119
2065289849
-1175376369
-1011592058
-300136542
1813712738
-1242786513
-1727738450
221853721
-661053540
95760112
495704469
2075296464
-1757261944
-1804506168
-1674180476
-119638718
1897932108
-1053337211
458515965
-757578807
1857744394
1811708528
-415929585
-1866027163
-1714656685
-2004260177
984236524
314622908
-1207153186
876083179
1298411192
389149025
890799732
-24604878
-2105593437
1542391896
2066120238
235283741
424425017
71423705
726256867
-927073227
549348344
357134420
-2114974501
201518482
-670800862
-2090245963
838387399
277485509
-2045792043
-966635544
-875845387
1080629239
-480689832
1246943647
2101247423
1381773649
-967563337
1921490258
1849660740
1664943774
15987601
-1678914937
-61827494
-638006737
2109074991
-2140426925
-1758926142
501155839
972653529
781647648
1922448029
1762684438
-614109596
578355119
-937120993
-882428111
1138521359
-661874080
360699010
732502946
-1134701168
-467461199
-300375236
1198320757
1884990056
1512061700
1454086259
1276918996
-238361985
2026273956
-1425662544
924564908
534879724
1499017225
690020307
782970767
-404093933
686394971
59794758
314052316
517138164
-1493648076
1605129077
-1695785444
-478099518
1123072426
-1528752259
401945263
727912627
823291788
-1180244445
-544020569
-180185066
-996704022
584337159
935271155
520929449
-1683324454
-760111336
1263720639
-1816147156
180399225
-510235062
72980763
-606982863
1410093360
1898984582
736359386
-2051538634
-1250982088
-652332574
-1627967812
717677557
399171935
-1634961902
-496694833
1743377145
368847627
69989149
-1507234287
781967476
1419604351
-1953724589
-2103319974
-1564880817
1842666845
398013053
818735736
-366480765
2055872619
-2109347242
-520244069
357224103
-60916839
318882362
-212682509
-1608092471
1443930434
242702877
-385601641
350324608
1522923442
1401997502
-947289944
2124829505
-867762200
341013787
-1797057866
-1599240463
-321592164
469472039
-246932639
501440956
-551914110
-989448263
-464628157
-749639132
1041961680
-416008248
-1533295091
-679214500
-1272558338
1065305813
-1081023505
-1396412969
-83936052
1973291176
-2074353347
-529196005
1959974793
860555838
-909385905
1214729434
-712457327
1011734017
172310952
1558077762
1118728470
176461625
-1012498855
1952870035
234126115
-1038090046
201265319
1525212658
657626334
-148215041
1173385707
1757635965
-2023323891
-2121376498
-626312007
-1101920610
-630783526
-1084230340
1241046596
228572580
1229670106
426763451
-857441791
-1408983409
2014637899
1264972434
731636617
-643622102
238637725
-234079788
1565250243
-231567777
-1082371789
-950823148
-1891060158
-761878330
157714282
-13829865
1778894827
1051234942
1170025689
-1579513653
-595441702
-1550854592
1543644122
-216605576
-1948843643
-1302959695
392625481
-794842571
-878936286
222586614
-872024949
160738716
-308768954
-2042279027
-1579145262
-1980582719
-608698162
778162267
777031838
-1921120161
-2022983422
58109696
1637318790
317629268
1681819638
1124198514
-1642420680
1583607119
583622451
73752777
-1104027971
1481436359
1533136535
-2087263145
202987265
122496046
389606265
-1809651205
-1306148462
-948597146
-648083952
-1125603658
-404773720
1789685363
1099092244
72042110
1467417700
1150674546
-695672923
335371858
-1504645796
-1560639030
1367514476
4778894
931439447
700997280
-1604705024
705131648
-1338607532
2057175696
754620554
-1180492230
1209700305
-224991591
135454891
2108869545
-733343159
-922036648
-804588132
1179687398
-734423811
-1771946376
1537349271
2020298188
-1337476617
373548648
-970026123
-1354201399
726092875
-1686630065
-807531369
259443449
-1529324384
556284476
283069706
-87310224
-711450130
-1679695966
558703334
1107044311
-798514552
1211503106
323213814
-1289720775
965044573
1278654953
-687784803
106028063
1027001210
1605224733
-460767497
129621977
276922834
335137555
-1052264386
1781383454
-415327423
859736227
1019858542
-1408837673
-941880626
-296766722
70252588
-1030737865
2125616688
-861484577
178501859
73399822
-316135277
-1726697216
1009417008
-914067105
-734671461
-1678595889
-1579078273
114343983
309778600
261987937
289572086
1896905119
-1407681444
-918419802
1574177425
1924429373
718755417
-307382050
-608938355
65927574
1311224655
1262517324
-2075714038
-1486759665
1003458357
-1637139160
-756943125
-437863436
-2014718507
-658957095
807859712
1868482769
1690216334
710725987
-1645704345
-420588544
-11229611
1861224477
222576943
-1965661309
-1453617412
247054248
56115261
-1521279981
-1538219338
-240399076
-1194213517
-1588892807
-1597922086
-946405245
-472858354
-325024741
-946114329
1561894026
-1400913329
-2017395239
649948360
-1648683659
-1585168035
1477226521
-572826792
485444435
-1269351063
1976801568
1900761895
-668814477
-1797057261
-1064606045
1039523198
1602888982
297166603
-646155363
2021294496
-1467990683
888264955
669011811
972767314
-1496215900
-1743722332
-159833611
1931854750
155193000
671886151
-481656426
-902215981
1814722694
1112907589
1670483357
1194621647
1255904653
-2011827191
-1046257011
-1572410753
1741726069
-98833371
-986301597
810918823
1032142295
1130184123
-905259985
-266655778
-280581920
-1946512098
-634330650
-1939412516
-1149818047
-1448174152
-109399179
897637112
-372903575
246035757
207704089
-1325806357
-680606730
-480367424
383493869
-1535530023
215503720
1423260917
1019257796
-374811502
438242071
1179062136
1316306233
660736788
1854250854
1538753341
1864683523
1127142740
144952121
990088935
-959226995
-974635459
-37818204
183461229
1333687237
-1821227784
-1522560796
-1428176645
-897909708
1747483758
485609362
69367829
1200291918
1123458826
-1158777579
-1119305470
1929919754
293608131
1844257880
-1286092953
20262837
-1201284775
-1952991300
28997681
-74465789
-1930835746
-645793456
1261021112
-1088566425
-349968265
-404215233
23983649
22892452
754244963
9047433
-634317309
-368655710
-1910614980
-820024842
-1706403508
57274757
-1314278787
-1891748026
827107430
-1894084357
2018106436
1952049836
1926907797
1646469333
-1628630440
1594267261
-458944862
1347024089
1820339308
-299773660
1296561853
-94538027
1312076708
-298936487
1267802783
1966732791
649044313
-464478830
-39729937
931960668
-828455399
2015806649
96176358
1618754534
-1601233679
1200334366
1307140405
580546385
918458093
-465671506
908845349
-1442073464
-733484321
2095407461
682591232
-2080914635
1672484191
-738260735
1461028527
-2058909034
-540560109
1869447415
-113363036
-1463808617
1095032624
1435735466
1133371641
-437883876
1336707136
-1464214566
1318301913
-1140150883
-1621377755
568692570
-695450594
211558648
-2063800227
-390977275
1957672763
-289184383
1219864455
-648421390
1221943644
-1049923234
-1658981083
-1272411674
-436888117
-643553006
-2015778142
1700237066
1236551573
-2032247722
-4612457
-116857635
748997485
-1641399249
-2032540855
-2147335061
-1465715761
2124324412
-1165563530
908660671
178901864
1285595472
-16020656
1725078165
1212445108
-1926723776
522601417
-1945908652
-2075517463
-23472131
2114197009
-403291846
-44921837
-2020466204
-1417418404
-1159165736
-1200873344
-428676268
493706472
1302458305
-295629475
-610227839
561141822
1516899966
1199449760
1304023175
-343745609
633284548
60330025
799428802
-697379519
-2062166040
1748871715
496047452
1783233891
-2019571822
-137699408
-320710618
-1329463170
-893495888
-1344193595
359325355
2077718612
1151429806
-1501370287
-2074250110
-76645938
2061629155
23526308
1169503972
-902579463
1676322382
1156724750
-2088991363
916428113
1073283969
235512263
-1118720890
967862338
1688991708
1306398478
985898003
1317674987
-1816901890
1327371923
-1712176983
1019274276
93236089
183369753
-830254829
787559362
-881423676
1742445399
-726293131
-257429479
-1153731467
-805428961
107637665
2109807810
1536352431
1808827074
899468457
-1030989923
-1826430504
794217393
372627380
1668435225
1998175631
-1660585625
-776747499
-54088526
-84827939
-1477710458
-419894119
-1406770757
1631511466
-753836480
1493691936
75109469
-933589135
-1861883656
498598766
951138015
-1667097289
-492852440
1120234562
1070211878
-400515400
1358300549
961502632
-1426060161
-1543190813
187395424
-1760165493
-1790981732
1317701001
1052274766
-1495245938
1972419292
-13227440
-1494168053
-1348786405
892293327
514474733
-391787365
-1723923781
-102041863
1447078034
391588529
-929203032
-432970028
-2128449372
-594127788
-988162912
776840987
-1675512656
777371072
-1504999685
1577139013
1314088351
2014873738
-522849025
1459767119
-1986617815
596956934
-492716429
1213311934
-2095437689
-1180864020
-329670543
-1140302364
1741171564
2051908665
-1311380096
2104197217
1921724981
-2051247790
-767626527
-401932308
-1713437602
455772527
207609641
-1834567597
-900530120
1441833014
-383189489
-372087360
1808461016
1269434790
922312071
1594943037
-895060142
-797851338
959787023
1168347001
1808191271
449199933
-1842380729
1188207820
-2048059909
1527431316
784533959
-1069549192
-77359477
1357046905
1952402220
539355953
-1752238371
1427096758
-1861474956
-243834658
-735848008
-280761343
-1841849205
1290791329
-2070895786
1188417190
675712293
-1736599532
-218999465
-779179677
588934094
877614550
-471419399
-11670894
2085314879
7760709
-1124256122
303532429
2146916338
-1615708276
2141932813
1252388941
2046545655
1609143519
935343444
1744722772
1954121224
-1622883067
-610317044
-1492069427
-1696704805
34652694
-582516922
-732223504
-610086985
-2117410938
-257854682
521700779
1605264202
892446561
-319458859
-1711432834
1781416376
473382871
2013607868
991650726
-1948766473
1836459259
408233198
-1451164291
-1168905639
361839303
-722239259
-841533152
-1793393814
-940278941
314819952
1639364946
-976750597
737920422
-2059459348
975425439
667654014
500797404
-637878351
-1029081404
-66115692
1877967562
106380495
-1304490163
1970353636
602357998
-2067482118
-138755456
209879854
1123671562
1178683074
-615731335
1085707167
-1497838877
73883398
1805469334
1285320806
2140354886
197466282
837515028
1055485575
-796967861
-1936983929
1865257722
1550388974
-1881265955
1010082467
-2029908683
1954696134
-1993868679
1152440737
-630491644
1278469899
1633796149
-2005302917
-299542122
-1485926819
1847547395
2104334701
-183114512
265086999
336653878
-699244236
-2126875372
-552149600
-1826541755
-485221000
1655403615
2097067776
-80680497
-1377161339
1865820722
794549174
969517791
242775105
-1009688364
1813007560
116436592
255008346
-434371177
-1190974438
-237504973
1676246974
1029908280
-764680957
-171734897
1437562448
-1969293685
-548484579
542448616
1738829784
464301399
-658162596
-1127173597
1016215866
1510309758
800632673
-1072633750
-1907553046
1452341857
-10936560
1862926124
-1469999969
87258754
1577896543
1244061287
389337670
-778076310
1545619313
-1967416791
-1769659335
234575308
73090274
427637587
-1384458064
-782635031
-535851932
-39399264
1986659447
840506422
-1954735478
1215302629
1682870497
1160555069
1505714147
1610215321
992392444
-109527616
-1104871605
-65384296
568282629
870035491
-1659593348
-558419933
-1480013026
-1884675061
230069739
1290744363
-1279090627
-832164031
-792418095
240956366
-1279888281
1789181660
2103309959
-2137700831
-1763999970
1805818271
1674501142
1725927728
1741539608
-1556306785
2099348750
355853122
-200522703
-183153111
-1773844842
2051797089
1076620961
1307263714
-1142417468
850560536
1916630385
465817902
-771835089
261896062
-238679510
-1798463787
481127873
1920091507
1166237648
33985764
1225535185
731465513
1849557774
-839244335
-2007042704
-1833347354
1382842802
-442805791
1896572674
-1177172217
597497178
1267731918
1260053264
-1766022329
1405273455
-1149636701
-72288163
-132742591
-1059179437
757220843
147560246
149121843
-1337357355
-1657930486
-568093426
-21375996
997342445
207615722
442062153
-1863779449
356681381
1572255961
-771577000
-1058003967
1831336020
-115567696
1374439941
-741314072
-104635630
-1708152264
2083673103
-1479052563
1696722535
-619087414
-1174871559
-1612934852
-433699771
549701941
247894302
2076964610
1908672568
-97312285
-535793655
-1157781969
-1172369957
-1767033026
-861414397
-1484797828
-54328691
533979215
-1582291988
1181186991
859799141
-599554136
1321927758
11247134
-1916817310
2127443332
1049120943
-1908318351
-1527506457
-866478036
-870949338
711629226
-1424487067
1358999195
-1460272336
1218590314
709092441
-1703675548
-296861501
1435706476
-606592903
-463120941
-1431770973
-1152736938
-1730352087
1099229011
-274541323
-1684087888
-1057706445
-1553026289
2024768785
-70307532
607626423
726847962
-709282916
1895009607
389659488
2127846483
-1083983404
-2111525945
-287633192
1990751556
-1605774291
-1281407993
1989599101
19994186
66165789
-1849663465
-1089749676
149258939
716065588
-1411816376
-827103426
1058309315
1987222382
-1849783570
-1418753176
-441788208
1358452940
-337979289
-202094840
-932549841
-187238368
1220594524
-613397691
497372151
-1569962200
1558138182
190700918
-1168540379
202869215
360097588
1718036111
62455560
-1938253554
-278823222
1190888919
318488287
980014632
-1459478644
-203760930
1041189824
1921321047
1424266332
800520878
1922201018
-1838123310
2091537729
-27605952
-1228326082
-1741499279
-505639575
-1396078543
-2011715398
614584450
948845936
-2118076491
1717079686
484991197
914865634
338759371
-2125516541
1096751413
-2058787330
1826860466
1874941697
-2000542799
-1781835075
-757934693
-122070431
-1149915462
1320995346
1711619231
222699259
-1807555562
-513468814
-1506398989
101258177
-804995787
1382921878
1350820697
1514185252
-446871349
184798590
-184491815
1207938998
1040266654
-265503047
-1986255952
489231888
1974515360
1780040419
-1902150775
-120572683
1691489344
-1745436561
21130474
1393427127
924024572
-831066970
-37529616
1617706713
-155257030
-599656209
727701055
1677634293
1422155352
1476907088
-1532984269
1113353696
-383056639
606677300
1157343579
-1775631093
551373506
339308398
219509798
923166763
-774495524
891734654
-1877230370
-1951120612
1457623643
568706065
841384918
981625346
-845251737
1347572430
-127557921
1434774449
-578729511
-1529852593
192367104
492987982
1652315409
1800505709
164269925
-342916554
-1695806714
570960832
1319877271
-301156578
-1951254370
560982885
1103645421
-1453801606
1078788927
-155103743
769333570
-477340125
1147889573
1435377670
-1962367769
-1011197389
709513717
2071375157
-713114661
-856107725
1916969746
568032611
577368633
-1960353928
-1784563921
224893311
-1887003407
-1965592887
107692454
-1635017518
1002062778
-1275913403
1883017735
-1463675255
-1132609977
-1575467389
-1988716942
1023016816
2075095224
-866348806
5582633
-166967296
1189632851
-1970224733
183478112
-252853605
-1008340621
2120254428
1955030871
-1382093291
-800724032
-183132273
-1689832534
636445814
-588215905
966004627
820415975
-62721539
-1704921620
-409560494
197790305
-1964861336
1103282918
1737085099
1450356547
608436850
450277738
937269016
-1382305561
307637149
-1358940316
1535352083
-1819861144
-292929487
973109634
-1613535563
770660725
574355844
536521769
-999109472
-987998104
-1618150790
2041122732
1617696287
2063149462
-772083633
-1838613573
-2037837429
1375152360
204503955
-1556632039
714919664
-766390102
1108157814
1092669585
-2015633169
1914647202
450946373
674949674
-805484571
-1228509596
-1935934924
89993113
702311244
-969492252
1971068253
326985462
251053409
-1865496244
-1966321656
895210163
-542759673
-1148338416
1893517869
1141790665
-1465734677
706991422
-1364406986
-1503964365
-1889149209
990541594
924344072
-1360538977
-793078101
170953194
2113417540
1866736739
861630106
172032013
297941193
-1893928275
-230941711
-162068142
-836912771
-1467589122
2100815662
391410822
1237699149
-1078342951
-1247675985
2118391374
-1102998159
-1393142089
349856152
-1585755849
1923733748
-172021699
802484218
-1983194357
-1876464781
1320292016
1772967217
-784270490
525256996
870589608
590749580
1392705416
-315036390
173632003
-198803405
-589361301
-293995834
-1660450532
1181022789
346230807
-652575808
-2111620291
858480704
1179082549
-1782565433
-1116012463
-1767717978
-103730206
-1887445754
1905860061
-1487127844
431601862
295773848
2123503921
-705322668
-1981533340
-818741426
-637263654
-1937263122
1425984690
1776675503
991893850
2003647387
-540094740
-1602302400
1590968602
399048771
-928879452
-1986745084
-691560545
1714089448
2049926430
2037389126
-1467173892
-1894610421
-708372006
-2113187179
1297815175
1175422798
1446898033
-1096909297
738132431
-1524150950
1684857764
823342818
-359336243
120625922
1427253937
57639183
-488705960
591701672
1329960425
-1442842511
1039456734
-411606817
-1610847874
419794430
1509506385
268352850
1265645473
-232041141
-376021922
1208690147
-571851060
-280156587
-124311324
823229463
62249308
-1721755779
-1640836957
241781936
-1861103006
-2015751212
-1948725196
-64480869
-1205750855
1996886425
-239681224
-1555243508
-513973925
-1098470145
-267364396
-925028121
873371120
1562454834
1091912540
63416673
1834030247
2013735324
694675021
1551198695
1443079241
-495616669
2034440577
-1020332738
2019895179
-622655690
1549561501
-1240026646
-1241880925
2103607113
1988339149
1321058260
-217162211
-1819902563
-573093197
1484653606
803743470
155665028
-1536054116
1041141625
1710148553
-933362844
32548340
745914930
967090097
2021769146
-1402083588
-36777175
-1092032049
1328407138
1738848185
2106498186
-192415099
-447007979
1264411951
-1404185856
1544486338
-384312270
1057344975
-2132997361
-598073705
1819510976
-622739155
-1849085759
1973997578
-956244302
1857365749
1270699396
-831697110
998103405
-1250615009
949549138
902410851
1548273800
-1934844575
518007826
-453109229
123729618
1611925989
-878886850
1630590556
-1845084776
1436754236
1881264069
1278383675
-1392048089
1331626385
193944113
1919808473
-1053258865
-1382677727
737004300
-950865375
411252394
828244458
-568814720
1837383570
1990303324
994119330
1026636349
370496085
-1371772389
-531645718
869303711
2139468178
-415628111
1603237059
-1994546162
-887685122
1515328832
-2043763392
-997919064
-1293902920
678495366
-1588623747
842949149
1843193685
444076642
64349391
-345159205
-1638297543
-1280655465
-1531756740
614635882
-202021336
1323470798
1643117357
-1087668200
-102000612
2024695777
1835507554
-1558330664
-1240110504
1595083862
-317109723
1539098726
1913174460
-956922839
-112404798
-874462289
122347611
1201169357
-1579129291
918265968
-420163766
-1575664523
957955877
-789735907
2107535802
1981016975
-1198638831
1083540739
-2093699767
-1449204080
191964872
-282623568
-859925612
-250241290
1944056862
-2020199790
-1186227952
-1723061622
641559260
84009949
-863116006
698440678
-786640136
199914930
1178668876
-1975068874
-917839355
135235709
-424747503
-59822270
1529982444
1979485086
-878126469
-1965928789
-1401121060
2129957451
-1352217261
1496887668
767319167
1791759028
1898412401
-708693308
-618999187
-1820527769
-546166962
-1096453399
674293733
1277397749
1118623191
-277800544
352908986
1188656598
1034167427
967342227
1820495242
1288529545
-1377875289
841568802
-571725514
-800762881
1215016968
-547305371
-2013621875
-483743175
-1770980687
-533612431
-1718825654
882270511
-1734892025
-925956645
270983488
-825418253
-161908966
-1510958471
-201535789
-1283866090
133456445
1878138479
285902250
402066762
-466766376
-1831424919
1531755682
-1117833912
-1617125764
-300087771
1694098949
-1440573452
655382583
-201061068
2144973563
-1017844802
857186601
60261376
-238233024
1827836490
888422743
668556048
-1484909034
1482027346
1453243326
14421642
-766472835
154072523
-1792312149
1978062841
523181218
-909302458
270801225
-1576748976
-1507643244
-642850407
645690491
854302255
1037118013
-1957772610
1005903083
-1388762012
-1654424433
-497931526
-1254655901
-53025613
978123261
-1882556095
521179227
-1389380902
1490945324
158105048
-1559850030
-1493347377
-1909483286
-256371396
177201761
1897100619
1654807390
977538370
527545484
-2097911413
-1117835135
302037119
1152693595
325147477
-701890612
-1987718167
-1789845207
247852600
581869875
-945380674
-1518502469
697210648
-897899183
-288267100
2124955539
-1251116823
-799413021
-529692143
1976955014
1720306106
871449466
-1463923988
-979194996
986842101
-1430949524
-553286796
700383702
1785292772
1049983243
-352519328
917347622
-1599237769
-1566969063
-1720026296
2131243866
-1311168956
-1791967622
141907011
1290248008
-837492786
1549236011
-320193072
1668559569
-1743227383
-1534990221
-444289543
-815753680
126955037
-1623658921
-1312616523
-966604653
647762282
-1388217774
549288846
1256461804
1375604940
-1595756731
-1559439741
593106440
-39544801
1658669228
181041966
1900546271
782063109
-1625964270
-109129431
604578862
-111395866
-401216570
945256110
-864442813
-1156384200
1101133263
291758205
832422423
1464696064
904397340
857838594
12761249
607857815
-309275393
-1869652042
780645224
138737329
1550533340
-1852754491
251737178
-2029231205
-1982638563
669289712
-620548388
-1963967549
-1735303064
-2038469708
-1530192350
-822640259
888957716
976388523
-1744524097
600556291
-319898920
-855051469
-1917271681
-579336002
315775685
1751563085
1432356212
-2026773565
-956898698
-1366243386
-967887026
1254514847
-1480529019
1096299419
2034556912
312271447
1029106240
-1017887847
-2042282945
1541286313
796286363
430770500
2020241468
-2106717032
-1621652887
-130887687
-719562924
1581949479
-80398906
1587329110
-1484487178
-1446255004
1618023128
1451959769
-515354522
1986730663
732223414
-1936661817
-2015630640
308897307
-428135001
89136718
1600059040
287406717
153809039
1357293805
1914966288
-1840758492
1679978917
-55110893
-1408616702
-1776495552
-719867543
1146262022
199758351
-708294554
-1265777451
-266219770
1219920607
-1406006709
758045138
430507185
1697184954
-1802119985
543002349
69602985
-1875409313
1567916861
39293514
319639411
-184060908
-1471593519
258915288
13930658
769470206
-1392447878
-1300425019
231293236
-309158478
-2083945504
-301232588
-761153989
-156040693
-1129572185
216674605
2068795839
-2011799491
-1698451211
-143375915
1452389346
1105445674
1963446321
-408321058
740907589
-58527244
550093070
719945280
-1601547862
-1032099117
-1099966009
1941218344
-405414437
-808995033
669663403
1805818161
619461577
838954192
-1106184996
-1392769839
1792401911
104558781
-1898766509
-1353078507
1893065496
-794472765
907800614
445755536
-1972545801
-1871988049
1590791181
710371216
1722936726
-587755874
479645218
-1837050733
-338161510
-101852533
843112935
