-377569869
2046659657
623842667
-261822063
1971109740
-1447352994
95986912
1147348027
1830436347
1619686173
-942439287
1361015283
-928703305
-1158795077
1359399829
1324758048
302854685
-914234203
1568527562
-440974356
1639844612
-352143968
2054772448
-1340553726
-1317720812
1814949425
-632738292
345831065
924159096
-914763202
-1960793382
-533057103
-867161902
-1747735819
-52397505
-297485411
-922417809
-2032653076
948974
-485618240
1421799611
-1096180600
1659180010
-73028709
-220213513
1339643043
-1108811684
-513555450
-1002808280
-1424977047
-1458781018
2074485437
-1288595118
1786687874
-1839611721
-643025378
-62564122
-825153675
2022773664
2047290672
2004262520
2128348491
1687454823
-1461751321
-697973324
-1839218574
1019864091
715195301
314025106
264469476
1668029736
1907652100
1466834120
-2006372728
-49454100
-1140680750
1236521088
-910996520
347298953
1952253532
828501579
-265694525
-2144384516
1690710255
-897431468
-123279660
652319342
-1120431973
-1635833128
-11446382
1882809546
-953345990
2027267541
665696810
1261808527
-1389813584
-1489617407
41220427
-1372096281
-422292109
860567805
-1486258351
735127543
1116824909
-1810171702
-2125308251
1731227511
-728466592
-1720706436
2060852322
-964296315
906675307
-1541911508
979697980
-995699530
-455179190
-446296526
-201517923
307260014
1919451075
510710676
-141548016
1144694385
-1121468801
-1622002248
477530338
-625538119
732227925
2136354657
-203463162
-616140151
-986265394
-872443176
-539375559
697011138
-592336923
-853463191
-929053082
210879860
-1855742194
996104721
-796954550
1824875703
-1067709575
460639604
-1638702757
-9246532
-1424181609
-959376108
1228348902
-1016001762
-306744868
-522848320
-1404985738
2029646205
-1253889337
-1570990775
-1596805764
-2115148723
482327327
176302971
-408552660
1358896875
1244658046
1598535243
514395044
183602417
1009110546
-1450254516
566190931
-1641117494
427052962
-508432280
1634899352
-1877676152
1836592335
-1415856693
-1170073175
1567301108
-1146690148
1444920098
-199161418
701737702
-1323722448
1352773637
2045653069
-903679273
1792043993
656392112
-560658433
-62306124
-2017998508
-156715015
525111620
-160505868
1313408843
242473854
441655963
-887372820
322186270
1668193053
-1512794379
1930915937
1360584166
-1603800408
-174424493
1951457119
-852443722
-347579175
1442591917
14229576
-1976716509
457216643
-1719729386
1191693359
-1112347642
-1278703350
989114140
1434577766
368546944
-672439275
434707572
273752149
948865853
-671854975
-1323965225
-121492595
-515992067
1952149144
-1331885530
94313756
-1937057200
1662085506
1580869332
499828514
1296277152
-1287968261
111919236
1770538404
-1150052492
-296296890
193765616
672313247
-981580558
400449888
-1175496435
-455719584
1183327398
755663737
-2037624212
987607058
1468644225
2023613855
-1636494621
320546456
1459272739
-640328516
-448424340
-866219107
504548700
487002050
-1778982068
-1354311448
242332912
1196999972
1208237175
-1232180236
-673650022
-2138500217
969315890
569837503
-1749231789
1296984505
2030055674
-1458331678
1410614483
2106204642
-36929884
-260357919
-1540308649
1790776312
-1731807803
819046852
1976761253
2014206840
-444876973
-1329108250
1582979917
-1123269550
1549937292
-1023631860
1881102640
442143524
1574826774
-1278309447
2130467910
-620716885
1082287463
1523175871
-2063524197
1497161845
1377361254
-1929388263
495509145
-1175774501
2066193234
1108859128
28041357
-1058733522
437193443
-85967589
159974499
-2104155344
1670502574
-1901603485
1785492404
2121699526
1962834381
2046415014
-156980222
-1565304086
2121730494
-1228794686
-920164031
901710054
1547608715
-123986443
-1992543079
1995002558
1522635563
1633681260
-646276246
1975088621
478156840
-1222223591
1573278352
-1599602348
-245794175
1060460233
1574160871
-1983224721
-835733295
1574308981
2036593681
2054229449
1220157104
1261618135
1091454582
2027750578
-136352168
-1236005056
777794956
608758318
-1286176629
1247524264
1214886232
1053594927
-539590988
1148832774
1668441651
1365360135
504240972
-1006006302
32228817
-1346147049
-735351681
789108519
1497898111
1464410316
-1976283890
-185194179
1266628267
7986892
2064213878
-2041653929
2101172905
-31284117
-51622062
1890032137
1197578932
-1585517981
251874557
-68177380
-1786723534
951660484
-472137861
1041717925
-760059589
-151732183
1167472793
-1940904364
-1774068388
980494636
762689362
1034859017
-1691023721
2037060379
-2143443853
1868205740
-1137219154
1483043051
425751938
-1879935939
-1047011168
-138331284
-759490084
-476573143
485213811
-1036440642
330798620
-2055728928
-1915577548
87697667
1534292419
198711459
-1182702532
1718115669
-1003693291
1509814690
460147892
439100922
1694737729
618664261
1155615322
1159811798
-666270524
-1648285495
197315204
-1862899424
-898683378
-841119473
981838693
200334680
-162383260
-1184206928
1016071566
1948678264
562689800
-74149548
-1756198473
332094569
-1265663336
1781298500
962754240
100096952
1098898611
1938060860
-2110886926
-1036216183
1727843298
1827503237
-1632134263
76848843
-711213644
1501349187
1984766326
-574067283
329254186
-795456757
-304119200
-238345137
-827319467
1868342200
224302828
-1664727620
-468990403
-1864341633
1626629949
269600792
-1346156027
603354431
1544796862
356606741
-120715188
742238237
645488670
1511248299
-455003691
1934742096
-273976932
1000864520
-1714590103
-525135559
208804228
1965504196
-1925931269
-406466890
-545678600
-850190248
1557601805
482411446
184918771
-2108117552
1674191443
-1062891504
295314827
1529970112
31401877
2058533776
1325288309
-1124626316
-1130462759
1618555987
-968739890
673112170
1924497088
1307516500
1555598872
147557892
-572868304
-1443035066
-1184804734
-1246588295
-1976466637
1663359395
-1538060693
-312594932
1465879070
-530510332
-1367035096
-1450277503
85334261
359387571
1748083973
-16637237
1560452365
-192752770
120493194
746147081
1160794355
1135992781
656767998
1635937203
-1843449460
-434398985
403936048
63760656
1567793533
53010640
-741590156
-475838485
660365004
85772166
1307584492
1829003397
873377479
607916973
49825288
769587405
-1513429980
1823782807
-689427889
846343118
1708106601
-1045248023
-483130018
-1576512408
1153206670
112576362
1906468145
-2023133374
-63498016
432954398
1068648097
-725800961
838275111
-1017527917
932330285
-110885457
-165769205
-481194887
155035388
-53319033
-970673485
1989907320
-1272882398
720329429
417298862
690950462
-537325534
1344552749
967063062
-106867754
1588298931
476714472
2118373106
2029882688
-519879481
141805518
270174684
-1007642307
-1719771960
2111607826
-641648157
-645215127
-1957724892
-1237530754
459798706
761733263
-1404087797
-462015762
2109787633
-1876405704
-414903433
-1699932926
-1461524246
-281951355
-858156692
-981898482
-1074442129
881539134
1022902400
-47719083
637152507
1195097898
748030622
-945767817
2046955799
-195470176
-1928468474
-738281945
1268835327
1456491102
784303255
1397120800
167006853
817750168
-1331923632
-1555398567
-1440355788
-228033452
1578418708
1222173047
1683047095
-778111244
2090583981
672012930
1096341884
501187348
1980413458
1818652379
2142929812
-1018232171
-2051658004
1091363693
-1424057892
-578344454
-681523114
1682506787
-1603583135
349373682
697071588
-1979773799
1087865344
-640241611
206121447
540895253
-804264627
370695315
1388251374
1225637048
-1908865098
-1867649207
-1802028658
493811184
481966567
-1498164330
89001574
-1581186512
1451032686
1952895373
245758045
1128413155
267667362
-1627128276
555923245
2076808605
1795715521
1714362542
-169308635
65556883
758358872
-556734179
-254574294
793799757
-1796476441
1852077098
-1672028674
50674329
758077636
365107264
183866820
-743040318
-589326273
1928128470
-1205327165
-1007499006
433742598
-884222716
-997378454
15468340
-1885569589
-255491495
-611464301
-932541491
1694807331
-2066166549
-210814709
-288265204
1991626161
1799447470
1885335634
396391792
-1847274877
711786505
128291998
557722218
-531405381
1488130982
1575908901
1561876052
269219697
-218562679
-1826030180
983919777
980420312
-780523420
1399311354
-1379915948
1954992543
856456232
797020801
578427062
947721625
732904671
-846731522
-1994841022
1412221087
1639654584
1361090638
1740575460
-1265767755
-85444765
1384204068
-612780446
-1604331925
-1999711073
8734474
-1418899430
-1083395195
-1597054960
189926309
-1649266963
-1916866595
513872469
-1585535428
-375801733
-1657085304
-1199323302
-705226886
765350288
-1165165256
-113910295
-384009869
-1417356835
-1098960928
738688135
674186724
-1569870102
-2133957987
-1552822403
-484361026
-2013369781
532883924
-1339812812
-1631539483
783077137
509548695
-561674810
1879519540
-624518525
-601729716
-1198457136
-512623676
425274382
-1551674224
-2098699123
-185960082
1188509817
695000664
-1286918368
-1742091379
-158729124
1723122009
1165796144
250234376
1790878162
1723848874
2136707258
-1981405297
-1887974035
313411494
515287841
-70053340
695633514
1622478870
-1601843575
-1568798756
1491922469
1106798224
853657190
304345062
224426703
1888250137
-1499895473
-2007046196
1852352861
24648721
601628184
314631417
-1772987709
-1510944432
-1671487970
-1615304070
-947957663
-2117968501
-1511782172
1457805064
-1227064387
-1120223236
391945438
-725086395
-1002367629
-1254743998
173058445
-585004986
1613999977
1045579397
-1360490805
1261893201
1018279494
-1759579683
877649255
9053159
-1083632092
-1030573836
910748916
482063620
-157616509
1583489257
352549598
893967012
-1176911487
173127287
315991741
-1519240567
-1002182073
-327649962
1570234349
2118324027
1241523910
1022114272
1817811038
2023474256
-1781067613
1605794040
-1892822872
1871942381
-1726914193
1752865319
-1020538527
-54992244
1988181531
-836415481
-240015950
2045800959
353387946
411996900
-1397019864
-634417996
-980199640
-730979937
1140443847
-347221959
1312834266
-1516458795
344338276
-605075966
-80684362
-761655231
684100916
-1991256726
438441493
-1326236066
1689865887
-1648012809
-279626586
1722335824
1836923482
-362960415
1432636582
459340804
1726834356
1750268117
-382070707
-213943659
1220054575
-1167621386
-1586391413
-1494411023
-2101307055
-422061021
-1268251916
-957169476
-1744277060
-391004289
-1517885193
1581447028
1027830396
-146646227
-1745050026
-957572651
-176485984
1412895835
-1367641903
-827102850
-2123079925
-1321728126
1408174884
1441878227
919147659
-327956245
61101364
468549925
1195602730
-452449932
928852868
-1895510256
-1992320572
1688994707
-360822291
-154078940
-1546092327
-1078307685
-97770098
-785218361
-423565404
-2013321666
503771648
-1963197095
722828908
-173339566
1132807630
138011033
293003801
-187024680
1911558692
-1997079737
-812696311
-781682631
-1376132667
337730825
-1659854556
-2036633647
1964413762
-1927322990
460746541
-926865231
-1453850008
804392704
-844800165
-59202400
703026426
1169452421
-1305805016
-969479325
-780542305
1042143305
1033287783
2096825918
1453051933
-458798705
-2022460004
692563898
815408583
1867651862
1292646279
1839315879
-2106029772
-1676617791
513028098
-1673626780
1794578993
-826735751
1457665548
-1233280419
1886868216
510590290
1891313444
1115582165
13532065
-588554260
-2010773029
-237495579
-888708904
1577813019
-813496924
1853479363
-1426308657
-1995109942
7963630
943121735
-1077073546
288262940
897502836
46620587
1439049449
-2045911597
-1829257517
827264402
2106333482
-755071243
-66235556
-569955253
1688076815
795428012
410336555
-759633834
-509340547
321901166
-622019720
898250790
-1192955434
-255964323
-986359764
-1116266712
634178223
1759891183
1799903671
-1897030397
1828280006
1739213777
1567555104
2074266913
167303219
1197970696
624612189
488372846
1410964956
1196434777
1966784740
-137450657
-913655506
-2054540053
-201419135
-1587090890
384162569
1515586858
566506602
1743998339
642092027
-1561164051
172400784
-1783986963
864695216
-559694118
-1562862281
-1913229774
-157047895
948997129
-1787194168
1353512555
1071388972
-597445401
-1792217370
-1608561772
-260248965
-1946788260
1271472830
170664524
-1963699384
134762800
787815075
1678382040
-601418649
-814960214
-1772110631
541808749
-1559242043
894963065
-509170256
116154798
-143023720
853992408
1176411860
-1001186957
1405191127
1606552556
2097201123
104646859
325038317
-1942446736
1453728832
1089792836
1740535976
-763543661
-1733086682
202338921
-505306505
120521248
1084387071
1619344779
-657488940
154412255
-1690354442
-88487484
-36664833
7303483
-1047110197
366829112
531704556
2017397284
770395877
-2087765858
1887269245
-398600650
-862006611
1859616254
82614515
-1985026022
1323580185
-1932987461
-584684638
-863205076
-1930933882
60212436
-1426892572
-1028994466
2078652362
1525340006
84112975
-201867429
-3096951
-1978829195
-1995972566
853657583
-1593561913
-365472789
169684252
-980513883
-1309678401
-244111648
-1245910746
101944241
-1871588878
621046299
-1302901806
327905040
-1753240446
1839005400
789945772
1307667693
-916906561
-1409042485
-279379727
-1050773178
-841016830
644485220
-980381306
-522577969
1025934265
-1244687276
456986667
-1481967338
1361669059
-743064752
-291009296
2016527847
-1814330626
592395541
-1389116185
-1961181967
1444647197
1786913195
177088282
257492649
692389054
1187254765
-1535068993
-181869715
96596155
609004615
-1741082454
-494659603
-1641084225
59892161
-1954655742
-1069139002
-844595428
-1782669507
1777921591
1391775343
1643097564
-585873668
-1080996301
855193176
1418142997
1043054182
741352143
1683557968
165899393
1125323786
-1640641400
-1747229402
1755608653
-175046174
1995565681
2102383507
-1514878671
-358101028
1385194603
1519815767
-362235968
-486188395
848323732
-1823028575
-2138490623
1252409959
1110242301
-733789517
-891603395
835618469
1315319455
-257787707
-395484646
1658458404
-2099953010
466297386
-1291588376
-1886652930
-1469796754
1352856753
-1499813318
-844403822
1453945638
1630570573
-831816776
-1708540210
-1959711532
641150712
-865069772
-1141061712
1726236416
-1797396781
-2144113158
-930242039
1473953811
2094058129
1513649003
-481055101
1492463625
1583260694
2139148492
87039974
-948763035
202016090
236445787
-1767991146
1692021605
-1339847789
-181200477
638819423
-1340886921
-1015861101
1522176273
975821429
-958161941
-1741369746
-1172218682
-1446276171
1612372969
1250900319
513733293
60137777
1112243364
1207145451
-1034431536
-1517953301
1906851279
-1353531065
907352295
2128543455
1833632592
-1353901578
386905138
-1673000890
1873091891
-1013561674
1800240264
-1580333287
714578656
1912694172
2119914926
198356947
-991879792
2017975677
-1726936596
1331362683
-2022580739
1876919184
348170461
-673382431
890100056
-614795439
234651527
215779367
816863616
-1827055449
-1438909014
1620717954
-1901900688
1001962568
1599675484
1393627202
-730849544
437322332
-1452992043
-38067953
1542917807
1555231584
-471032185
1431636596
290793255
474072909
-1397710990
-883035487
420503138
-1866761480
5935541
1368943980
126125189
-1675192388
-1425554585
849200793
-620561717
157438293
1206971815
2078616666
985818556
306191886
-768584719
1538555416
1692061341
-1461965537
905577651
1619575667
945678378
-6529200
-1161883873
-1008693369
1566730882
663987681
-319962557
674419825
1590999650
-1065227347
-1634842282
-2055148783
-1202827371
1854336140
-98813613
-2120559856
945327787
-1977573639
-1611471925
2098786084
1821837800
-1653337100
-1783921929
343851410
346054015
946467113
-47607028
1512991988
1091312384
1377167698
939715795
1242365244
-240158707
1400035033
1085699448
-684475144
-815156140
1811111104
-1493338207
-418702633
1316776632
2114007493
481360322
-940579989
-579124783
-1232897600
-830626385
1816908592
899788695
1361498448
-1539959438
1779877068
-753613735
-1717047370
-784557730
1917190040
-1451085581
-2096364800
58379108
1745054302
1659698239
784345705
-1074887772
1021224548
-1635017781
424391423
-1405550009
1237735081
1940022220
-556336506
1310089867
-1799874706
-612335021
1367547036
695249694
-1527125513
-176883266
-55783907
-1390211152
-1952966510
1794395760
-587789624
1924609987
940496600
-1736516668
-1549764318
1873780420
834085426
-1000143810
108046490
-1534107297
1107469983
1182118147
-2101834259
-134149105
1779084211
1989072011
1538515403
2021867251
-743289374
-633412460
558843322
2115713768
-69433346
-401768615
2117161787
-1258640429
-1942302467
-824135677
-1725761238
721896510
-1203678720
-1238399393
-791295126
302513702
773453968
-2036730414
-1211291455
539301138
171960618
1437282185
-753313025
-1113256601
-1090447875
1512762356
-136178330
-2103288582
-1866727951
-608872588
464516421
-1088780057
1888212971
-677865902
-935663387
-865022816
1903537743
1097995251
259891369
-158622136
1682779846
1995772233
640446064
-1252678591
-323997120
115811981
-1548732611
1524625411
2045002044
-1829327830
-1515431142
-1273297
1498519622
-707117316
-1272924360
1703271395
-1173655359
-1570253895
-1599658405
1471668560
428708326
-1471869521
-1185012876
1355223432
-1647088116
-2034643793
1829270159
915928988
1215123497
21571145
-201067537
-357992218
1702649240
1128545848
657982839
2034508962
-658083812
-87182817
1967003210
1133930691
-291566556
-1745122186
-720547658
-476135420
-1636632752
1160835774
-962822579
1833053500
-40357069
-911736068
1669040724
1459525622
1121738842
-1179151260
1436042849
-745677248
-1167602291
1491586899
1199068479
-439898173
1982576468
-878456702
829186068
1985840659
896957372
-2004497544
1491007942
1089293896
-961493414
-149004224
472110233
1889310669
619903120
1525618780
-732811748
892820599
1750225423
1213939449
1778357573
-974473767
-1346789988
500271203
1331588827
258282454
-568760811
950287546
-1399464940
1705691255
116914102
-1305683482
-799086722
-947454723
-399920744
1781752007
-1320346591
-1351719878
-1006736517
2120270257
702999269
-987087332
1354298308
1057430551
-317423055
-1980268406
2079451592
1593951621
800193493
-416335502
852981834
-501593133
159122729
1263173154
-1085295550
-92346729
1499227510
996506583
505127904
497683419
-376568173
1166704019
-948620849
-1830675441
-312056877
2068249395
176328894
1148410177
655131422
-912652864
1755173659
-801792630
-582755235
-194206460
1746385697
-2028829493
-1158425829
-709232032
2064189204
89652633
293250664
-57262883
-1237991989
1240364405
1046805249
1939923584
-767934609
541660224
51471277
1918864097
-160293247
1935260397
-212235287
-20676866
92603681
-835077768
634448071
352115276
-7984500
886272022
-1899817966
684699919
-1051255578
1525174189
-719702602
-1365719062
751231801
-2054034043
-1879564450
-1753304903
351452093
2048138816
726859359
640508062
654178905
1606503431
-879704108
1683723098
881511273
2031188998
1781187337
-1896706083
-1951015231
-719341799
-1307257316
-1676336609
1945321202
1305004487
1614444769
884727344
139122891
987860846
-987926010
409600142
-766019806
-1750451008
-2034187657
1977581494
374552276
482669
-1613995261
-1260248323
1269348105
-295667423
1753004095
-192892257
-416249412
1016042417
-239411030
-338651880
1219930234
-917767024
1089028369
1247243698
886829417
-1423040121
-842927307
1582796895
-215748469
-502179675
-1453655382
-212902200
-1640007356
-1972120205
-1203870719
-1486298459
-425143271
868498796
-1748848087
-1801963186
-307329862
-712011861
-223199726
519873682
-1252660158
-1619438618
-384406382
520180935
676285372
1611875482
-1662656884
-537378782
-121050392
-834082681
799211342
-1933927608
-1920506049
-1553543329
1709872443
2021639972
914714421
537683385
-2084030295
601147387
-1111659075
2010289227
-1314859764
699111869
-1310463470
1432395352
-1545496493
941290908
402759603
-2041842841
1235481746
-2133041950
1648923310
716630069
-966944800
1612676351
-26237919
-76707092
-356680062
1646739681
-1466668291
1233061524
524649288
-225041528
425415949
-414889528
1111626295
1351915481
184702006
-877402963
1085792615
1783994801
-509961216
-1058909664
955896878
-567624644
853685076
223682606
739732606
10111368
-1300341113
-1211323448
-1149866357
-1291892908
-1545329257
-1365810249
535861936
1717859630
1682733747
-657406259
-1980194413
-2016897092
686146816
2027262300
-321407354
118203737
-129182822
-1899442708
-62430160
-978737181
-1099727656
1334623527
-507410580
-1486788654
800812499
-1286747880
270177392
976368781
-680530391
1978464148
781748786
-2046992904
-13526018
914001912
-1963247610
1942827857
882074691
952690708
-233784949
1519164220
-1336394950
1613401190
1924877512
-401106661
733305145
2079209354
100394641
-1287760989
737476525
-799126287
-1578686161
-86413140
672270945
-1053766959
60858687
950524487
1453641984
-1347426468
-942510886
1503346965
1627266264
-21836493
-405425930
1371140054
-1563085088
-201250019
-1239252725
-451820480
1085952508
20155123
887364857
2057396497
-87108226
953000927
2012784936
-1898320537
-1185330192
644815813
1852949744
1655502159
-303891952
1841982464
1360896827
658456475
-773234149
-220668591
1375111529
-1902990089
-1676789938
-1984049389
1842403443
335967294
173311401
1698348467
1014891602
-844214263
866259446
-2101822368
-1105388127
1316385161
-794282487
-234662402
-994586239
1242778774
-188236472
136055135
836043708
-736521977
649561453
-1085483852
-1365743828
1552672068
-1762793590
-569146303
1285077085
-353290728
-1018614451
300333135
67927665
-1763725365
-1670146427
1165022823
-746097084
924169327
1849930468
-622044740
1283525583
-1476697222
-1725819898
-1911539992
679380433
-1526954347
327785393
-55425317
-1824405589
-690751566
-1337464226
-852431600
-1056453237
-1730227100
209170936
756313344
720389837
-769715606
-1752764189
-1268014373
156889757
-1459992180
1815566655
1383011189
-493509920
2084226730
1000826989
-1322219650
-301201068
1705393169
-1353256239
-674454026
-1357860107
736011024
-1123932199
-805879329
962516386
1467425482
190468670
-1139650765
-1578970112
-1821372338
-648816502
1502262040
-348284002
1760189412
-1087028775
255157073
1688027482
571735977
17515235
-1004893960
-1252491262
1716798302
836900665
667130474
1450245437
987228540
1181002446
1560060033
-822445908
470456715
1619417016
440933128
-677164724
260840371
216284216
55064683
1719455005
-536528493
433548535
-480815954
1156099848
1177114705
-536770670
1723134880
276440829
24059889
-927897256
1145809487
-1561814949
-790903830
538316370
-2123912258
-1222430059
-1377713930
470932611
-1979913003
7043089
-1978850263
1155587952
1855394712
-1235824813
1497673541
-1360480286
1409066395
603292250
923299403
1295074281
1395796405
56610890
-1702129067
-294567132
-98488076
802157898
-1928288861
-1819641024
-923632944
2038058159
-1127453454
-502980419
1567205538
-2050821798
-1241183724
-1479374856
528757846
-1501396899
-110611523
597385829
-930832801
1510072804
-1695770982
-27390949
-760346901
-1116783534
1832891303
1281731989
58959447
319583658
-335360063
1022047670
-945628955
-1501960400
1613678714
1430089741
-444223060
-897177777
1998578220
-1369588902
1055344847
2132151741
1665655632
-288152495
2120366321
21386716
-560590576
-296884067
-344653848
1041924963
529129754
-1580095961
1772041904
-551359171
735999158
767343255
1258673313
-1698819407
1812607258
-1687709926
-79957532
624402114
179243260
-1971385242
783334691
-951468585
1741507433
1726534394
-1105553281
1336650143
-1303114795
-751709270
1581420999
178425646
-523798670
2038035546
722643430
1110979435
-1536775228
-1177981687
1677500315
-972228178
1186980469
1626859793
-1762250384
1089548453
1899693669
-418514772
-643626268
-20199049
-972028411
-1685219654
353620202
-451748566
-1549830427
-1718171968
50659734
360490057
-344367478
-1716941005
1929354005
869647552
-825805691
2065093623
493403614
-279700981
1602974144
809882914
-2119385561
-74753137
2054832410
520902148
-1903863655
2006664519
-581688010
-843861909
-1759379898
562374307
1390716816
774199330
150236122
168885164
-2058066736
392008379
-1823277040
-1719110549
-1835070878
-1712625778
-817527448
152080011
317921606
858852353
-1175952618
1439737149
382370340
1418219528
2048747837
-1667228837
1206415011
-475869457
1644211292
-1662909488
-296104966
-256513961
151725064
1506307126
375089862
-914438787
-734789413
-659608128
2128726046
1043001026
-1862472276
1540909145
-1347693596
-1829358233
-1369133056
550702093
-1970583458
1863775639
-1904288833
729158824
-1558026492
-1684147030
-869888470
2011257756
2080386715
-1820368985
-1121098740
-1449188313
-1526636926
-2058441205
29826863
-233847371
1584257867
1066364104
1493544721
385554562
1806649484
-1642515056
-280981288
-1044805501
-789124105
36525650
-646071678
975237766
1307979176
2076241156
-811498144
1954525079
372132286
-379159645
-1987163196
-1716358490
-225376468
292436087
1890823673
-2113414042
427132880
-1299931493
-619138445
-1183913609
1853982149
-1467284804
1844131143
-1415864634
-447180299
1809723424
-145597732
1268750388
-1528289295
-1845800470
1625881058
-1842717323
-1891587324
1051962524
-652201853
1384096058
-1739022204
421784540
-115762983
1450167954
236501868
-810809222
831246495
1065453709
-1562079961
1047595697
-751089622
222363682
-893587538
616705196
1908182169
949240914
928414932
55517516
2027192651
1346498700
-95443232
1203077928
-1726071663
-842408621
-480819620
-1647857708
652573604
965064477
-70405844
-330329242
-778051111
-1811832962
-948457759
-1103878090
-631343342
-1495581562
58449487
974171876
1999903096
1266145894
-1621598116
767091358
-1473980826
-1211595943
1476910106
2031463842
-486711640
1935487424
-1050005480
1887052290
-1783559708
393642127
1182164212
-901203290
902831448
1842839016
855684405
-1027790697
-24163899
-904952828
-1153909161
1127166074
1760859306
-1576125350
179384102
-1134076839
307044533
-481152775
537102159
-1108965975
525502838
1545900089
-533218253
579697544
496879189
-1034221934
-1220487426
1847740741
208718022
-2059218229
-161685512
-217784027
549407162
753301590
792177434
-734187676
1240627800
-1341017094
546658788
-2111252102
-1402303508
-359819598
-1874680211
-139514466
-1619246305
1615391445
592858043
-1757018481
500697704
1321158518
-89120940
-361060463
-1809107006
-432835059
1935126549
-799157067
430143903
1987579478
-500859327
2002955102
470261532
-1588892552
-985718564
976486143
-1801965707
-587569814
-1784681414
-2063843799
-685931334
-11575918
-731058734
-170384444
-793748030
1359586734
-328445609
669825180
589634400
393429495
619021065
-115513057
1943084244
1114210179
-508517561
-1763232924
-1276842108
1401879530
1234247529
1941057903
1158497772
-710671572
-1050639412
859505587
28830161
862742482
1699470125
650764247
746134972
710424914
1253519162
-1593489475
-1595858522
-661193545
847248998
160083135
-925315345
-963425407
-711935236
2052555579
2140635029
-1286669111
-633034889
-391017903
1303622817
670448809
423404560
-2132456469
468922340
1535260122
1228587415
1277040893
1670804707
296366493
-1398559354
1376454157
-31005425
1525436895
2107788114
-784815115
1938680633
1281706391
-1193603324
-1992314649
648997444
1874900850
2137124104
1432640946
505733915
872548018
-1602292923
-314326205
-1419770395
-1719666093
1341841261
-1074842515
-1653693833
-1670691217
-1888598379
-1130424340
1904225290
333110242
631448071
-147695961
2028487725
1306446385
-4074153
1849682484
-833421060
1036311463
-1308622412
-1865134175
1094378130
-1765257279
1108916863
1129112177
-624677957
1293440971
171634465
425681892
19436014
934754762
9707033
-679726468
1914271866
-1720828516
57320787
1671296443
-1339151618
1009829981
-2061745216
1971438128
651610909
990595597
2072682530
745470388
983819634
694215023
1154017575
1432775665
-197271102
-1257973197
343597753
-2080081117
-1570323856
1240164695
-746130284
316295458
370403125
1677675465
1539444248
-641847137
1381287695
-1000330416
-329944224
-1714155859
999740794
1965551021
923518866
1007820931
-31062307
-1743564291
-1414272904
-2146469504
1036822599
994869345
-1298305201
1513444718
1332510298
-1839435808
1931209439
1111280394
-1667866745
-768457077
-63232309
427205316
801422715
-864151583
765465642
603149762
1227936216
579773813
1781999445
477985066
-1216257496
1220019661
-687194366
-2118575712
-1341305074
-2092739187
-341481327
1860094733
-1487183171
-750397739
940774822
1018261666
-2027154770
1723867878
602773239
-1548091108
-621729651
1649168907
-1014173594
-2017146039
-1587378573
-1112785482
-1053468079
441450186
1360951898
-839434008
1637614633
-967607015
-365472563
-96920874
1381821505
-943311155
1048000223
-532031543
-1084890904
1556453661
-1187099811
-373234619
-24641863
-645410910
493805382
1784917613
1784823856
1267326560
-551678597
-325944923
91026049
-1074341882
-688459342
1128024185
-1720245340
760591477
698980016
1846345916
-589013580
-1252029570
-308407369
-770232844
63587193
-1179109393
-1615360708
-512948747
359850563
-1587566896
209325277
221418443
-1831744263
1028806378
1621189777
-236114723
-322481040
1295240328
2053542176
-1552772018
183398656
-1857684095
-426487850
119304358
-1704513195
966588788
-1184703629
1577777073
14205570
-72461739
1713243237
-1198787417
-268212901
189794601
152574008
-1519809396
-1830034173
187892493
681528397
1312187609
-600874301
1864452732
-1697472567
2061701212
1722256157
-267870000
177105104
-180165028
-1149990880
-1956764663
74973427
652519424
1543718142
217058508
-1179433754
-486172688
687593179
-1878603601
-414983306
1370220604
1097670375
2064053427
-356026439
979346045
759691694
-1143342063
-833254778
986148409
-1802661970
58416953
-2128341209
702601611
1052351274
946136855
5807949
1239549955
86685501
-1569437545
-1905829309
1665985482
-2066215887
-2088174485
1590831974
1100639498
12905745
-20885749
591137749
-1083825268
882391676
-1188434691
1960631140
-211188063
113680059
1646489430
632081621
-1692420282
-1457785066
-202003329
-2040667831
1910065282
-429818270
-1505701572
-995285261
1033480723
295931102
678987242
-939741425
1687034185
1349714240
982885384
-1413320942
1619541040
715892490
1374633976
-412647133
1340394228
1493839393
-537654523
-856262711
-957813887
2104592287
-2071375449
-1297172252
1478959978
-1654080537
-161146362
1920865249
-1473838069
240619002
2098013884
-54458583
1184429296
-996573176
1115480543
1287481562
-1743667080
937692490
-1844415427
-732797256
1558169269
-101307122
-546075415
1553207653
2118515350
-1386974445
2134285558
-1044912432
-779678392
-768188138
-1416262782
-316993557
569207768
1157545388
1596401142
125978016
-1499270372
-991820718
-589508469
1262391557
-923435565
939213506
1294875407
-790537523
-372002549
88143751
-1815798296
-1931641343
1814014658
-103758381
-1816575143
-803581456
1395357392
253891216
850223363
-2074550428
193818115
-1474502988
18974127
245019926
-1497832565
-1391234343
-128442550
-256045213
-1045838696
1467133964
-126427856
-1754118338
850923073
-1763304988
-597888339
367967336
1284652455
803859926
406617535
876457695
1118576218
144104391
-191031776
730184595
-396256517
1628976099
-582367100
-1412698017
1709405217
-621371988
-1156775393
2084547382
2130575744
1919855701
2084647017
-787957604
-165125816
-1196694447
1667569957
-1556847272
1682749898
1513489958
1213148830
938833767
1637904737
57127558
277570612
255214131
267223183
312654751
1646479126
-1782887931
1495024230
-563628111
566779728
-670553417
-2015402200
431728865
374676744
-1474316883
710536497
-1667248563
1627651
-61637883
2041660437
1712124511
1185388398
-1691124
1006370309
-2111518106
-869347365
1384625396
1377809270
-547275934
1977357705
820544451
-684262141
1639094302
234065128
-770833777
-45963374
1476078724
-1844989093
-1175460120
695699126
543664684
245142079
1568311444
1538034004
1477003829
1704762923
1838745985
-1367149432
-1827686312
-693778823
-509245193
-484644663
-900850886
-1416005371
1154274828
30709066
2039991808
-515727820
1893094749
1403567523
-1103716568
529584440
1251479034
1815705008
-1769625449
1998084241
-60157534
-461752391
14226669
-2038783274
-1066683345
1626126547
25978400
1246972852
1923106387
-846585979
1133908296
-1719538377
-1324333180
-2085191507
-577207369
1583956296
1366770484
-1644902748
-464132788
-264218762
-405418682
-1076926816
-1947390968
2115691256
851595708
1624016986
815551713
-2078677774
-1463112780
1837794288
1328338390
-2105133321
1893971860
747362827
703372611
715831759
-1778166652
-2096625084
308753014
1985752185
-959149796
1535699907
1731709825
1903751027
-449003682
1383230505
-1316590511
814430264
-1184609306
1443682479
-1404083457
-1721992951
1751364703
1720194447
-1313491610
1508966640
-1428526791
-1997510750
899044341
206510081
-221583720
-1535921078
-778361403
-236643358
-1251774321
-572499055
-2090188307
-1936301938
1410981517
-130740078
981395989
1303304533
-873190889
-861187049
-1510008247
-2005283290
2034152631
1998353795
1689895439
1060643088
747403572
-415547918
-1482229062
1912006662
1122802690
303737246
-217788672
-2020647198
-503050500
-1810082940
-1195350070
-1239059028
1215380560
-1478002874
-511397301
-99975397
-288691015
-2051822253
767873875
-197278885
216718579
-2059352764
1722416101
-1122174192
-1119373716
1585930889
892433158
1618146970
606691127
667172676
-851384105
-432867942
-1648503483
-583386764
1749313254
-753700171
1673791702
1713737302
1615491520
1176725399
1826974252
-585308153
-20434998
-526299845
-2077352318
-154984083
980986192
-1676977048
-107016132
1920394328
2070377950
2077545086
-2066461090
-1411676701
1818782414
-1935393166
1668116290
1810416928
457383714
247142934
-1114838395
-1562030093
1978816659
-1402522723
1990106690
-1937100226
818197994
-1402819746
-958073982
315331390
-2144523635
-1559262760
-28355086
-458922700
-689496228
-121097738
1242821334
1527835463
519785661
-280087661
531755838
-919455320
393191925
-1460321729
1486923126
1947931639
-1573007943
432034883
356731330
208850405
-1278133244
159591906
587232842
-416738791
671522091
914021601
198657619
1146336087
1035225646
-839653303
-994326353
45476831
-1302062512
1824340075
1990680951
493989651
291274216
-2020410587
1675694838
373944667
2090857081
-593688478
-355671577
-202962356
291972096
-2033153306
282118371
519869703
-1391767667
-1564675765
1976626964
759329503
-1197753579
-1773638842
-1431562706
1948832830
1236424326
-362776786
1849455520
424242120
868801050
-219724865
-1947178746
-1307168832
126940655
-160503270
-263073824
1902661035
-1159239977
551535632
-368456567
1452815410
623051885
-902339937
-1806017439
-386803892
1308499048
-1050548036
-1578757300
1105629852
40480563
-1559769518
1865530464
-1567601129
1333748156
1497780106
-1563242023
-1808807703
-1849673588
-1008137139
418971728
-913690983
857436183
220175366
1211115820
782785130
236586581
756160940
1226545240
-4428540
-1656698480
-1285297153
-1178443466
1964546132
-1669070721
-1192997359
-1844439341
-882096721
-591069292
1101028359
-643017893
-886375875
-1610399854
-1065179104
-360791346
-1303208556
-1653618335
-2048353290
1583129843
-1359149405
-1876227291
-631887356
-55051635
964883153
258108044
1374983015
1979175372
1085590373
335816807
2098284008
-1465620986
-1810899673
-2070582916
-1180821958
-1207368026
2099045960
-65046375
1376017023
-1080493724
1687101054
-1293511188
-894392048
964938678
1871256947
2012080018
-908771459
-994523259
-1746975905
1584488301
809326034
1314946852
629508083
-1950897606
384557596
1741595773
164680568
757824481
-2015064021
-480403572
1024607800
1573702927
153481624
-2084005871
1452610076
-905978367
-876074487
1638917761
2087570070
1791562403
1721998259
-1522589635
-166441279
1256324057
404183072
-1112853754
11514309
302326299
1170168114
-2135800913
-2138192512
43214151
1063700071
-1464974317
917908322
881788338
-1669150115
1265005641
-970780776
-2078954881
356957336
-572833002
2617964
-767297228
-1305828477
-1660206686
892412906
-1560112503
315183796
677846639
478991815
-1444575101
1602988404
1536547718
-442964098
-1455119935
-51726979
294237170
750702780
-498860522
325762565
905536626
-2124853762
-806752169
-2129822981
458804073
1832235895
-1411899019
1612315792
1571230745
756877878
1175146701
1341982456
219668752
-1846584440
-1687796290
1877796465
-2113918495
-2053255526
-1241397636
472383364
482787351
83262563
931440675
508927882
-1943818393
-1057022528
1180978191
67424625
-1325863644
650770400
-736158102
-1682097472
1019349751
92449505
-1987581435
1574061271
222290126
371639995
1615992171
1919489659
-1730125292
288901725
-1417929421
-1910103662
2058490403
-218730219
1010229142
2063550762
95800310
1619751476
1941802304
-1896094785
1700319523
-2040260879
-2055515286
-813949507
252466183
466635405
1561924392
288718915
1989079362
-1202059080
-1965114881
329949225
382717029
909266483
460918714
-1363134140
-342211606
1089073077
1072565629
2054306280
-1749782428
1386642194
1687622170
2010088109
1191830263
-1839102310
-1684437085
-947167626
941577993
901976767
-1244934593
1105196719
44256057
252568058
-981630911
762136533
-1514490481
-979440914
511140726
-2089526725
384321269
1005537484
-688350274
1334231818
358609382
-619033095
-876875043
868135304
75475044
-941646610
-1100396142
-518779747
1312916783
1915972448
797214185
430400659
-1962224589
-319990880
-2077453619
1361296669
1518251585
424171587
571622625
837055386
1613896706
-403898875
-902285169
-1264794214
1384838184
-647454742
1250557280
1477622688
150071525
8610214
-529915250
-1487438807
1007909024
874013758
1882978519
721636077
1853011430
-500555538
820452755
765180004
-1605625186
1025969741
329261832
950977931
-420095360
-722406482
421718525
-1214906393
1355704520
1232834249
-750747508
-629089846
849421606
-1157795941
2104203836
1217774292
-848010249
637021834
-1374948018
-823278404
1530086842
-1777639221
-2045623977
1814472784
-522645060
1272442632
701192974
-1987844422
2095777814
-1099976132
-24448665
324463364
1416158937
304577249
-1045239840
1726703581
1043029639
-480254387
-1071773158
-1396914788
271307204
1849402969
-968235862
1854270597
581319756
1652563779
1795479345
-905121973
-1783395033
1866956757
86160297
262166998
-166182885
-2097563706
1913356033
1851009094
-1999166878
1131671647
605890284
1416145462
1105145501
-1499698335
638730486
-1339697596
-467225592
1058728997
-1725094184
1494864337
536165614
-1848897787
525324
-1286491899
-1975457698
285750010
-1931499358
1913631509
-988075234
-2126718586
-516410028
502431432
544484319
149004500
-1021840168
1337271094
-885313870
-490718179
1661335157
350740691
-2108308550
387518028
-625000999
-1686241621
-1672565469
748964580
-1737581528
2081239022
-1455902638
-133578463
-765426088
-44085841
1565574749
2103948637
-722633541
-1363187480
-1783734339
-836539211
-991242275
897022145
1611116354
1673809644
630918799
629418257
-1535430586
1229243022
1058261315
-103248604
1907285029
1834100568
715216539
-2048673090
-1146567956
1537708759
1662276923
-1801023136
1405877071
-532335794
-396384538
1774727625
-408936992
1728085212
1304035528
-755242561
1270398846
1393001694
-120083184
-1007446002
1400217355
-1095487598
-721006142
-1320825647
-55870879
-1431170052
1061015754
660548079
47234693
1447311884
-975792813
1443547112
-1354201315
1738938112
-523836839
1603642065
1461297439
1968532487
994965116
1481462685
-1056537397
231271206
-821225193
-1202021987
886471386
1425131103
-2013535087
50100297
888103159
-467366641
-1582931470
187755840
-1855798930
-1679295593
1845021113
1126466189
1183330851
1039049023
-708444692
697450795
1282027204
-898989994
275976559
852608971
1860821570
-46658403
-872189799
-2098624045
2077332348
-951047195
510033668
-1093174614
-2091603651
96935157
94420644
-173889230
-1141409432
-342333262
863491098
-1175679083
1942509426
-455196295
870972490
-1830741180
-1451846129
454358223
1362020138
-875515587
-1217695697
150033212
-1517802531
-1129336180
1691618603
-1285868941
-1610069505
258688275
-1546972101
-2104791626
2128702530
1857774732
-473726165
1549731960
1562058809
-552173617
-1019364274
1843877699
-203393165
-1309989296
-555024462
274289371
-163002932
1116244460
-1108163691
-755205724
1790800127
862378212
1582342166
47964992
-600529538
-1374899159
-1871134161
158332
144835717
-1210104359
1104943586
1765085548
2122030956
1191099401
-1715161166
548209619
-1438460868
-1406587963
-1500115628
-2004558903
1004920709
-1380310956
-2113665626
446893207
-1278724242
1685936831
-1265686560
-668624923
-846396403
1634698644
449001992
-2047774441
1956661497
-1276124953
882448043
2034905843
-651127780
781331097
540256713
-293794938
353650125
1710245596
1211844880
-1091304888
-466434531
-1127256843
848943949
1773468798
616250224
-874193852
-1047690465
60957663
-705194417
1036148097
1982775533
-234384518
-366737795
20124744
-471711719
-1805881642
-1784664761
1909810390
117293941
-405026982
-2058313440
-1069092332
-915741451
184284143
341612140
-1258031147
-712401754
-1911472413
-807616100
-1553234596
1161806559
198381072
1120781946
-1989256160
-1874722379
1447618877
-1494628155
1954969298
-596252237
-48823613
87159296
569474206
-183231030
1467491955
-198573946
-1089952591
1546439302
-122867017
928330722
-1019949573
1168104579
1468563446
1554328157
799395637
-1514296802
-348267971
914392023
1843413797
-1612970898
1728442651
-183476774
1839551776
-2055806091
-1917951541
887160044
686576080
-1405935214
740147096
-1127008476
31326263
-879953350
-1469759875
-819891201
1866335987
1768112103
-1603279861
-367766157
-1884364349
1781235023
-637967729
-97493436
-1207882935
-576031271
863306355
1114057111
478625553
248494412
-315671068
1684801476
-848136238
470433481
-109382987
-722135952
1657769458
-2007549189
-1536864638
-760276519
-1442063793
1537975692
-847652584
1815860595
893747516
1315709402
-1026408172
-688426572
-532362807
-693223702
306433737
-155498196
-937614009
-1439087972
104243558
2074166999
626567946
-991169504
231807576
-148080714
1299778672
1401952680
-1243342099
594583963
1942308130
242982239
-1347749831
-971246779
-1291088999
-789934696
1715226941
-337436244
1584612836
1090284618
-239668412
268535452
1995638439
-1947041348
-1844897648
1417942152
-1715808666
-369875332
-387658442
-2077281385
2049133827
1467562133
-1253001658
-885203965
1941323653
-1211486208
159446830
439452067
1861092890
386434650
-1484320417
47948997
-241918370
-1440127529
422418992
-1401217983
41692637
1400361846
222227203
-1505071926
-1948342058
701679734
-960221274
-394935929
675979586
-886116601
-608405766
271604193
266306068
388691525
-425612839
-1118666594
-17057087
2013311329
319523893
737632302
10723073
-1106479583
-534827908
-2077013947
-1643118889
398945930
91972931
-1972356951
-297813297
615043546
-281455326
361219404
-1135093626
2963643
-1113460516
26126237
-1638802577
1518502070
2074612675
-524840678
-2026871341
-381029659
1447604826
-470281431
-1930533351
1137287660
-320269509
-462180312
853365831
1711354665
1642410555
-94475838
1097548744
-593131734
285127115
390684804
-997077649
-196479649
-780206431
-303998801
784012731
389353232
1642432918
1766864975
1459254108
-355852912
623197138
-1074802036
1531607542
1179635635
872581413
151884863
-1571132124
208652924
307610808
1097065928
-661561409
2119307547
504077284
-18393570
-510819489
905082901
922213217
936567591
650800161
1954387908
-1188240733
-2084572343
1166101674
1818620418
-506697344
88855616
-41783700
750337825
778861589
-1332358351
150432295
-1891035619
1937101034
872301055
-1779309389
884565012
-460399276
1178598877
-559754244
330983158
1568230426
1015237413
-2142072756
1121656696
134068827
1436686951
-470665777
2042392141
1323032239
985860803
1101208148
-834908008
-1804370293
-2114863749
2065259345
-1615597669
-1338190359
179326659
1938475049
-1663404108
-26389209
1877411803
1865133232
-1282807158
730847535
1934925407
-464568338
1405247619
-1733967401
-1242393379
-1923499230
1142648185
-1646753141
-1679388504
1091460362
-862282580
1478084905
1255323883
1856232801
-522110983
2072622892
65303296
682497193
1393741388
-1487230709
19009538
-2053907414
-923194030
1651120099
-1670561888
573860409
-201211277
-1876025005
398023732
-1546670403
1710987007
1310761383
1850860563
-713460753
-1220781146
-1598075849
1207874598
328681312
-1304021203
-1496685039
1838733241
291860288
-194032545
-1746794795
75235730
293564380
900148032
725353440
-1200750011
-1624447640
-226123384
304802221
-883503162
-352602626
-158228913
-1966037129
-2068254144
-1640177690
-1469702908
668848417
-1987876316
1183410199
-1723446365
1558747994
1825792899
684272894
-988717017
703919612
214780576
579707261
-375795396
108619957
-1592126015
1294906422
476767800
1925354984
1812912197
-398956792
927126092
139560917
-1051593989
-56894759
892784374
-1930482698
506623408
-2013342826
1071245753
586260652
-971274743
1806760055
-65636080
-908707558
836165523
-176270201
-587895649
-1222812847
1877917976
-2046108829
-1903301460
-1098670931
-1196369100
-2133133759
1342897356
-863649666
643372071
-2115412685
-1470360095
80968937
50607339
2078982317
-788468925
841951760
259511177
1432618820
2091896636
209108849
-1194455385
1371546552
-140940614
1047839627
1827204709
-891369676
-1409041345
-1109519930
930774634
-1218087981
-1289645541
-825517420
-122948295
917549926
-1767181347
793608658
-599819064
-455379340
-955371769
1235697524
296579155
1546575745
-2091353344
-1298487711
209134445
-710082925
779118670
-1893599844
83265111
-460504847
-265580796
274159523
-560776300
1755945262
1533816952
-146115557
-1514474820
-431512731
-334839751
-613746772
1065622672
-694597179
52070463
-1220987350
-1279308722
1610919247
-2057839516
1717324533
1370282567
1610307294
159486227
1213160353
1154587566
908391527
843491646
164487384
-1950432335
1109534338
747401109
-1220470401
-2092023347
913318441
-1772065036
435096599
-820629154
-63034690
1076690460
315472485
-1729417611
-510515118
805196453
518220629
1181918189
-1389765085
689000243
-1941491941
-1975294272
1046119783
1204060391
-1570569829
1596207766
-620179385
1184301080
1045114635
484236190
-957376211
-211277757
722788053
-1744287327
1175175746
-1478075585
-128980799
-1633513388
-1805121230
474629044
-865707949
854571245
2146161458
996100814
-538557839
-1962077960
1232876867
1102132524
132174153
239604330
-504447817
583146270
852732529
-1754056458
-515785740
497758224
-1690299569
237131935
595992439
2042498368
-144345158
-1522710130
1931677468
1793291191
1019950817
-2064581339
1138483099
667924854
-224404885
1978945619
830806101
-923511314
900864991
-40423639
-1327656623
-912703051
-836084666
-1033380435
1691151744
603987319
1081176591
-1583121938
-1768360632
1495159850
-233049807
-2090595496
-390621889
328903813
260002198
936358729
167478583
-7471694
956864439
-810429725
-1103766662
1548614465
1724015491
1612724771
1380388950
1719946336
1324517765
-1336167374
-1740753445
507732553
-1063937468
1144816891
-322082846
-236076549
1040251885
-1318016003
-431572911
1121695020
224033327
1809514593
113580958
-2030659971
1713270886
-1027638705
-1017570927
1782590703
987492859
-967164548
290014797
-407909739
-555707127
826554631
1559414672
-248110453
-687619260
1138847877
-1009358279
911477286
224113942
524436058
-652014582
-1497392788
1336179466
-1985855670
1507220911
-430547258
163821933
-431724721
2140750079
1884461555
123337266
1712709548
403523457
1017426496
1258076438
998078017
-308996816
1790008309
-1245540860
-1420851679
788114306
-2084036334
-260236871
-1002237599
1760223398
212681019
1335007403
-21093326
-545683699
1137515759
-316456921
94164274
-91354836
1885249536
21285304
-17336578
1598455167
555573055
1205915855
1059180299
-715950384
781933942
-1654069600
-647600714
1528501432
-2135577702
-1587707831
-828488807
-1310844826
666261569
1037247289
183939103
479396255
-1285463471
804484047
792446298
887584773
735159034
-1121056191
-1877480173
1243120795
887481061
1839673791
-2077910238
693526408
-1269985619
481359319
967956736
-277817830
2135408270
-973266405
-471632230
1406504206
-954301093
-537061376
904131687
-38165747
227785397
-1412522232
1189378748
-371427462
-1407994759
-412937437
480932446
-1175873174
1825940346
-1585408686
284463705
1113334515
1398310767
1460871821
-104696049
-1591343959
-1524175313
-398609177
-1433004397
713164133
733671963
-1476799761
-563632585
578779720
-671142950
-1122619048
-2072394397
1698888447
-1367307445
357255899
2126840232
770152008
-1406121033
1160188507
747571220
1084246707
366245702
939467594
1077090247
7456685
54046132
-1943333813
-781809210
-673662278
-1978129852
-943796200
-425885170
-969855743
2127889652
1125587110
-1377755668
-1913146099
-1851733263
654874758
-1062620277
-1572503343
-1862530483
1050945166
1550120654
-2005632019
-1247027986
-1769398344
-881256608
1843992111
732823241
266926921
-32297976
1976790619
513022800
-1444053707
-937394367
127001902
-1455292887
1936009921
2008518921
-1199874912
1620155167
-558897814
-1506876935
1534568298
823861597
-1121988603
-1016276075
573631687
-779186728
60875303
-136484379
1729168509
-1343262451
-625226298
2066684484
-924184802
-2015699988
1982798624
1573049207
1499057803
1980409875
-22831397
1305901824
569082553
-1865904321
414166637
-115074124
-1712042313
-1321810433
-1985038659
87318923
2086824431
91950506
1260984586
-46367049
-243818069
1127510418
1390572044
558681591
686550747
1668490105
509783896
1763100204
1165829141
-387110077
-13592824
-773450964
398260188
-173941267
1866114458
-858658859
1530851108
1103712189
-1252694504
1156111717
2069621781
705443259
-1769691015
-1100286967
-606509809
164883039
473381447
-716535629
169773038
1732872587
-537721471
1264997424
1703005582
-996780102
1013561794
-1552169095
-857882223
1416030330
147612578
1173510472
-851180961
701872151
-1883859365
-2053793554
93437294
-1929827176
-1653601361
-983754141
-719770686
-526634513
1137565193
180260766
-1664625993
1785193835
720027874
-1829264601
-2107011842
2016937072
2004867942
-2105382935
-1322999836
-491056534
-534894250
-2050985396
-246718246
437938687
69371439
-1776947581
1482960689
2088086915
1748813452
7292961
-116341212
583027377
923042760
113325810
1569336091
-28899946
2124185063
-558086904
922139694
-1425097008
-1190152266
-1846926829
-868998425
-795023112
-98455248
536631286
470232908
248340828
-990026718
-797363050
1698684699
-27222031
-725293294
-2039677708
1803556183
-1473744249
-1229071779
613596541
-1388853757
1634252606
32834463
868830112
793877037
1264896568
-252331178
1843285153
557273133
-831939953
-1126690615
84039085
-2004526034
-1993368951
263374886
1238792493
1127845101
57605898
1437374186
271897950
-375342912
1630798409
1639596677
450557985
-1694255398
-1289216569
1808631100
825633807
961816781
-639602821
-1408049839
-302054704
2099107919
1183891025
-266687902
38973612
336178496
-444214827
1303133454
-1664217758
1703641067
-708767445
1103609054
-132690376
-484160628
406494530
-213514143
897633619
-130644719
1743673929
903082904
-1740606904
-922576348
-181691295
771262612
-916680718
1161682025
-1041863789
-542364067
-316126331
1897291012
88380163
1761663510
1043783907
-1013285795
-376443034
2142875230
1749964846
-1415368153
2086318257
-307057416
-1520992098
-1865657955
205095698
316628653
1607615635
1559645710
-314387677
-558787216
-416109843
-394181732
-1530814115
-1675121469
872159643
-1339471808
1887279306
1439951962
1219865970
1936214288
-1780392706
1747251453
-215237825
-1379797052
-1402780857
441532338
1814023711
10652790
1814293283
935749402
63551245
1321295784
1626958321
-1222749413
-190742085
2038734987
575995371
1990440639
-183278938
-453792898
1960606804
328773723
-516165020
1671021780
-1838158099
1593904115
417090112
965950426
65475757
316917724
144365064
286997015
878295472
873316259
-241242332
328254165
-1686037905
681156909
-589130518
-1269979424
-353384912
-1994420193
-780741071
-284004211
-1547651904
1135680383
-1012088796
-428438531
1731560288
-487822949
1071507031
-1879298142
-272167684
-356794839
-609429473
-681850622
413847970
-570114385
-582543587
-1047334469
-1828527823
-421717723
-21535972
1182740678
-1189790384
1813016792
-2064617700
93129727
1682106018
1696445840
740643758
-1685574172
1095108919
-1483716363
1585861250
757179293
180485189
133928494
1288552254
-275941573
2074544407
874905546
1785864592
-689362364
211234117
-44415005
1863312518
-1657744273
2023246884
530896512
-722589924
-1801393493
422806400
-818642373
782729750
-104926618
-538404984
-1100169437
87611152
203662602
-1244157431
1337022435
-112886573
767903691
2045948127
198317347
-276734743
-1087816801
-2060755033
-1283524819
1176950387
-1076885106
1378449593
-1382816300
-1452836295
1168076587
-1637828267
-1483408752
-1541147646
1212297057
-2078485221
-677197587
-1574390491
-1364350094
-879938368
-239056602
-1225640865
-243693507
457272318
-205895411
685037287
1823859647
304257740
-174422227
-644753729
-609165605
1829055951
512678961
472103501
-1461420195
-1682853361
1238308487
555888938
944909884
-67457042
1116892224
-1194956232
455169567
-262094507
1674553145
-392808711
-190126558
1109743407
-695111809
2085457951
-1955349287
2009063962
1113217007
-486322338
406077332
-1213181349
212504861
-67161463
-232021532
1608852243
-378313097
-276530212
-1897815714
177890480
-1939674711
1614136214
-1000228450
1576696485
1957982274
-1897148725
-198765426
-1021280163
-1462188138
-299729033
1520483048
916949356
2131968742
-390319658
397003000
2146513159
1649870782
-1425204494
-2016826458
-1610535754
-1585300322
-1037730692
1624025523
-1938631097
1758133724
-1385512481
1720008003
-639049466
-737395512
-1493378414
-359988837
-760828374
-1025577712
560358829
466893098
1292235921
-1890704282
-907312449
760426445
292728751
-1279586209
1605655517
-846135986
-1681749564
-1502615906
-833766146
1356033069
-816040627
-139513039
-1228190586
1408501923
-738825796
-201381574
-1015269088
-873817117
-1191348374
1984354769
-1344507696
1030592418
-618027316
508392745
377075015
-852544039
-104868123
378141169
-1440407175
-1805233975
-1030156549
-365693188
608105581
46020415
-1532692595
2020360995
-1603029677
1991835929
1801875075
-849424534
1679754459
-1136383992
1915267751
-189991071
-839274557
-151557994
-962682285
-1283329076
-688007502
242364266
-276453012
1789481861
-1329250492
-271837493
134183566
874094241
-2058149275
-1823393694
-1159258232
300124114
-1719923742
1779128131
1437035786
-929542133
1530109757
-1624955346
-1890515555
-1153417111
-1859037760
-163238383
-635889710
-316383663
-1629845036
1171396817
-1303819330
-1405305387
-546217070
-487955383
-1589865563
2017924699
-1821541734
1492500882
-863251468
-2069922432
-472104668
-2007587708
1414043252
-533763015
-1762358188
-1691957379
1448295612
1835364923
1206504913
-61757600
-1145215512
-1771422819
801165975
-1056162848
-2030011513
636341434
-961471732
1591308286
-371484199
489822300
180035665
2101288656
657147705
1655067670
-372434213
-1706583933
323006168
-71782672
-514515391
-1071123550
-1150987605
1455050313
599301718
-517755241
1720936614
1091286265
-1693011590
-1991613070
1027233578
814086325
-1589926867
1815388137
-1486224197
-680040009
-1006521884
598801311
-13177099
-959410018
79951648
-73189720
-338412352
-2071419246
-1639583557
1802165836
1744846786
-1290867797
-3990396
1715447307
-1624041195
336625555
-1426092274
-967988511
-406424263
-1691312023
1735103173
305931979
-666332340
-691309592
-2097568703
-831694711
-358872200
2075770568
-211329058
-1964072028
598280364
1334718052
1034892427
1224486066
-1854150259
1495996572
1315041250
-2023000616
519601327
-1541810692
1912895353
-393953393
-1425519617
-570746339
-2122366089
-1643433557
-1533170812
687468107
292712041
-2052058983
-1135837370
278999655
219835990
-1859288344
-757797747
705546255
-73479408
-301356278
-385127858
2071317499
845505997
-1714742950
-330504990
-476085847
765076981
611572321
845474041
-697772740
180625212
1420338516
-340325939
2049611681
-583105293
-214044959
-774113638
-2133796621
184352411
-12786646
-1493830836
-1590426336
-1503120965
-66153967
1845995642
-539711796
2040042739
-2120500042
-1982628205
-1948912523
755163216
101985085
-2055669674
70355927
822783712
1526229972
1130938503
-1277100143
1009067401
657282035
-1281401121
-799007993
-1082215658
-426721051
1017235523
-21692278
2008300946
-1996792696
1656110649
911836598
-1755229991
-1760335280
1367814551
-919375333
726278763
-149888879
352656508
176129055
-1929281917
-1227664899
305629060
1852661795
-1638403480
397306730
-1359172042
1466486243
1323485186
-212203048
-1011190079
-286332894
-1698781521
750726322
318419176
345252485
-543494825
2066434132
1947717689
2026523071
-2141709891
2131213517
-289499772
-1606163986
1498730776
-1127516955
-1201906805
-1295743164
1428839905
565768545
-774309130
1661220073
1817360110
-430226299
376863113
-683305440
-1086364736
-1864842791
-2086668136
-1851931224
453628440
492463664
-1340827975
-571596956
-1168445233
-919389211
376584379
410454077
800138215
107167591
2129620439
754241607
688448988
-591034376
1699930917
1504056098
-933385664
-1661880143
1445599825
-1918027102
364762502
-1294664247
-2144839794
-1925904462
537255453
-1954080234
-407766327
1775912309
-1778128192
-1759229742
170375202
1096485549
1812365836
750581666
1070097303
-1448202912
-957472942
2012781780
-1254669310
-1364472648
1057145006
504966632
-2078269115
-459664085
1196147288
920713809
-732855870
1384096475
1664719673
-709562756
1194904337
-112253378
-380219711
1014072081
1983068653
-2011812095
-2018859017
-66528136
1809966446
-1953283799
315855313
-1822105954
-1730264707
-1489659781
1822695621
1668299000
1745867907
1489714718
1743135135
735424199
-843377565
-2058857346
1972650389
1463099294
-1318281558
-832782990
-368696424
-1954409439
358825989
339443360
-1489504532
-1539845362
1095663346
-817264608
-1445174534
474694273
-782328390
1084211551
578870372
763566451
1761494942
547782725
-2013677734
2120426883
1767726416
516869786
499944235
392145145
-1569221468
-2033180251
1168423711
-1076226809
-1464279161
-317233130
927414403
-1816615855
-1525887441
931041829
1412944388
528390574
-398106476
1865545722
-1131174848
585312048
-929498338
-417643953
1724481434
222380385
-809602401
-1384138413
756176717
-1407524145
-1389796477
1643781585
-954659389
1854833611
-648525755
819359889
-849202649
692439660
810091300
1415072766
-738622664
-917457190
-918565098
1775940616
-1678488736
-1043279928
-195572739
-1639808949
-592123387
-594799806
-99378664
288015472
1473060381
414691240
563591355
1388632787
-1037965816
1506199801
-1231053758
-203688602
-1815279463
1107938901
-1814450365
1275484372
1667603317
-424729668
-664423678
-838031895
35265184
1283335195
1525953321
271701296
-509876908
1253162889
-1984102216
-1953707811
1015362581
-1947715123
1332602937
-1655793427
853531649
-1334719197
1502746424
-2065760885
1342468972
-643812033
-2147097358
-1804960843
1382984620
794125970
-971902388
353646623
983364656
-802163253
1745081606
649565271
-1730233641
1704457120
46776880
860092969
1549131134
-1613283123
830073820
427784516
1822761179
-946561444
101025300
-1868358883
-1794195319
2042166823
-1042110706
806228243
-2006750109
1832572827
-663259490
444276947
1783842580
-1211923266
-222011157
1291186941
-1984448018
-1830884494
-1183694747
-1518065657
428225019
-676989190
591704822
-1504684191
1485380177
-1227315779
-381677961
-161260326
-335698006
392474442
1121298533
2061146177
1007307059
966919836
-765434668
1364198223
2078986916
39763102
-1872314205
-804044348
535606160
-1436023055
-642331920
958468047
-634990595
-2049544469
-1933327922
-474434894
-1585590729
1983868131
1425294901
205868965
-1371607583
877589419
168516409
625691899
-106382260
-2073055139
96838783
-1134026365
2069510667
928055898
-714631188
-1099614672
-1105836602
1720053647
-7301474
-205210116
768761934
258513146
863117599
-344348664
-1058726414
656536428
214538967
-1721102329
-157689584
-1435645808
1257132227
-1492266787
196377070
1856980011
-2144553116
-873390718
1120495562
-2006281819
-1530719239
2000503852
268105519
-1451471417
-580713233
409468845
1324280201
-1615867707
459185560
2067528473
-1411132932
383882367
-337704677
-378311765
1861710704
1894464259
-286398293
877126888
-1876136976
761985366
-1778786053
-387396859
-1529953996
1146120820
923929329
-436467835
-390323588
-1942679916
1838889881
1415767078
-1995574370
-651756881
-1778559140
-726192131
-420448926
-974095293
-822729615
328405727
-632054003
-380652205
-467513198
452473603
-237535941
-1371704141
1629789683
-1252978459
1092561393
-1030566271
-2032243857
1221705068
-841829902
1985034486
598477828
1454067278
-146179247
-540462754
1204461953
-2099792717
39584071
-770200220
1328836221
-579216872
192215366
-600646509
-845425781
1613244278
568800590
-1824326119
251423659
-566895965
-368126082
1401704141
1253899266
1500630519
1561963245
-1543810190
2144611021
-82340303
-1363429958
1102381885
-1861406317
890903196
-137209759
253793940
1890123418
-2000876691
-2109108656
1022950936
2104195483
2128927343
-876862535
-800045595
401334200
-891610655
-226429783
1984915736
-1728419155
-1010866786
23365977
2049005969
1348253510
700136062
-1032870972
-1021296647
-515530992
-57581572
-1911516551
1565014022
-150701741
1468516376
721837234
342035709
-474810562
1295321470
-775283804
-1080771976
-1285025948
2057885672
-450620136
-1490504343
-1142313881
-17228096
-429954246
-570670754
-901901582
414425608
-1620544080
-354265594
270086892
1749961086
-850454546
-383657741
-1708042263
-1414628870
-1285052216
-1846071392
-649466652
1166156059
-1344651448
-401707594
159008555
-2119477470
119109825
-2122603638
-1591628646
-525747427
-776532957
1896550634
2052655371
-990188217
144555665
1562066969
-507115764
1226689454
-1407349456
1959742743
-742752301
1366971670
-1682956222
1015536932
1606841966
-987081187
-467084430
-327841145
-896396738
1237140639
-1587208335
-1342191477
-1455928155
-1697387173
1959170241
384271306
-541964802
890689494
2081060815
-1715666259
1617851853
1188332671
1907265095
380946994
1965959735
-842864365
-1840984669
-1973450000
-1678308684
993120066
1042092805
763714136
-175271422
-1934493293
1573170247
1050983484
1892201308
1225732740
-280419761
-2036711275
1180573419
1857661428
53269671
-1795311232
-1362503299
-342014779
-674153908
2114866569
-1494541452
1697366717
-905716795
-774444500
-216290560
-1001857364
-426222985
-1765221736
-1423563376
1645595860
214636855
1369605814
1993534597
-1165247612
-1731372511
-581656984
973777192
-156550651
1653925287
-671599339
1812503518
1543547322
-1139372308
1242337637
1443244698
144448898
-726390446
-2091141815
1315725970
1268599649
589022033
-783228355
-47226571
962229342
-329303414
226270673
1203951707
-919378258
-1142391525
884341349
-1638522434
948960785
1163922484
1744906291
-1409706584
-1667512709
752915434
1415549585
2000034029
1632019703
472624203
-164754057
-1682237924
-97735992
977344434
-1275472065
-1353296399
-1350207791
-17100197
-1677888852
262957837
1214105910
-1150843079
587373870
710911208
1382296898
1656700422
-1686706846
-373375482
146529674
-732342628
-61561377
-604784280
-589871533
1577756035
-1051039697
759079749
-2003973584
2101724618
1025963035
-565237511
1572252911
894039066
-1301246165
696990781
1741506741
519833351
-940429204
-1405078119
1975578984
-1259988823
1125231731
916400662
2002070092
814724459
-2081546846
-1505990602
-660794896
-1893096414
-1565127511
-1646964696
-379115445
1336253281
-1374085809
2040462135
-2078485727
352548875
-845069454
1821599364
1374373035
1109575976
-1661221812
408556788
1598138486
-1442790148
653953015
969170027
2114632330
-1388840107
1822064434
-1364929991
-523883313
1159223588
1441014117
1514965716
-1123516756
318984527
-2075703582
1802510535
-751949071
690044613
-2140937363
-1679706390
-830910474
-717073454
-1404738306
-5477933
1251948036
-1056003404
-953238844
1626399884
1279088627
-1865528467
1970358381
1873415302
1728303635
894122714
1974028708
-478414644
282942287
584902404
157182427
824092795
-1959056241
-523402059
-1313893302
2014915697
-852657570
239022670
362627126
-1751566269
1213686989
1170207703
-1762280074
-444707212
-1168670314
-1005003688
1763394866
1081015268
1512858755
-2099906458
-1844194578
1212274310
397330960
-2000040448
114231750
-2039794858
-1196341169
-1817672293
2140056058
-2051291255
-303060469
1258557562
-450733395
80455941
-269068240
-676077501
-1955607575
70279699
1674343785
-934804529
1305244902
-665580462
-1498312693
1959836993
238973580
967747310
-907407823
-952048295
-703706571
-1669194734
2040772647
725790730
-1402235722
-1504925286
1722680587
96183881
864212383
439132429
408423857
448129319
-847052094
-106188086
-192919097
-1255009759
-973766670
1008154752
-570393799
-926530377
414421772
1995322083
-1218286634
103040314
-1963944901
625274524
-143630029
1927915754
75521654
629769344
150891215
1337619264
1408615501
873703684
-2055737737
1456977031
-1347613467
10321648
1016010476
-697762384
-2070758079
1416257875
287443138
633912679
699871682
565958838
-968621686
294705761
1371786224
1115959188
362202419
1210457847
158251130
-683058679
-1543307859
-1789507080
2018939259
1193419976
1503949006
-259663686
-1333829378
-1310531758
531181689
1931992690
-1539389500
-2060585628
1362176253
1040940229
-486716348
-680514640
623751610
-122695266
1326388722
672625616
-988347383
-678924734
1783011524
1439599479
-1857569699
841591712
-1341655823
-1586046231
-1909667419
2046128109
1389104891
-1036171604
259682037
2052471152
1953407984
-1413617537
1182612324
-299924838
-191701525
771089291
1487412279
-1350053031
1528704225
-150878248
1911483710
-1163783251
1585538969
1536833794
-443602050
1518400378
2055502076
1009241131
-975262192
-1333232736
-322364018
744640819
1926400328
824122440
-327322308
-234947802
-445743080
573623424
-889229993
1865686006
107980726
-468971766
-675395872
118515561
512434556
759820401
-491275002
-1760628396
-2134634736
334451292
1388482540
-768582903
1911170244
34019366
1068529582
1635050509
629440063
-1613100883
1752023973
-484814322
1988270428
2061662569
1122314730
549184531
-213410990
1005000385
-1697477863
2074199285
2000831508
-1450615399
370650711
829468941
310785017
1682545199
-1663944299
1094828846
-2147391585
919306279
-1314756075
490052821
523439629
1313058787
-1618587348
638934431
-319349481
-1800946408
1856346442
281484794
-1840494586
1841269405
2091259703
-1618812641
1982872695
181407622
-1881035873
-1777323457
453527939
-2088445583
995768528
2351356
-1630874336
-1757487073
1674621121
-159870694
1233142726
-314278330
-382697643
833884534
-436717995
1974969252
-1563372319
1154919990
-2030419403
502568023
-2061396757
454095425
369592254
-498284181
1953623349
-777024527
-97203494
-1170815307
-958736135
-1248573177
-1812270615
1413806558
389551221
-1213309473
-1604972828
-775751998
-524401495
877882340
-1603709244
-416518
2120570718
1098775365
-1788826844
336605879
-146120854
-1492296728
279878181
-410459951
1503424818
627974558
1095760017
-1414136801
-321109136
835825560
632060482
594843656
-496068554
-158431462
-516035388
-1589649830
1291694643
1235897710
-878839751
1435043930
2082888243
-1238778598
-1372288387
1131238683
-1766770452
1708258900
-1128312694
1772392723
-1436448522
600433334
-1249058276
404226794
-512858853
1010933805
-1228110953
-516238955
592197329
1160849207
1358799400
1178220451
-591394557
-274816947
832073259
-408086569
-896613609
-1561322339
247150540
1053804278
1991675948
-1949063685
-885100048
1456611040
843118243
-511452647
-1001685163
-1484050715
161506273
-841054986
-323965449
-1538843311
-680251310
-1306136940
2028930229
798559816
-843423824
2057097197
-5978316
1768170457
-1339645564
-1850203353
-826158077
65792844
1875531245
2007057158
-316587776
-655504450
-927884641
1870007713
-1812604423
231361008
433431598
1885077080
-2110954090
-18991781
-1627068532
542536453
801690741
60363398
-278538288
287281264
-966410602
400512668
-1572783048
2001107464
-1323838728
-1726199752
-83008911
-926101296
1182211460
-1487890045
-1115442923
-173494889
1588741930
-911732863
-820093324
-1859155348
-759024567
871484071
485773206
1254215503
-875649708
1274807472
-1480236160
1968567851
950648241
-1131587664
1818865334
1140685315
-1656580892
-1128078743
-1325765887
1819084140
189609452
121363932
-1489789070
1664390203
1583395053
-235898845
788120742
-1494516610
-1498275058
-417658755
819915082
190812847
-23209820
913830058
-1405674783
-1693065946
916319632
1972486009
1459885764
392071887
-748679196
-485201762
-67336342
-182116067
-1331541812
91989449
-1938599447
-1178528450
1134096299
-434252557
-718817348
244991120
1595812740
1205200890
-1504751418
-1212678062
-1794267493
1369717104
79110551
-1215782754
-785033125
-1295557969
602493421
1822085783
-1385264774
-196399312
-1139193988
-337570338
-1040157094
-1122113252
309340401
-2035606199
-73387086
1453308707
1265634612
-2046294314
-814237331
-375696499
1841584877
419405533
668481490
870478990
-1405477814
524296837
-1478878492
-290767395
-134001922
1908487544
-1687199733
-1434453113
-1659610996
364117722
-1433198093
-2141417985
1637578436
522428790
1804304051
-307118214
-1283103602
522748730
-673104846
1673009785
1140572902
-1329326107
-1274884411
922817959
-1257949658
-425581826
1354671645
2077141220
-516958325
240624903
-98900896
329686945
-1129137423
-226039822
-1764826220
1914190958
-755266335
-1345102124
-1056625340
-285212208
795446477
2013744344
844286045
1962849367
-733517927
-1636276363
339411288
-392828432
1143584349
-807933981
1650790557
1219345015
-1745869463
-378683446
1847280422
-1720949360
-217872503
-142219972
33655139
-1887305289
810244489
600959461
191598685
1771538580
1895397883
-370126463
-627521251
-1062087533
-487384777
-1787929715
1855914574
2085512116
-74832478
-1599065023
858945569
-1123486817
1688909875
41337020
-1878753680
100027131
-1697364685
1064925825
-1990186714
1389478911
1634637123
1375604258
-96561443
350252104
-1383675229
1103016250
126009800
1262865901
-452921680
-435461217
-593036590
1924380112
-2045836370
-2111729704
2049209095
-853570762
-1333397817
729333452
-276859085
1237126298
481742420
-1703259460
1013531080
-114850371
-905936806
-1023050381
-535656700
-1499475199
-559620778
1786766779
-774365357
-1495874057
-1698538691
-1471762413
-584748047
-1004486858
-302969667
-1973756258
-1442934317
275288430
-1038006071
-429966243
-966916409
1275396540
-1153513900
229459872
-659493671
250968383
1510158427
-1112944711
1937623033
1564457962
-1114671575
1121532403
1676220890
1081194651
-887923754
-1732337214
-2104176612
887604844
826216208
160450619
646312108
313058121
1991427101
-763427130
512632939
-860895293
861708064
-218777327
762126349
932242466
1828023706
437310023
968342339
-1629840704
1120990259
-1663200895
-489576932
2022591380
490656954
888375676
-903359320
82183437
755322986
-1594724468
1369495774
931393057
1884252783
-90610223
-1339936065
1399176612
-1342427481
-3394393
1230503610
768070365
47521964
-1473370270
283027026
-355941547
-1475471598
658604091
818181885
576156146
1204881133
376813444
441664335
-234683579
1941734293
-1837237725
-462392744
1642414879
845412012
-286483651
1457791305
1431654250
1414321248
-1985516240
331234141
-1130783691
-1496035347
-1198246457
-233133066
-257055472
-165850011
-1239699032
770969349
-1365188711
1524549043
2014632721
-1849261137
-2108046505
-135901731
395405251
381322541
568392390
-39568760
-1440763331
-1322652173
537268658
1012477633
1705345581
-2016442093
-395299640
2009509113
-1841666013
-1105996316
1833096809
231718225
278896775
1005576670
-1465430847
-729336808
861843917
-1844880184
-1073103592
-1610785647
-478725658
-1120318700
1961420903
-319353863
-887644423
1138817673
-1258443474
1205100743
-1067215021
-142140126
-1300737404
1049473589
1392950427
-1200542154
1918824559
-703499265
276864585
2106295768
1140427125
1857426026
1610286936
-885735808
-34756237
-585168249
1179806521
-978890518
628399532
-584793416
-1325158901
1644595773
-1758160348
1329784691
1110555657
-2117975952
