307225906
-741685936
1988133100
-75925295
428065511
2113385966
937148113
483959855
-451772051
-523879360
1511887517
146220399
-1779516618
-253137914
1696286870
-764217869
-477697186
-519316124
427295677
-817871
1947338020
-1049730734
24732774
709729719
432639637
2073237558
1718060043
-1286465938
-1231146359
640732878
248535644
-612379614
-548471341
-620444333
-1896620135
-1537876159
10140595
-1193851685
-1289781212
663392738
-121231985
-496392450
689222993
-1602674167
-198649374
1296741308
-1560291455
308743209
1075727988
1811446173
692157806
-1068031511
-2083049013
-343604198
-1315046201
439894314
-447025183
1080398907
-1349787649
597292873
-1982837226
-563462271
-1819056799
-101608287
1176457831
525736197
-734110873
404649043
1466821088
-663861024
1933110860
1518632008
1830552143
-472336947
574175968
-150988425
-151319750
-989256435
1850522266
1986477155
-2050485742
-1979321206
981982451
-427877913
-2001801817
-63188161
1980064241
-1685670859
-200266529
-1658184746
1374177793
-604868581
2066398370
866629010
1408003849
670382728
1256552728
1612357487
-700507458
-1388838321
1594105366
-1225094778
-954585550
367561258
265702101
-744939338
-1892569424
-1118513408
-1138324252
665907329
-961754165
1809366634
354068063
-1729757389
-94326092
-734570125
-1625980063
1114736712
-141245748
-304980065
918459062
-1864074993
2029844346
-36852178
-1957071403
-293432438
1292933949
1028489121
1926511628
41048984
565221380
-522053763
530685181
706490965
-1670252355
756803150
-1479023032
81085377
-1357483989
-630232594
-10186615
1016670879
-1509558020
1866485255
-1079005308
-446730593
272229146
1314885845
-2062962273
-171425602
-1237654975
-356470736
-1326374256
1101928941
-1780944431
182854345
1457874262
-1478483984
-1956830748
-138042957
-1957258900
-1708952439
-1805475421
1340671525
949100348
-136850731
-1652188459
2023276414
-1215402031
847126260
-1746160968
136914312
1500527569
-1775907857
1066615828
1179921152
-1379007063
816856022
-191650164
102577237
-262755575
1881636393
1363810102
-1336600912
-1445817965
207097977
-1827400082
-1565490380
733899470
-256670387
1676758759
-574397818
1312408416
-1954794167
1450465794
-262675313
1559417212
1956142732
1141568866
-1195358080
-1134807399
-1150462374
1562082752
-785473258
-871323548
772387067
-738278661
-1425139425
1628681462
-1896905758
-1397061262
-1559397316
-773974455
1346250256
80891030
-599586841
-1709750040
218960570
-1916201286
-523384649
-1413129755
-2101358039
-2092400084
-774305822
1658265616
1177881825
-124897399
204115204
-42183579
1244736773
1627553101
1236056094
1795308998
-1752747527
-84955991
1878112224
455271401
1250466376
-1703174247
-407019478
1411382675
510625736
-343839691
-831036208
98700806
84181500
-604307130
-666895203
1458005431
-1594656071
-1819314148
-595775334
2086009411
-94766837
1356083101
-682140785
1010715044
-1722642856
924583073
2097126858
-1622360929
-404751930
-1718535299
671303966
1762278528
-2049139238
-2029261091
245074222
1923346441
750333025
1054873559
-468136981
-1220717657
404728978
385581884
-1082282406
-246472473
1111375732
408766512
-1219137126
-104285913
1624196733
-445279236
-921813979
-2100230256
-1725247365
664133410
-2015384746
1415515715
-1610125129
-494477391
-1463125718
1605472978
458155095
1490734299
-960087478
53517809
-204658172
635946948
-402753464
-642071956
130478028
1958706588
592489513
-905224356
-1192330424
-1288284433
-934224605
-1945742955
-570658815
1314768955
607315879
92850274
346298383
1073387458
928166048
774254964
-1846471933
-474403679
-1175074563
1144221718
-946434298
1819228962
-1081784979
619828133
1385590849
-1227136435
908512873
1624146239
489228928
1162383044
-913822601
-222149446
-1053535983
528758480
857789611
1378417880
-2077515534
-1309424714
1684093297
1478956728
-1759540950
-1232683953
-528489590
1210502286
542586231
-1475836713
-133130412
1298013078
1564696360
1160628228
-661517747
954836293
1848961100
-1712923302
-1176310567
-65540159
121603340
-733888323
458705987
-1270629997
-447539371
-1682215097
1983090945
-2007804773
-98787143
-1886798500
199400763
-1361167292
1592389271
660863482
1200672654
-967222537
1155097720
870445909
1429073420
-105008428
-380532548
1022242978
527711623
-215720545
-1756219531
-1488882381
1806911759
1175328760
-1695834222
-626335549
-1727980104
599509967
-767201729
726221075
-111346016
-396308971
-379401076
1829726389
1786434863
1733215159
-512355508
1412865831
-509681248
163996103
73488703
-471892446
-295342144
-2028503812
-282116237
-1890398156
-1278569482
-1737614244
-1256087578
-1889975156
-1451084670
-430865609
-425065872
-1925575660
1374741257
347432535
1316617183
-983714875
1729776208
1137492084
-1458054301
1435750453
1256338504
1255209453
1262897708
-1815130508
-2125894582
99047349
1330889041
588676633
-434110046
611968395
1397815795
1923164311
792374865
1224232813
1350286242
1743800788
684811790
21519950
-2128761602
-45072900
1065963918
527764486
1811221153
-2081458031
722254341
1873175177
-315135940
952178886
2033690859
1381735003
-1013129216
-956043507
-318226429
-1283183549
-1243327426
-809777170
-101839464
2007747134
-1457019055
1408503834
2080629001
1127773110
-194966085
-41933376
1282663304
1677269235
1072750221
1482615582
-1627522786
1177977297
1392870924
-1825804710
-1634423311
-748721229
985497233
-664421743
1938109385
746853047
1106604976
-1578097104
1910715344
-1520133589
-1422724196
-40455549
1530493081
-1457977282
440292042
-649768821
1594668131
781240570
251962835
1911758611
1523443613
-1265439631
-645597794
-1784023547
128854957
-238578634
-2061889090
-785722631
-1818368532
-1058651121
-2103139048
-241960178
517842677
-1968436760
1529835720
-1553537539
-785958369
-235425527
-1713254076
-409385366
-2066110137
-1315343221
-223153726
-1505901699
1006319826
38200584
-1517137449
-1173997647
-829382671
150664593
1373667680
1638566123
603521319
1981113316
375207589
1633447374
905078536
-754192418
-1805770054
673297485
2078460226
-491579858
2087987240
-1200366207
-599925279
-968146357
-723855411
-1440931140
278936270
1524280231
2036881408
2050504669
2075954072
-164933084
393353720
918118117
-1094721674
-2075669049
1887240558
-365125430
580801420
751363499
852877951
-1673642101
-385245843
1978737207
-1852212777
782218628
1424439776
565366419
-1266597108
1554830851
993280999
1099963735
2101137735
-151395558
-6211588
-1324587899
1115000361
-1817400138
1410344861
-161438535
1779761899
156241136
-71032565
-1785409634
189009863
2087867810
1253625677
-29195868
1729869206
-1287355587
2072352379
794632943
1801868730
-8828710
580890680
-240737390
257592381
-352302706
-1593635713
-1875425540
220661818
288035585
713161379
1643262642
-960952709
546221377
-1451762032
1579660350
1855804003
-204614701
-224692650
-1522437530
1635119374
1571105803
-1938721816
459537825
-411247946
-1605104483
-22515936
1639216070
-366057896
1460775539
-1431079931
178793222
-21214314
-1293435200
-1735872176
1907333148
345267934
-2142700972
750652205
904717250
508849100
961206834
815109694
-1111891098
-852045363
114274655
-47694108
348678429
2040121092
-1436091396
-1996676928
-740090152
1090348400
-663269481
-549432713
-284925739
1223878221
531004605
-2118899275
1474022231
-1455837253
2091496915
-22791308
1597140888
1408047261
-1578053851
-1160668034
-500636674
594544323
-1774392257
2026120752
1212785549
552717131
-43766149
1801765760
-2011336547
-566632124
1485387995
-847181248
680963788
136213139
405183768
-1156012893
293857333
-287062246
398165498
-665235712
-209128991
-721354218
971518698
-1523159594
-736009347
900256200
1637750981
-271220721
-2094639539
-1724189353
183548914
-338103928
1216126816
-793920268
-1185835082
220664273
1093662981
-800266177
1389536966
-362597583
-1366110339
-1071806744
632316189
1781216748
-549346063
-83050599
-1474477296
646710215
-2073804634
-2012634861
1062613406
-666648629
-730456722
1736991127
1403539468
1469099593
595774305
-823152506
1350965937
783816990
-564512563
-262734261
-1554851058
996193336
-1777592726
839310968
1718143265
-1819261352
-231159086
479914031
-917541382
-103507431
-1766217425
-893994813
-396551282
236714800
-485925067
808844446
777489866
104973300
-1158623661
718905956
1733626091
-963133664
2139866148
1777507416
-832534260
1744658904
-117684693
-408103938
-596060416
-1834868247
324691135
-475843582
-794061215
312503381
400148804
630189144
2072682729
-227344371
83719067
1182422179
223036160
2132717824
423975643
-118091557
-1832637035
1862719316
-1035410112
-870491095
-1686621904
117632754
1508666211
-617964011
-1356261816
1571826504
1267677867
-751587870
-716233007
-1688075447
-151860477
-473208776
1636252953
1774254520
1970478029
-1535870205
1993501652
1364665766
53701653
-233141349
-1918921867
-381796551
1751237129
-478864603
-1622640450
-434424658
971437481
1938410808
573649050
-305165408
-67095878
-1933970238
-2058226390
-855043447
664413695
-14578899
1977661469
928818825
1276463531
1355543997
-1622079932
-1843326618
899548433
-1884996293
1245057124
-1442102316
1270518685
-1839948841
-621023922
1541238773
-1621367033
-1063811766
-1557501651
-1383151582
719190212
1266847035
1077212702
527033835
473382592
343920611
922784262
-402907812
425604938
-1523007245
75609502
-1433386878
-202948528
-183270220
929145042
445880109
1380724171
415905648
-1514432437
-18084106
1181897596
-802896112
-1711806390
-2093815933
1629156824
-1958460666
466862263
-1707647223
-1942661568
1853408876
-738050439
157360914
1103679092
-276209555
-1832634872
801278335
-1247760567
1676123875
832148287
-1440295472
1414190746
-1564565695
1728602742
124325539
-577425284
1114098099
-1901930800
170141562
449157045
-456287613
1345774032
-1365933375
881510765
199695806
1017589810
-778629106
1633443877
-2063793897
-1097424904
-400127318
-1511323159
957571082
1309443010
2051251279
-1113494079
417443396
1909016418
-800659405
-1136036756
-1921751999
1416120752
-2089795003
1257302096
-634760649
937754522
-108357963
1952686251
-612778702
-588860290
-1805105734
675326991
-1777882496
-1785234501
-521996401
34811404
-849478322
-1694488699
-231330627
-2094078930
-281851246
-785622792
1983647392
94078505
-1040087252
1056374127
-779598813
-346458798
-1848183737
2073087254
-1613443379
1392340817
-820056571
1792515774
2045850625
1078474773
-556367781
464430320
-1901824383
943353607
75163192
368371780
-470375373
-881589374
37639916
297308914
1918827560
582089857
502384072
-199564887
2006970585
-13334631
1591244801
557960607
-1679127885
-1627225302
-326855463
586269673
-713625899
-492898351
-1221979136
1379597836
1700269591
-233294560
-523784650
1967869907
539803726
1772062097
-2107919307
36601442
1185992653
-179065418
1263857614
827618443
290765103
-673731915
1775104850
274065503
1462444884
1928487924
438532915
-68860408
1072124840
-737459185
39634409
140702678
446177963
-81597166
333907481
-127319145
1669280940
19299300
1922257652
286631210
-484672809
225382145
-723993891
-635834794
193085554
-920222613
-581804978
754568151
1065764963
2103812834
445360380
-1064980550
900251381
-2056314286
380319544
216387818
-422444069
749619084
1051641239
1050480649
1804898420
1465321272
1592874197
1293211012
1370521168
-1880038390
450788342
-658490143
-1821740558
-755696588
-1639687507
1995841882
-1155535401
-147129829
-236466687
-1685659729
1805603255
360176717
-518730962
-1962155720
-1855321590
1036830897
1696531657
708592697
-1100237875
-7119105
-1536868826
661861753
2031696005
1484275314
-290721539
-917909739
-1248385405
332116668
-691394229
-1729130351
-474560150
888912954
-739394699
1980351535
1536018158
-408295575
1365915827
1167287684
-463191074
-2147309673
89671083
314334535
1123145059
774056157
-226412708
-379574676
1554104969
850775372
-345171395
177811568
-2112136705
549243237
1898416037
242717430
-741122022
1006998478
-1296962195
-1758009709
-1405626081
1949768771
2019568595
62412517
1280816065
890764746
1120316833
-37535254
905713640
348725290
-1783669107
1440741518
826367411
-746292067
-1359141917
-1346014075
-1072041792
-1657341500
230407009
2022446939
134587306
-1220046118
-1726733215
946128584
367802323
-615694804
-1212418243
-575342008
-374203038
1167607496
-1325904146
1148030443
1258991503
-1148514956
-1766643466
863727209
-411340515
2097767650
917266304
-527535495
1186467112
-1526399711
96313796
-513542814
1723277344
312513109
633015984
1049102033
945556757
-1513434454
-219130428
660161517
814900020
-1295175803
2077524541
-280449623
-461662319
-816181764
-762522507
1913655384
1779963686
-194442616
-562475639
-2060529530
1977677083
-907590663
-1433677508
-1851379452
-380126905
1730994601
-1110113766
-18127292
-2098851082
-192395020
-725599264
-2137584921
1690268652
709015015
-181776358
817809812
1125308330
1602825014
-602609394
1381978123
-906282257
-1562382989
-747456808
-1626742919
-2055108735
-1921647235
665242326
-1301672435
-1578436564
1041319477
1762903365
-496136758
-725927669
782463352
-54675156
354487455
-947795963
-1541236664
-238294408
-1158512204
1493064090
-96452020
-1092236696
1580891142
-543144481
1733060730
876140075
1827882549
1981891014
1597599506
1001077702
1218311068
-264509277
43076301
-1164351173
-540890462
-696067605
108741974
1035659751
1299890255
761622334
-252373767
-626182613
994605346
-1866772826
123288473
-1721149106
560562976
-1828692703
-1065885465
-1663856222
1863220528
1509872988
1042717649
1658998500
531832742
708675265
1199497015
-1261686040
578279964
1130660019
1816788452
75692149
622262920
-366301672
-1902839365
-390372243
186429835
1417880855
-1470787024
2048959793
1823115271
-85381342
-1817360902
1968424003
-1954276877
1914064182
737033222
205393452
-89380239
-1017267103
-950974546
944215199
-910793440
1671249541
-1131709398
-2072957218
40067247
-1855247526
124060486
-1402758052
576829106
1998982584
-1017500843
-92557917
2103985336
-586526442
-429203355
217421687
-91559268
917947213
-1479801677
131585083
-605267429
517009058
1097948257
1214265236
1996802983
-553218046
664666214
1706825803
1323215994
-222712433
-2112582459
-1006717833
-1910007315
-881258149
912227841
-1210633253
-1375388151
-935383950
1832743375
1438248076
1031987550
-678582754
1707360013
-1941516841
1701168659
-1323558043
176756978
1106318689
1787011134
-902507818
-146067065
1737142926
647479157
-129865596
58822486
2123889702
440974757
1002288723
2130971232
158768182
1406781217
182156402
-720198573
-156445132
975163390
189632039
1853730812
-161182874
1006914205
-446462255
1357151226
191340931
660878216
1695763243
-165186380
-1238782055
1202947714
-1489904947
931525004
449123634
-2101710632
-1901513224
1789862228
680517554
692245757
654334866
663800320
1699684867
-1612582059
727098223
-1020932195
-984243597
-93107120
1665398993
-1187924351
1195705052
278335419
1847834930
-738880316
-1678326012
-203969198
1902656320
1623074542
1535434055
1581210265
-1141816792
-1577976847
1841270131
325034475
524280087
-1639846823
-925306382
56250067
-1811508483
-2012393279
1257004846
-1734587494
-767784301
321825673
-1400218320
451953696
835157663
-243484219
-1311238262
-1231543825
1346336374
1385635704
1331390327
158971276
1048861378
425009921
1299897408
1012670736
102059653
-1549784108
-1806998048
-1745299464
378934365
-1746208659
381388266
1048332344
267322377
2031206274
-624547158
-1757445995
-1724361685
-2055294856
-900360053
-45782988
-1066812337
338790167
1612776888
647715693
919843627
-1593825664
1532349444
1550205412
-1560818392
-1538166947
109532430
643985882
-173408479
955434331
1215243424
1110308032
-21182103
935065557
1236837719
874119437
1897303826
-1950580271
-2136302711
498711888
-1355899540
-35105489
339370594
-885940088
1809098700
-202791649
-768387248
-1532230733
-1072841842
-1373609005
434050976
-896747356
1778249820
2083481461
-1270778775
-1840858599
-1702471505
1627548251
1455767720
-1403762420
-340593003
1714903673
-1687855700
-754775223
-1181960011
-829903849
1412409780
852164416
1302315920
-964844605
-306858794
285235484
-876180727
-1384068217
-556179423
706583828
147750950
-1765013665
446810886
115641088
-510437608
-459473691
-324586765
610905902
125446520
-2011446706
1349167424
1476897910
-972687149
1485375641
-1982282930
-1032547445
148067688
1810380036
-947607315
-301671533
-371118801
1705844162
-937745154
818728954
-1712781539
1144806891
-1570530215
84576131
1474899622
2139649204
-736162064
-28329825
-30960765
-385539105
-294418636
562298626
35414453
47038836
-2003526729
1447913074
2115999177
-1200459599
1765795602
586567393
1470435676
44791358
263100936
-171639362
-142150687
-143582300
1259047915
-1993707385
2073443233
-1125526016
1720675646
-395098974
900068099
1585947635
2119893147
-906049427
-1530565107
1808324316
-532578857
934119827
-1918739414
-828392631
1513325411
1199174817
659796525
1606931626
404568564
977459672
1985654933
1351000135
722505318
251194180
1756858898
-1497296013
499033565
568166413
1472425544
1361987841
-1798180819
194144524
-2024145710
151196151
116161659
-1214315871
-1711774584
-2080809599
505705508
-1089884221
-820464891
-799953880
2115166173
-152044969
276043875
-207879613
69671706
-437611323
742335304
-1611067987
1446222260
1522456777
975124774
-1856277832
-884022331
-1532436602
-1362571587
-1604553632
-1485968426
1051100896
1932141796
28732355
-523558084
-52627446
-671183479
1672135376
2038427838
-1430813859
568491254
2092983871
99380603
1391977835
-591336619
883090112
-1948021750
1037912404
469158518
1471783286
760221154
-1106731945
1058116558
-208537690
1567156988
-1340471636
-36031806
883817899
-405663817
-1267950192
565038885
1089823021
795907322
-1827495264
-231064577
-467360110
2106054303
1770382442
-2134110576
2020249011
1663503375
-1935338432
1941479828
-1138061869
1430603561
-640670384
189696199
-371811124
962854247
1149438193
-413452117
-2025736822
1533968195
334453823
-1342380408
-772812355
-1341193769
-1559569687
-1973164877
889146058
-1357373757
-963531960
311885587
-829237758
-232001966
-858204236
310549472
627216405
-88596513
2084473107
80913582
-292697144
-1846496139
2076890802
-1953268823
1060018149
-2081865803
929906519
-812220126
130756723
-1903766788
-210755690
1918561610
13684519
738391748
1383905635
-1862008260
-1308192998
-111520182
-736124696
-940451264
1654544315
1367867761
-1603886439
874665549
527762182
-384276250
2100196996
-573312817
-1334693131
-1062373244
-867707667
-1891862357
269191735
1254061048
-2080325607
-423495553
2012625951
-1485014616
-552069270
105139758
1196238815
191025104
49203115
-320194917
1210118901
-800038930
-1540674387
-1496526413
1070257892
126092384
674789394
-1442258255
1169298983
1001622602
1582641512
325931165
1388268642
656644541
2055283577
-495801579
-2017980966
-1864581611
-523482400
-1130383537
762350119
267090081
-1114793505
1346062685
-966253017
-1035011191
-1474189968
-714347085
960577846
-518726932
1061064601
-538302746
634624411
-1302459832
15450884
712131510
-1902377916
2129382431
-1711189042
-59829938
-851219530
-1717995562
-1560536673
-2111377975
639781438
236075487
-1489971462
-330760456
-1958407316
1868575258
1765409237
1968214370
1053376705
1625592952
1897988460
-837753973
-38668889
-1692487711
-142805679
-1088691847
1523478177
1134690135
1909348807
-1764060045
-1808027710
-1023825573
822091089
-598324469
-928111005
-969272945
1349254021
-1860321953
1262957071
-1561894756
1531523365
1906422171
1753598146
-589158827
-1656103569
1058596033
740338259
1970895388
-1432574797
1488141228
1099683629
-220971644
-1060280282
803242065
1993489989
-1646697160
-1101453578
1693396808
-2037918137
1423535130
1870027934
1250695562
-651717102
-256289617
1154773114
-403448196
-613154713
-1417552711
2049575581
1328775724
1034434268
809223973
-1751948830
-1092246567
162711574
388784167
-1086400703
-777119560
-1936544458
219389859
-1577618845
965603061
-746444141
-499151410
1442976631
-1102701321
807569322
1163841045
-843354554
2090819816
1117180498
674657341
-877518203
-1932389260
1286283571
1207797707
31032681
414251216
-1593243272
1113774501
1848045697
-1561968899
1683045315
426250232
-105600577
1875005517
1191017569
1166478428
765638871
168827686
-1922209090
356847670
1537162700
727377925
-1967928293
1571373918
-1803215674
-1957823803
2044808573
-1908244224
-15133911
1972798497
1810165992
1606586055
-1327855132
1966385015
1290377677
1005789751
-1000425210
-542074674
110849216
2066438234
-1862143850
-831187174
-1539901843
-592280674
941890211
-522139970
1961840076
-1897434115
568511129
2058629201
1213703571
1876008286
-7049770
-1600493660
-1974468372
1228128315
-764579460
-471425276
-1346633880
-225576829
-1309576824
1333865147
-1102711758
-503884096
1566557475
245545181
-555762553
-1735039108
1449917496
-1432043200
-1344927387
-218477343
2139628102
-1675988533
929173634
253251231
907008630
1691720435
-437200769
-1425800174
771795183
548364419
1997968477
2007792802
316472681
438612635
-728251856
1531120237
354210560
1649595130
2136539409
1854051107
510130506
568355455
-1180577192
681610034
-972858709
-2044464404
2083371531
-1649410270
1000068071
195066093
-1756728688
2095140673
-30510856
-251790760
-1443289174
361726338
813114145
-734862154
1844702370
-1380561502
-515095486
-1561823230
1205330372
-528857205
1843297134
-411299408
-641221363
840879101
-751184198
563848176
1004644897
240882539
-52548009
-727982797
1679734146
-1463939294
-586013469
-1702181906
-1914620161
-1025444688
-235579141
837405341
735768425
-469329021
764124180
-1054433270
608882061
-1488383793
-2143010165
-1902493746
52268637
727516597
1377689849
306841368
511421552
2131950497
1740114636
2015285676
-1006480724
-493595917
1000990226
-1845337297
-1098103232
-2062540831
42838168
-1986813791
1766521816
-748295781
-23178701
-853123543
339692556
-1533364305
-1480181667
868992280
1797552920
1724322222
-2083375357
-462645721
-2116581422
-1728916208
1902549660
1825491971
-76548648
910034260
210769789
-1426824693
-1025603832
2063858283
-1231265173
-1109834920
3774516
2140705110
-2121580943
1853007357
1411781910
1276461837
-1289612300
926045839
373766017
799425954
28927236
-747325465
-74545703
-1708778586
-428035340
-1452770522
2028520645
1792554443
189442348
1282102265
-1252274142
1895402186
-1360223940
600255773
1735692090
-1259845241
-432417739
376414501
2082699317
1762789746
-2060726988
538426235
-2078714161
451550511
-1389432514
1391740324
933055051
-870323336
122892371
-201382713
-1292882265
224883266
1856910269
-908817553
-1646205680
1956927518
-1300128344
411763599
863514519
-362139678
1707945463
460559558
-103148507
1154142856
-1004674988
-1732277532
166066860
-1852443819
921196425
-1361207123
-1728185697
-826584515
1020144142
-2143776036
1357974435
-1095552891
1913840610
1948082026
428543366
250014634
1753141661
1932506383
-1207379088
1364058753
1513810118
-1489545463
-237117865
-418314081
-1609408158
-1317439205
1159451320
441043962
356242636
477976536
1352971651
1595355344
848623051
-1504997087
1817840726
1116620743
-161925663
1126957291
-453247762
-1900453291
-2062750751
-824302011
-1281497127
-534009503
-1982083132
-142322535
884832880
2045049386
-2126323781
842675505
1650748420
-644076185
1707803271
1909677309
-427009449
390343856
1562049288
-590939502
847214926
-922584548
-1996717804
471457910
-865596957
789843498
-1655073910
-764907622
-1863594912
730312676
1056200614
-599382489
-1966087735
-1098699967
-135456363
-1304373635
-1049309031
-885323317
340738636
1831979639
1874960561
303739265
1662473876
-681093388
588268173
-65729027
1689342825
-1261067373
1813820856
-671864871
806353797
438676157
-434396542
-150974897
1886579254
-1570392601
691297007
12433183
-1996849288
1972296216
-1058703631
1477032117
-1249511105
54999209
-476413990
1691288202
189353491
-1115617205
-1842585845
-2028308534
2085461218
-367875506
191726577
-925855690
-2132261359
1097093152
1820194098
-1663212725
643957203
-1223428845
-1447902942
196592036
-339179586
-1338462110
949977467
665976988
-763716709
-1912953995
830989901
-31892425
816288637
-758839197
-127239117
248451905
1442360084
145499321
-1288363577
-1592483401
-1356089278
-1191631751
-1228480425
-1275675290
1640764655
1131028837
1584012248
1364785362
-22031847
-942351747
1554861594
1583231064
-441677778
-222371899
-533741251
-1324866154
-665298787
-1385810358
-161809053
-341119734
1776350378
266451047
1884872102
-109637127
-263471743
-1599031740
1864466508
-1104702319
621760910
-863659361
1367049785
-1139857839
556276491
2073008078
1836864932
-510506840
147764186
-347889404
498947085
-3001892
-703581548
753218514
-1000977554
1780915245
-587877151
1309914609
2046586544
390259514
283753225
-1180079298
-509038240
600118178
-958453557
-2004531195
-1340119390
-2135699219
-1012465811
-2086067327
-1109501083
-1051052627
1193223444
-2018898269
1083563992
-1589702176
1958071637
-720841966
312767515
-555275368
-849193205
-303767949
-1303114694
820536797
1340978026
-1076093462
185802582
1389228498
2138155604
-1794208289
-942475740
-1129583083
-694710293
962888196
844623003
2101549163
-1248575642
-979179113
-958424343
-1183091299
1516793640
-121039900
558635430
2131170204
-70667762
367507725
-1337797301
1097615851
1351203336
156846861
1319150821
-2100749251
479637483
-1874865414
462166021
-1164467363
1393079428
816635530
1888104442
-1898602419
-681713937
-1273216553
-360122303
1433378226
1481067561
1093841254
303477308
-1494072465
1769935844
557676645
791906338
-2037727090
1095251610
838913844
1503066935
1619619687
-21571355
1094096422
1847689532
1579685883
1626365964
1559722119
-2134506201
1837593760
1920484320
258259937
-557957353
-437396253
127379913
-1802944645
714610561
210451113
-1992614629
869036066
1775864239
2074389911
1870854318
-625331157
-1780762261
-1085505357
-302492244
26153911
-296407049
1978750539
-1608412244
1663574328
-1491700673
576302613
-850473472
-1914018252
-1023708591
1045375383
-14167478
841865289
-414751220
1133458121
-586519467
15997552
-2084029161
1909254391
1340152609
460557957
-528899051
1592424428
-66616513
1971550982
-131124458
-2008138420
-766299553
444483866
-1269797552
2073714753
1538033703
972758741
1193838606
-128729254
218945605
1071546
1677143271
-43034449
1366563271
132427137
-1123112141
-880046008
-1917208663
929884953
69160123
-519243585
-2076092753
-728714257
513196463
514621987
-1781160843
-154100368
49666012
58667807
645432260
825002189
-479334115
358469722
974727718
-2035207427
-1187320558
-2011883999
1393951419
-855621369
-1169851888
1630365763
-193369523
1805012097
-1159397033
698555452
1899862178
-1866025901
1733796490
-1730756203
164973330
647837120
-1090915749
110038154
-1224997800
-162426457
1705996421
1130120940
1839855020
-252067323
-2121799425
1095199561
-2127239920
-1276410947
-1296223122
-1464512951
-9919254
1325807771
-1243083814
-1593279910
1006039250
-1893046890
-754850908
806527375
373801901
-1749790379
-88800841
957401541
61897466
790857460
1843086078
1375442695
1370053483
-1787739897
-1004583915
-22587341
-50443593
305397982
-709172926
-356140579
-1921985874
902747658
1552499110
546653042
-1643200115
1607408160
1901191599
136905376
-1428030573
-712792900
1855279312
-453703435
-908897836
721730504
1098618484
586325958
-1746701748
378815486
118452783
-864463278
-1434827466
-558762582
-1359942858
337137190
-1614918754
1454873012
-1604525295
-1131583038
-1377119435
-124939555
1645125518
-89243268
-1716186268
-867682488
-1805942792
-68091228
-465729629
-326975940
641225097
-1233019672
-83092726
139773480
1155200796
-541990406
1164638503
101431014
-1046325210
-1856406673
727521298
480347204
1712966375
547674858
279629759
1635685567
965504475
790661241
-1152380269
-324218735
435168375
-205491394
-1925375175
-1552016147
842476305
-478599087
1192469429
1091094408
-174950881
704320485
-241698376
-385833381
-115453789
427700393
-550599626
211546023
-1625952794
-829503120
456363573
-2036396487
1329717859
-1867370221
-880514328
-207948305
1797306374
-188443499
242108156
-1843544966
948441494
-799061112
1571306288
-1941079452
1181749614
-1465300304
-347900885
-580798380
-327026829
1491705061
1356170121
32500881
1109273153
1078855229
550383158
-29111100
-2078466137
-925485719
-416592897
-1169917951
1288820821
-1653201057
785550438
989052167
655090387
1636344121
-1929235275
1587871943
-29222475
1238688861
835136341
-1226995422
1257148684
368640221
1282925663
833105911
-575183073
-1170445793
-887553165
138592860
226978907
-1813728832
-997603640
-357855190
930403975
1868598453
-1264349308
1928982463
-763137221
-2042919245
-1470555314
1758771710
1748176274
487524304
1939292960
1627783834
346159902
-1513385878
74601313
1868271764
-2129198052
2063552327
742936882
1442306817
-918218008
191723005
-1456357113
1160744464
1238275763
-459542636
-1918909830
-2041848757
-860560014
-1657578135
580883803
-2109071331
-239277799
2003271253
673766411
1882558868
-1935707128
1583113229
-1755500790
-1925180314
878745797
-237036853
1240782285
1334534713
-1918910228
-535910610
-1048725292
1273238814
1348321123
788299358
-1513168644
180639326
2010468817
253353075
-177989615
1376531833
-204094128
-1128686314
-1585807705
1127869291
232174176
558135913
-738186455
1775013425
737608735
-1237854684
603334194
-2027947894
-796344650
1927639296
-687515621
-1464276478
2028878102
-1133726633
570178516
1071948587
430226916
-1144229364
1593076471
1711243821
1654900657
-1569309016
-197372134
-605396095
636963950
549112261
1276298340
1299106553
1307495454
620288174
-1207510686
-556918525
-543025459
1290716999
1957222427
2075676717
-584581696
-836193494
-1738222495
-139776276
938107885
-310135533
2082601833
142778776
-632921683
-94319491
-489275234
-116404038
-2023854161
-1633132148
-1477999695
-1558425718
-2081436368
-882278099
942703604
-1835848014
-1168403096
-1729218693
1343304936
-287180968
438777927
-1160729500
-11057132
-130035109
121588321
858973836
1933901848
480862171
-1300045787
1710577777
2093588736
943981311
-1966282667
-1679385649
-966782499
-691821071
-1357629007
547946308
-1757576302
-610649555
1855080437
45140535
1371746539
-177702661
-1368673274
-712484106
1589873651
-1835292615
743779175
-910851298
1331457158
-1717803170
1851935473
-1116879297
-517139420
447662267
416512195
1006460607
-2050483448
1021590274
-426579594
-2120274690
-1280402824
1048839948
-1621080939
-1262357317
-836556706
-61381162
-760374196
1855556789
-554141672
-829263156
2133306462
429974677
-882330485
-438075830
955484
2006713611
-2009077890
-1278835617
-366771949
133656118
460653092
1456655315
-180160186
-313231288
-957195526
-896208533
-1660239460
468228713
1929884883
-1964514454
-177894437
-196101156
-1811078352
149131611
-423238314
1171256160
660561877
1403016205
-193128284
-99657512
-1521261160
-1921363489
489813650
958582061
-1589091205
-1888459971
-851002790
-1578705805
1406952189
-1678886038
742161684
-1644028342
381231277
1628035455
-334107540
-452806522
1655967231
876119475
-1012778860
-721491950
-1319801502
1459609307
-1380684420
1799009297
-1752698479
-378815436
651864896
-892129467
-109875927
-1403394208
-462687774
1955720116
-1667602565
-684133714
-906333128
-1877900152
-159667549
-1964527714
1352902183
92693046
-1871307047
439814563
-1248429551
655170787
-155285754
-1066907350
1572569484
1787961602
-48500070
-81919269
586278227
1081899585
1511585948
-1479133410
521103489
-1853888347
-1381691390
292054496
-520033541
1838719987
201496898
543857302
1548492590
695562578
-23892696
-32721791
-636852486
-1531252947
-1830877975
1277783860
2004880365
-187352226
-766865543
54587219
-2131605837
-742697080
-1146320871
2013845404
445761997
978972611
1214947891
-1434834389
74892161
-1584306306
-227926423
358905
-452556015
-854765407
-1274553109
-568708955
-437621457
1861857522
1221509384
968223862
-968733777
-1258505799
301480455
1484602016
-130743170
471979429
103548215
1882141126
1269552082
483209456
1840348485
240758976
-618322525
396173250
1553337037
-1001634403
-312571303
-896465198
946965042
1185153259
-1101217082
-1054627245
-2002077006
1420474677
1330911061
344000269
-1817507148
1718125260
-1771934077
954079689
848450916
1760452554
-2144348529
-193251087
-185571967
323841108
-173967763
1245701240
1611878773
2082343710
2048268799
-1754714121
1456932005
867096115
1784860038
1068641048
-1462531574
-366258186
-1925628842
-2014319561
1603070976
2139541603
-1710700855
311501125
-1491026594
-1258845542
-419003531
1577798384
-2095407162
-913078626
1360502689
-1723988480
-790996163
1298627417
471651060
-1351153916
747330301
-462588701
1725225583
189246509
-44653687
-1923575037
1987522204
-687388295
1718982146
192916469
-1568184057
1911264019
-564325191
394844013
-864744211
189975033
1352523012
68429276
-945641677
1634832095
-1685050795
583272433
-794134119
659586899
-307366264
-1092212126
-1922685649
-1507589855
-1864340613
1307036139
497158151
2043338744
2033867235
518833046
-1917042133
1709613388
-371013283
2056316221
-1141205551
-355814786
-2087717437
-1370537395
643929805
-1783769798
1965313473
-729575220
-2071274170
-933532127
-2046540121
1991627420
-559992916
-2007459417
-1814750848
471912192
-1955276823
-1773458627
2143403362
-429383585
589404118
-894502223
-1687899385
41605704
-1269632784
1321739221
1883927964
-1477702730
280408906
1988566111
1474929881
-438656620
-1427568699
-1677868017
841694289
-1776915070
-1778620033
-1521298665
-1620153334
-2050468647
-1090305399
-1257026890
1301866064
-2101351444
1800019932
-1332229083
259897029
1441333649
-1922256756
-1288832585
-672008515
1519378143
1063191613
2098480699
529003208
-280805576
-215499562
1700320932
1516148111
1284457609
-23124107
596793835
-1409537053
-1078137904
-2091749214
-462161100
118019603
7718366
1240033222
-391392721
-13747587
2145646686
-1688173091
1787655617
967265639
-1830630635
156248938
-1694460702
644104719
659834218
1016416683
994425288
1565784320
49586217
-2042696946
497130309
312836006
273452931
82267875
-1121869715
-689343196
-118511271
-1613329326
447904379
-1641781147
-1153143879
-55054194
1038874868
-2141158543
1374136232
2072677450
-1736213492
274601985
731206689
1913169004
1049143625
-1763188396
-1466102435
-1958151680
1906722406
608767811
646497365
-988275346
-1931780487
-1162842477
671113861
-508083985
2126452055
-450018678
-1235393039
-577683907
-459027145
-995646524
1343076716
-1806842999
-1760263531
-268470202
857034007
-88745038
1248952920
-1013294893
-101567704
1515996595
1797250614
-933628034
-1155578644
-1271967908
-703511721
1736039296
-726821874
-1354684604
-1566566600
-110328245
1982671897
1282333181
739638994
2126337502
-945690566
2103275145
-1779354630
-1401046949
885612874
-389556723
2019511562
-283540266
616773644
-1097882940
1890212545
936873327
-8568910
-559039946
1438613607
-1073168734
1482247334
-1908443480
-1983616460
-365338659
-258299002
146795478
-1323088398
1658669394
-796556177
-532397345
1137385953
2695950
1140502141
26042752
1625085402
1633157450
721336210
1865437316
-707077450
1102967297
-532470697
892999035
-621497360
16601026
1404382336
2076898217
-194195576
1086188998
-1115326637
-160413631
799146026
916615493
592485482
-1497139757
1865676175
-1876333564
1967680695
642224898
793532195
2062355506
951732168
-2065248135
2139907304
-1752337035
-129040053
-1978938850
1840857753
-1379985602
1025841876
-1922943096
-1321250542
-709389212
-559000098
-1660047441
-1505281554
1003032560
2118509071
-1461947422
94212466
2141516598
117746624
-2014874115
-547867991
649888036
-827486532
-143651366
791853519
1774635742
1105424710
-371256825
-1924284174
1708710281
-394818720
1523599289
-1970093354
318120294
-1765908918
1280335361
-541538279
1372361251
582885449
-249370563
-956022121
2041632877
1207017641
1799949264
1436465935
1948558537
646375427
-195504875
134821126
494537636
464591043
-104831088
-1342804757
532959912
1947816932
1628405094
-1492626309
796376912
-1745705475
722790927
1539207526
-1390462274
-168738687
1598362697
-1567030734
2124930763
-811236542
381262671
2001669471
305119328
-1832936905
-1503028406
926138060
491162371
399029118
-29539065
-1463175335
-748437068
-1406463581
-40452885
323564236
373274874
2066906658
-1726647005
365438968
-134635976
-1136467926
-2013759713
385992475
-892985276
203094947
-858304448
-290653560
-1048081095
-808084366
-995060273
-1775776379
-1184269940
1119597051
-1547160527
708304246
1671906397
1881022183
146734424
-1593951942
-2126115569
1888895271
-420468099
1077891796
-570429926
-1434945993
-1061632757
-284825778
-316174049
-265019481
2081958622
-323878695
1747480636
1225845718
-145219156
-1527548103
-1279698783
561080064
-1956762173
1178702431
-1810103709
-71362437
1966022644
1431810903
1662898576
1923395645
2068385487
-1101453468
1765479554
612305057
1292316431
1237092712
-1618521224
-1355415446
92684120
-230599287
1058178402
926576903
-810058977
1480102673
1974222331
-1938373352
29051112
-1886144362
207825181
550761265
-1317267529
1203449434
53503824
-171122467
118824896
-262139148
874749859
-173641244
-1575486880
194192943
543021759
-377305136
-1333836464
2107964977
-1753842888
1005221294
-1202993897
-319690017
130475814
-808539119
581745344
1493052288
-657541388
-2102156965
-664051507
258824864
833322359
367180351
1851573099
1219114038
1237089602
-1703397759
-1390647322
-1681778167
-1170481353
2132305408
-1937410210
1665792590
-233030047
-1336628747
-527998789
1113095318
-1290625791
243844733
-45210146
-2097440538
2090997478
-1048754092
59099160
-1253180121
-1317018367
-1549532446
-2046588961
431154368
-1711569352
1485826684
-141104194
805652097
-998235782
1687801571
628081293
-1695449918
-1727957741
1253554703
-1079667486
545180619
-1099438272
-643500238
423639495
1363176054
-2018210810
919930359
1390969516
-1929645805
1745826879
747372042
-1167904097
537744011
771611124
-585423140
1818735801
-558971961
-1027211790
1474873255
159860187
1691170130
-1737635177
30831536
1492157850
1350058812
-82046996
839472843
2531959
-460931263
-1233949448
1917601316
1954714963
1593260331
191248979
662411579
499654689
1965435252
-993654279
-286847184
1602192349
1030332975
1504366688
697713728
878715324
-600004057
-637859125
840989583
-215516252
-2128435640
-870353184
-846151385
704333789
789411133
-259903624
131835968
-1540584439
-342417062
-383630666
-654562879
1092416337
-636859204
914494810
1830905606
1365693409
2034416559
-1731713194
-2135993116
2088474517
1478598991
1095699874
-59731223
1945336820
-1578659215
123385164
1870131944
-570106532
-1937751357
-9026606
2132047028
1162379647
82473009
-111204173
1109572138
-1806461683
-1549229942
-375966653
1479751540
-1224257358
-1832020637
-1694447681
-2035506292
-1526630077
1526831675
-8031584
-1568248577
127414067
-1559490337
1979224371
1957639923
1165934923
-1874927600
-1804812183
1173332587
1440249498
1272424546
-1035191573
-2057705528
-547781719
71623526
-906923151
-27589486
-714760461
-1082437365
-1216446380
-913669768
-1340151661
1332369216
-544789407
1235358869
743381311
1768175582
-586497809
1557570548
272641140
523845829
678944051
1986030678
305723890
51599940
-1706692910
-1667739598
-1348111765
-133064770
-1873469513
-1712549124
-2143718537
-545673591
1862192422
-632322902
-2116524342
-548440295
315481105
132571507
-1610932057
964746333
1333231274
418048473
-1494175337
-2066293400
1898069817
34633449
804134742
1757578580
-1752013778
80318145
1504459022
-1121518237
-1129315974
-1151582893
1100085959
2108693862
-364098791
-1098402457
-832752612
1599544930
55639283
1970011622
237135410
-324185233
467528676
1088991060
-107475738
-459338525
-2021256167
1944815006
489736005
-1646327376
-165758819
577751573
1758139200
2035096330
1940416563
-1115956806
536121504
-307175860
1073937253
863652795
-1305870537
-1991528164
-459612195
639663165
-1285788584
-397196340
-229686030
32276316
-2070461560
882404867
2109078917
-345980817
-1305856396
1353984412
-321180914
-1681665648
192229414
-2108762163
1961362929
1049571163
-542914701
-776719221
-788703466
35650804
763946168
-1691837395
725841592
1978203214
2057473733
245008207
-553982852
-1634384213
693703448
-829071111
-210383676
1098877278
-1207173811
638130943
-711717051
-1260795176
884117973
-1479793494
-1663001898
756939745
989642726
-1594644585
-603442549
991942949
272416434
-495440161
-1219563518
-325263119
1613810138
-1252320136
1881872124
-1146134209
-213405403
-1595698982
1216417326
1817567727
-1720570004
986687717
728076633
-493850793
-818004775
-540985855
-636981096
1672055037
622383184
-1392814970
-222596872
576239778
-1385839572
-973568930
1529750093
868816259
618975790
515319785
-818889149
1802385370
-724182351
420777248
1339909299
825647274
1992157986
242017532
1026050359
1230035388
2043787184
-784806632
718054912
313250276
-1188987841
-1563996267
982878182
-641910392
-219318111
-2118288067
2120140736
610165602
-1807123449
-185399830
-1122253579
-105222780
-743885899
232092456
-453593773
181122716
-1202310923
-1275991783
-2106286562
-1260067975
-680797619
-354446951
515328620
1418082509
310259
-1698490975
1589105328
2072530228
990374784
71682288
-404125293
-693020811
-826510620
-379491353
1163813386
-463823610
-30148966
789292980
2021860004
-736115499
268241691
1322952883
1260059171
-957738427
-1985942121
-43091184
1921468750
994430070
897029090
2030112176
-941509115
1276138953
1637369772
-1388773551
1111219093
-613304414
811352309
-864445969
-1850135475
704423536
-531893313
-575889303
-1737697199
1308377578
-1448671996
-1641491868
36621741
-1582885478
1849826026
-1272821137
-1271388755
1952652702
-1401619404
-1522525592
428381035
-71380051
1384559356
415549981
-1491359832
-662730664
-1934842209
1131256885
-1676804641
862293138
-7544585
-1090077359
-1690327401
-263524494
327348943
-1359953555
1996645113
894030902
-1259721837
-1078586484
1765246369
1122215050
-492365753
9780116
338332856
-1712151798
1767210426
-1529930122
2008205634
-1329356283
-1910554118
-1512661871
-2080921676
172876420
865335562
-378457512
-187142711
-1386520694
606079186
-1112637647
-1884192363
-1915483748
-734160810
446092960
-163148327
209892995
-1184317910
1959739300
-700835943
-640497328
-1786535387
-143423903
-235906836
577885855
401507925
-1941093378
256144658
1504758048
1902308146
714670288
1330928075
1496599123
-589282539
-738667337
1914233318
272397202
1374415082
2001086920
-2050683625
180882260
709709348
-2014673620
104882445
-1571302737
1250595825
-2138998201
1505609668
1666885406
-1879506001
788802588
1437695767
-745309052
-596108643
-1579089681
1350430104
1263956848
-165339947
-832017365
-1856474972
2106232738
-1279237255
-1407061370
1583642545
-583937330
610064940
69913698
-1173061399
-1827553377
-846897212
-1175336330
700828412
-1221424898
-175440323
-507879251
-914042831
277574035
-1553322512
-1148519603
-113910081
-1919475829
1776588803
751370844
658399834
-755832676
-883946461
-905498818
-1988054257
-1109894586
-1905091216
61937826
-263881388
795902554
1976507065
-846653281
-1798629541
1207221183
-1589357079
-1063522023
-1209772122
-846658701
1494544064
-2086677911
-912932641
2130188752
-258698043
1558882365
1916344041
-1237715952
-518851462
2105921723
1302114610
-164543981
-1301560367
-2069650964
706027082
-1030419361
-249126433
1075667287
-1379078983
-1396199833
2039004622
-1666580
-49828596
-1800621809
514160920
1238154276
1238008113
1034111343
-73762574
380179557
-1716663036
233013207
251058949
1687921578
-557786071
-438811886
-1810595485
423482979
631345435
-974066705
-1893357128
1429509529
-763924091
-2012678916
1311261631
1181240917
27435984
1580001940
236174072
-1448375486
1155838461
1869600540
1202530199
-570489711
1540498867
-1393250423
1572412095
623659548
-1145482853
2038662180
-301893136
1298033614
-518267925
-1522894447
51977660
133317697
1889394241
2036780557
-315742272
154028456
673623729
-1903005962
-405322798
1026296046
-400775647
479650448
-1462286217
-700731617
-1587120173
-1706128891
-208278889
1252803847
2087841347
1418297261
-1111263117
-110526184
-248962766
578524560
-293023786
-1198894192
-188974846
1294809128
1510212490
83464410
-1715924156
-405718678
300246029
-1995153867
373841039
1149093895
822599557
-1078967149
-990973037
1944524526
-702878480
1135939011
1525557613
731805973
1881372319
-258682927
-842222789
1564538233
-503547932
128895660
-1665113869
-701720733
1599554058
-1336935415
-470028944
-1962672404
2034670725
365858184
-1803469875
-1598294590
1230976106
1064010004
-1001810442
-1100542933
1814761248
1115176846
2107293819
-475037111
-581634984
1190391213
175699879
-1741684320
1422656314
-877745377
261302737
1004530389
2070865632
-683728908
302514929
147864504
-489595385
553188412
1110941046
-1362996860
-978974205
1859735022
-1262556075
-1712190620
276936947
1162334475
-17354139
-201256647
1548525366
-774201854
1998920425
1216955034
1611215901
-1791239594
-148355218
-1162309092
-438327839
-2144907395
-600480041
-1229401902
-1428678441
-428864501
1412573622
-1798689257
1620911585
660370191
-1427396644
1428123530
-1606202328
648633789
-606794958
1324819802
1135168007
-2090126516
-377121846
-1017291069
-875523766
-603055327
1879722288
-524967209
617368215
-1088115411
865135878
266678657
-556229588
700892306
-2026437937
-890122042
1863526346
-1942464372
-652148470
-1352029618
73987056
1185578894
1454047107
-1322451677
903689292
-664338261
-423266588
-59070537
965715310
-1512499401
-291117678
883740203
1461743550
1005341870
-820220490
-803004210
-8731216
1801751763
1952235673
-1649637661
-286346955
-77539300
-266736844
1285173670
1075168372
694958157
-71706617
-1430103151
-1786404423
-1114186910
-1755407831
1129920475
-384921939
1280014513
1070650784
-219490752
7571143
-466394032
2050480370
-1205272825
-1804828414
247329971
-1639891973
-1561572543
1721425104
-872014182
-819783679
-487064242
-1859966386
1226533673
1191259397
50617765
1981727160
409054296
1475250267
-1165254701
-1052058082
-250801267
-2025160580
504468419
-1031655593
-1829335418
-1261364709
-2107726016
250156854
-1453420932
1940138613
397081528
1350829564
401776005
1242811117
238982211
-1418548724
1405904441
-96341545
987226082
1283581669
2087129496
-618249069
1853498379
-378419381
821174059
-1808501026
-1889957019
124509895
1530338152
-1086796956
2142428367
