-1914432703
-1431002004
1255927342
-1498736080
-1866569409
1581692315
998143727
744551198
2069467442
-244206987
-1594560072
-265422342
1161315505
1048797854
-293024216
529201124
-1241813
1826818452
22433102
1829964032
-1163354529
-1260248557
-2135416008
502423676
-366025711
-2024608838
-942465591
-1783707439
1193457402
-1589137683
1932846287
-1379834808
790850815
-47719683
18229077
133001663
87472294
-1787403642
-620639692
-1497884244
917277637
1299642904
-777524240
-1692301470
-1034817157
-1231676135
-658714176
838849171
-207416476
-1722680087
1177620974
845184277
1912331783
1403043399
789679969
-379746072
2143942803
397584626
-1171056008
-1424004488
-155581493
-1833620077
2125908760
1553292062
252007485
1579541978
-1347327992
-1979592724
-1599824967
361951974
-267292805
-1945036631
1350514177
-526885399
126129390
-1811125478
-118092611
2076204811
1003931700
-132391293
-1079753039
887533199
122821070
1454250861
1360999985
924664884
357044352
-1136344152
-98420013
-653055779
2137146400
-1118775661
321555046
1038368371
-236891728
-826632806
-346942173
1967333898
-1345422161
929344767
7862562
-1017344958
194351531
-474831651
-2135410417
-723135505
1103224347
-1642668438
1662757405
1186887420
1139954027
-1523801732
-1501278919
480693644
-960095401
-47776178
-1251375229
-166966431
1069833083
-408582269
2117791225
353235841
-1252608469
-1634981782
1786222709
-1730026986
-1407720832
1150000002
485699545
-1141960555
-952859214
1021068609
1369516936
-176375773
514715565
193296145
-1580076521
-1324681677
-214725411
212295322
-2041261756
-394356877
1832984909
-874633914
548208934
2089037032
-109240081
1631126529
-55105882
908906327
-1473005251
-811053248
-1342174931
537474279
-1635753984
225558341
-2098958434
1915616515
511769454
-1033209696
-459450234
-573155707
1040906106
1168808184
2111504786
956851216
-234103704
1701202955
683962945
-1561263428
1430534815
-1277907726
-1067942439
1558370041
-861601854
-1546848343
-1484230498
205439916
-8091392
-1555640625
-1724654527
-1790300258
929171115
-1854760535
-122669161
-1873167082
658703623
-1511309716
-1644280438
-1208133693
-283103644
-556614469
1417312084
-230376224
1502845551
-658543506
-973816343
2130829714
1380728516
360178836
-638615884
-1017062509
-1074834234
-103297349
546086790
1719873557
-1387673421
-2145899922
1571478987
1699130592
-1052703246
-698759938
-769334018
993931197
-1139559249
-101127803
1246156894
-1369112553
812661929
857574695
145114081
-2005164322
821043530
23821211
1456711785
243740846
-1142650121
921323497
1226577717
853206576
1901171113
1366623604
990154905
-760936768
-2034557764
-1988227781
-829416975
862945616
54488070
-151825573
335331027
-241293429
1906875947
-824962856
-1313672829
-1796016324
1457506352
1305527708
-538575189
-1648159247
-1631489459
-497363266
941328459
-1962056997
-1325625850
-1827058424
1371225070
-1320303880
681720188
973895603
-114870243
-1175024781
-56761344
-1056802956
1106302232
-299127222
-625825816
630912443
2110047427
-1963881167
856944038
976784441
736411102
-205809994
-176378859
841130147
-1615583623
-1201335899
-620111338
1644345526
2067820966
-1084179795
-1353587365
-686519686
872752239
311564355
-662945150
-1626321719
-407456246
-2029147963
783903333
-1253372910
2078195531
-601141533
1756158128
1862338394
-1060688551
-1087856582
828366771
494557571
1842965412
72284737
-1368562312
553284305
-697190122
661356904
1870913048
1198466729
695606408
-240816515
-1537468598
-2049158757
-1627149193
-861843886
286828860
-1613931615
-847503881
-2002380899
-1544871771
1692801704
1432932071
123943710
924399131
-700393136
2034745189
-1790635513
-246569311
-874543632
246034052
-1573433705
-1329233532
-497922596
2018758204
-963947769
-442237082
1645619433
814006945
2075300522
1908684442
156375345
1988616280
-119840433
1644249267
-1111350509
1178721862
729863401
1130538327
202064253
588607113
-1578853007
790896216
1537464940
-331648341
1802761995
2020411652
120616884
-689062124
-813229465
-822273860
1089259516
1840652737
1207750506
542711491
1035283468
-1424318413
1361708556
240909143
2143638603
-1141170007
1706006915
1404898309
-125521278
-360451440
1363583393
1449044793
-821967898
-1730418118
-71960966
-1186163436
-481724588
-236190770
-618018231
1450919298
634926046
705282431
2102427027
1339466634
-768195707
1613543680
-2027023988
557813224
-727079352
-1377106889
1321852090
-553837352
-1459383971
-268465872
-839883304
1059040564
-466608450
-1244115628
1283295484
765528257
798159078
1943685082
1363233531
-1947320379
-1666986276
485189500
1557397260
1111295964
-51741584
866828142
-1076583765
-321407989
-156675388
-305524853
-1068067905
2124945941
1165647117
1534794705
-688782082
234551565
1612381595
-1927903473
1430049936
1576711468
1172201238
1095312604
1806149874
1610185956
-1359006199
-915409205
-1911195619
-124769484
932026020
127551708
1396825318
2132310845
1430119101
-450059980
1835851431
928932118
959058968
-1986627824
2030636831
114138075
-404298009
1228399863
1922245270
-853682932
1482860691
-1934374353
1837655621
-1781473005
-719606084
1404964721
98810099
-1594100442
-140985730
-348323105
1105127907
1879959119
-1276261386
-1601175755
-1657757203
1406256584
498870788
-901983681
-1881326870
-1123127668
-238771631
1013487242
-2093799083
-300361686
-619756141
-191368098
636607534
-625458469
-1055120369
1870527979
-417056991
-1843883817
-775631265
610278081
-333051161
-1653055261
363765365
789100165
-1679937556
1124449838
497683679
1521067745
1034757938
-1607108259
710645324
-794133316
-1205181068
1863220964
1246688590
1701721259
550022286
-140263785
-2057456543
1306458790
471602972
-276006784
-1017226197
1514534142
2097330784
-1244396814
-1348353531
1088440974
-1181023640
-1613275682
790117049
469882928
-1375654801
-1407703196
-598690419
-945206926
1618969475
-2140027475
1864369024
-126842742
-1754053784
-1030301193
-1914777901
-1526744698
-1193130564
-1718988559
-1743714614
181941447
-1394877093
237544520
-567163981
1253061807
142705668
1963663745
210429735
1458514585
909786684
-2041034231
1873804431
-211423479
1516099954
363962506
212344297
2136817956
2027120739
-559908993
894099660
-1782036126
-1578065473
-974613238
1997574057
-1844440191
1369310476
-1891581948
802566995
1170748348
2107501003
-161576362
756691136
-1544811715
1024646360
-1958482810
-146899183
-1941479473
1313075222
-1450015084
-2018919985
-593216809
-1100750774
2056362503
1718653815
1484997508
1946826055
-1764683454
-1899664328
583206981
-1772371893
-1876613093
151261434
1911417723
-1563288407
1146849709
839640738
-819091601
1080563367
1036253037
-100989548
-1134649978
1793793193
-709636741
-1803482760
-1364433741
-1164960114
399308858
-1154967231
868502316
1156349785
809905954
-1704793237
524402528
-1285948140
888899796
756075139
1069798439
-1445547280
1709948014
1274600940
1180324923
-689923663
926393376
928201439
-487843610
48114248
167695615
1284407731
874485757
446432961
-204644328
-504165538
1416224012
-2038313633
855380168
-1727206597
1199006162
-1784776188
1655028811
-1743927027
-966428177
1791949270
1877571217
-35399869
1299858907
-1454910176
358269016
215181693
1987338522
787813237
-436338058
942993230
-1502953555
-55460326
-129963402
-1009690813
-1463259445
545957029
541293671
-2106384860
829893840
324421601
-2000687633
-1914532231
-637072267
-1423569164
-668164442
1625814095
-539977918
364063427
-40582751
1683409211
1190273856
1932250005
593071180
-556720993
-1763684367
-1192522506
383188604
-333267925
-464724348
-1225507875
300995
285728935
2024167748
279599889
1826328070
-1825873170
78003794
-206894649
785471821
-1620787907
-1064656493
2093428880
508471514
-1442947923
888371691
1435113585
-1510468228
1246824189
573246890
-764424109
-1356913372
344545429
1277440582
223478941
-1358466120
-566714681
-17804469
1457007903
-1022028505
748851799
1159361678
1059206449
-306805571
-892488131
-697064536
531825179
539866551
963927721
1034980514
-518882377
595663129
-1605327802
218047981
-202048683
236367039
1864222658
-524900460
-1976548130
-2130155598
156092814
-2102181452
-710644165
-1184720963
-1038468638
-1810741717
-457090825
-1150155713
1937999107
2098903438
-206069214
-1169102271
-96321592
-9863327
820915321
-381737526
2128754777
339187073
-515659581
1078140018
1500991290
-486272284
120963197
1599487284
1977113735
-1420632699
-1786919239
-1405539960
-632511103
-1043575911
1414337346
1681447857
-2040748472
-48684026
-430871548
-1779474861
-2093009942
-1801866731
1514938538
-1801459384
795359900
-372383643
-443761528
1350006707
-1957782458
-1741713630
1565160123
1106783060
1523774276
-2053138057
-958027633
73863453
352927082
1251556929
-2083700192
-394716410
-406604983
-597237756
-1151756989
1593139997
358436784
-674344926
1571366566
399510496
-31011979
2136611145
2091488565
-1499311666
-1816063627
-2000126675
1983469503
-828792261
1608281816
947919223
435499225
-1086272669
-779877479
1131767804
1359904002
1445173698
277952325
787189297
-189415673
1216247458
240858626
-852611106
846663337
556850165
426949074
1577662738
-1013166724
-1958563484
-1871010791
1285477206
528696849
230287015
-500028580
-2121598427
-552330921
1535041303
1322099019
2068275867
-1821991362
-1360821631
-1794697984
2126097003
292263836
1833568060
471881097
302055958
-2108103596
-240793219
1201936547
-482884007
-1561981516
-580795415
2051819976
1060158694
1683544095
-2082636437
793757036
1216276567
1614264811
-697663417
1287259266
1620191071
745692300
-490623377
-90997692
1252135746
-399602703
1300825877
2043262516
-842804858
1131034670
-621301375
-2026740643
1209978090
-1551274662
-902864605
720696798
1006602647
-688822854
-1849727253
-1889898584
1338443925
1749031454
238486488
-1011118714
648572544
281146507
-470691633
-1790873763
2030952826
-272791271
1017270189
-676505931
-1281830301
323451166
80476575
1218459767
1648436551
-170990452
-828416336
1612916472
-1118180072
-340456041
-876598621
-574760907
-1216762212
206115482
1067852546
846777440
145710760
61530683
231174774
1375525019
1951174542
-307835444
-624175783
1071258114
773882323
-20095500
-1276281975
1713149167
159845413
1596018062
2091234175
2012546168
1802079883
1525665488
-32460129
715169340
-1350605602
-2130346320
1851068113
1076022879
1677626487
-1682658686
-2045723313
1460678610
-188452567
-1035482139
-1214862656
1356481751
-754313871
1153785568
619004038
1224717252
137759212
-1969719737
1726966611
1937574918
1418848264
1745072739
-799607038
1947621224
1422935038
343571921
1481659300
181533589
-1230288385
391558314
-447408168
1082240987
-994870611
-551609884
-204745633
-2000778447
-1226229044
-1678426377
404819182
-779522437
1748183609
-1777876541
926313030
-200192245
-1418824166
-279968592
1892317570
-231398037
1291164246
1253098774
516721839
1768916057
1515013703
-1812122657
1337299105
1916148754
141449390
1657173099
708307972
314027475
757016295
-1756912205
1931852721
-1853410404
-667057315
-1415128656
1284374594
1751859254
33437503
910401277
1543934183
-1250632841
1111352179
-1707999045
253880187
-1326358843
373980362
1535844532
1030560210
-2046880296
-850667658
-601174078
272864340
-1715165245
-354093640
-318519183
-678729266
-1094218700
-1022423587
111833059
1346784391
1994264826
-1932887190
-1420803852
1007715474
1929229255
-363786346
1533560221
-261589150
753849399
1614312696
919552669
2133759139
1073414672
-794125696
1423472981
544652359
188443595
1740986795
-1471536141
-977178146
-293523117
-1986933774
-412938285
-112955094
-500588788
68617091
229964321
-162564110
1322030358
-1072489678
741708482
-346859242
1943248594
1411436978
94521716
-1881232157
-1343455580
-1749081089
2020690227
977580712
-198036998
-1324115170
-1504950818
-824690807
789819789
546783496
-1179123686
-1225943406
-1364200986
1013543139
-682253450
1433675279
1070786596
285406835
1331258064
-1960270310
255301371
431435983
1201927926
40338548
980379648
270019671
2107827087
1941899672
1024415011
-1188173851
854959676
2110702349
1908909691
432027970
118764537
906149627
773015625
-1963588390
1024813257
1234070785
1316486454
1837350067
1836731794
2012493893
-1725894433
-1899079013
-1026729915
-811323700
825323155
134695329
-617412031
1661815306
1992671322
1989735109
586911993
-31314756
1786018361
-561848078
-1155838765
-1559533066
-813517387
2109714476
-1402314157
2110695799
1780613524
-222413819
-1813399176
1666399556
1865877994
-1432698539
256773990
1973550195
1704213587
-581179607
-772276668
-423135417
-1249645444
-364715269
1804214119
446486653
389135592
-1686295517
-927159377
925698021
591089649
1517908621
1461730865
11592243
-424901365
1141427372
1534565654
846633494
1965803088
546328750
-2106938174
1052087946
-1117836744
-937521935
1792209208
-309239190
349924775
1601934261
-234602052
-56393400
108661292
159485457
1534759609
-41075328
1745087623
980879915
545257957
-259013750
-554528916
1627617443
-940814174
-1187373424
266436230
1424592207
-1135470425
-1541281216
1164346814
641365805
-1241348385
-292237854
2040991932
-344972395
546101392
427693228
778403501
-385089362
1996183232
-660801707
967405126
1966797602
424848339
-1948423449
-1110292983
-724143339
-1359057032
1533970649
-1961657145
-1205468078
-14676794
-1789991844
-1974573467
608402887
-547133791
-1380425483
-164263710
1563939891
-1236345246
-128295349
-1142833768
-1542628323
893034679
-1612034750
-1883135295
1584379655
-1435149114
-1451228601
189800764
37806051
1272629656
-1565239059
2072447633
437127878
1870831029
2043542713
600773426
247876571
158653706
-2018415815
1568582915
1925200281
1287299347
-251231397
-1391622628
557514296
-1175404747
-1202244101
742043597
660245600
-1745620629
2064657341
1337962978
-1889146077
311715109
1216705564
1745554983
2013908269
1907938412
162173379
1528887342
2127619898
-684225207
-615614437
308888911
1109834183
623774567
-1331605980
1310578928
1666236940
1879443447
-908916088
-511897339
-149600728
685843411
-1879622419
1796732634
730214558
-585986074
1565235338
332150799
903458560
2145408970
-1799089155
-1451873308
1939965929
456929970
915976794
-127440713
1515019311
79560329
918440326
-864899639
368265049
1009273179
787798470
-1205459640
136155982
-94270220
1571506834
584663689
403927887
693305542
379691183
751026324
-1828849113
415770127
120586620
2007467237
1118420897
1215853115
-1213589621
-1695585679
683206969
773241734
448506995
130103526
-1457485291
-36156443
1813285859
-190755785
-855142859
1453309478
377947130
-450187177
97297641
1461061973
1746769622
-515459772
-1973690749
-1061265823
-438193813
209403718
374600014
-4736000
-1839826027
697784184
-1241097794
-341222193
1044911471
-1787182969
324848104
-24812612
1690359269
1294308281
-916349900
1386179239
1442537095
-736810447
-170902192
-1588930745
-616458080
-134490512
485343591
-2146493878
-1542066297
-215272929
2067339410
1790852288
-452633548
-958856181
-981100914
-1768136775
-1621748203
-1899036048
-1039547985
-863170004
665845026
1222505849
-283665131
2015731994
504959279
402783751
-439164388
-170801678
611420800
1975387313
1401740568
-718645449
255879074
1477481739
984932674
74702687
-128285576
-540759765
-674789396
-1724563970
-1057255789
1040525672
-1500107012
1983166243
42560199
-1052629915
-337417577
1529615618
-810557446
1021510477
501767708
-865419310
-1274307777
-1523499425
119681107
-1297682440
611901730
-442804819
2030440165
-206741915
-1366589371
-752348641
2066576655
-1783556293
536533291
334385854
-1368151662
653480630
539365203
-689575377
-442980370
747993161
729921416
-106278788
-41097010
-1276792825
-67004553
1947217178
-1177764411
-610752956
1873169026
-1879376601
-1133956037
1013540220
1216339923
384850418
-1194871903
-1664980365
1559479730
2059051968
1258343147
-811510116
1025873435
1531253965
-1353064129
639165630
138909835
905412752
618446314
2062222292
1402015002
-1837612221
2127240083
-1024508876
434476238
2048861602
702266034
-1047018764
-1072018643
1254897906
1192339266
959045513
863659283
528609092
-36330060
-1067153488
-628538
-1185811462
-2063271129
-1919265392
1048990535
1847625866
-836238122
-1611514848
1274560234
-1866831486
439767761
-53174842
166354728
-1292533813
-478856720
1606461760
-934779468
1062527537
2136543491
136323271
-91118389
674032418
622890318
-244453519
984515280
-959682891
-714804684
140914902
1483805463
-1174659858
458295345
305958646
-364517376
1618361408
618401549
1396709978
-296259000
-167024558
193273678
1327628408
213352859
-381456123
-572608787
-1601780645
1212660332
2141451702
-2097074867
635428227
-833415927
-1599637312
-1762203032
151380233
-648562199
-1223448764
27442507
1139382534
-1818112184
503699755
465968580
-1456165323
-1219687435
-554103444
2128782680
2048444375
-1941167254
-2139560310
402533242
-1391049258
1735548701
-295081120
839905530
443676973
275577109
-989622240
240160443
1285783174
1834945471
1797442457
1577950121
461119268
-1968428287
-545243977
-700629527
174087171
-374670705
456926288
-534963375
-1964210371
-491104899
-1428244707
-1897177831
1476333486
-1681335530
436571141
-394282285
-1884724517
1963455723
92482209
-797589352
-1624078065
125872686
-536183300
-1829190525
2036654022
-1512975296
1993879450
-397066397
-1894607281
1405388935
443035323
209353899
575852716
115133317
-1956255776
416470445
2025034940
-1244012250
-1041633138
-1836585977
901440923
-663040424
-1392497839
648779613
2010362185
-518987807
-1096964093
-535463352
-999721847
1739803244
-1663187890
-78613875
515881227
8665060
-1999482770
-1963829103
-297741876
1823004164
-576013253
-982793716
1590786493
899365422
-1531801498
1812249597
1315780770
362163836
1273477122
-862539811
1898558013
1934113812
-1980932538
1810032663
1174225835
-604207424
-618109807
543713206
-1786277107
-750957122
-2061585235
-191690400
920712553
-1696782893
-285019305
1716066690
-1755328813
798048422
1693079295
-662970420
1066488007
-1642572470
247637707
1286786015
731200217
-527499748
1358603745
-1244645051
232948111
-1941200946
-1020301595
-1781924191
1668611981
-72798780
-44727360
-1124123609
-306014989
499736478
1174181283
1048059213
-1546102526
1439443989
-2001122997
1207140802
1323745797
-1937531638
1253079942
41009567
-913447058
-662155044
-1191982603
-550829860
-1700183490
-1979433735
-1860738030
1624425988
1718390698
1859028407
-194680716
552716332
1503246843
1372356452
563302993
1345988641
1286728629
-348574565
1277311813
2118748384
1451372795
532008409
198899025
76528458
-259110095
-820292017
644038949
-397938408
-1562207517
-349316615
1090102433
-2082624756
-2113911836
-959428370
-1657166439
1475729000
522514362
-915928070
-1448973096
1256705443
56742457
84235881
1907758439
-1845940134
1863046253
-1042398939
-366466033
-311769468
189335997
1677198083
-2013912293
-1500257558
287167308
834329177
1571602017
1898772693
1386108322
1491237843
1019853699
1975605512
-1508957045
335944326
-1302775182
508250608
-1442166465
1393581381
-1981633997
-293802215
1399588546
-1515137741
951139813
-1569999900
1948057741
357943705
-641716734
-679793289
-1828346002
-438932231
1750288869
-1346394124
1271992492
-169685149
-1597465205
-1361063188
-1360815251
1674584582
1421356957
-1275051754
290195548
-1246945271
1296243629
-1782927557
-1615075450
-1510756197
-859599680
-556906892
821985412
-840296887
-467444724
1263881623
36935903
890716046
-1472767998
1914699246
-1685734225
-1487729488
-1395034226
-207917270
1567223173
37002953
1448902044
1118228119
-1896817782
741213219
-1567108898
-1020766832
59772136
1824904649
426937292
1633071924
72062824
-1957389734
-37680916
-1295852199
1804554331
-1447755232
2058907475
578387136
1318098622
-810332064
208667498
189950090
16784280
-1409710605
1797275637
435676395
979717287
620437781
-1119093935
-225011427
234046779
-113473924
889199868
801271958
-935237280
1065314220
-1273321638
539745148
-1873801406
102677129
-615376458
-1568398760
1826872013
1652168237
2076339846
-1985560310
-2100777069
-822507269
-1017824782
-1442251524
-1640538893
-315606028
1840163991
600844954
1604806774
1664448329
-1918796153
1845646849
1426627196
749788208
851969684
-833862922
1777742103
42985466
-738131506
823326745
372235574
1831343205
1450364745
506874201
-1748832763
1021978926
429925411
-481487446
135286420
-352283926
1078295492
58403829
-830326346
1048302358
-1687762841
-896791728
-1819359189
1364024684
224995290
872215151
-2133672703
327317112
-695426943
-1839992231
300037174
-399120535
785787552
-557254562
-1557981278
935893804
-1950709288
-534707385
316636691
1935571126
1709095666
1760229327
1526487225
933105313
-1119159845
2085668946
-643624252
92726266
-1262902289
-593042492
-1024260277
-2128903592
-1485079943
990846947
-944115345
-1143370447
486476154
1126404784
-1686062400
-976520600
-106875223
334565147
-1859367969
1755627561
-1840694085
1473263868
-951565469
1980926969
-1481468188
1109877834
1040955136
-1300736248
1533780124
-468798586
-7970074
-252646455
-2085098074
-629986952
812051302
300003524
955358797
-1729322467
1135678683
-67679062
1861563376
-12196129
-1614473785
1698690985
198683073
1811239430
629630780
-125235711
1524553161
-1095256722
1032501116
-2023049257
1672500783
1399224442
957604579
348502601
-2111074632
-1321393848
-1435899
1931789762
1336375953
-1118716635
-1637645293
1739838862
982865484
-1555637181
1665220738
43349168
169174568
1148523689
-789363987
-2121860109
-2145690475
-281722774
-871918022
1195515198
-1701567242
-187438311
-1491719172
2048610348
-489220440
-1337351557
363655448
-868092964
1456002114
-379904386
-1311373142
-251643387
-793355490
-1568705430
-989048535
-777638068
1045628696
723110230
-66021432
-1012108071
1286377109
1450653660
-950788577
-1253015769
-1969997114
-2116494064
2111002122
2008378907
86827054
1541226669
545650641
1253167704
1866554209
1427868817
2000148104
2015622097
1677694477
670451563
1861228217
-668242530
-185575362
-741177678
1279437631
1312830227
-1580963363
-918828072
-1287504780
-838053361
185845881
1481375935
1770446222
-277936495
531887433
-332249237
1595946054
275051408
1796644721
1697288441
797963962
318412043
1248996996
1357066192
1179902867
-634699939
-1433800374
-1486038763
-514549654
1138769878
285471938
-1817917084
-1325340057
-714542456
-426326167
550502588
406037803
201187678
-1959154500
387566010
2004603887
24002673
-953809668
-48824311
1312684269
658004894
-1021252303
-258815464
-1029253378
1698875731
879778672
-1677673970
-1513180796
645232297
-1253098657
-214201862
-973724023
1506730168
-35107079
150398799
867436328
1266880293
-2078812274
1505624462
-1971465685
1819747327
-575649011
1891618884
-1217743627
-1337617205
-1979803259
423969847
-1398065502
2015650013
-1206991127
616355804
-617746068
-54011671
1878646035
-1677053173
-1064567216
-1745761320
-1299023349
1652545013
-874645776
151399647
-1403683192
2094268245
-356208197
66815694
-1025990474
1707164133
922688586
-930164571
-683088071
-535397101
513333261
-1106806931
-1591259023
1107373300
-2091680474
-950947516
311568895
848840056
1537648532
822242744
-1622287224
-1604514593
1724986004
1345943384
1504194488
1758112107
943212099
-1953785208
-1065530743
-983280041
-755557497
258467221
-262802491
1430090759
-11757008
-1425517047
-1828006199
838199168
-1899874983
-1557166273
1305530507
1339587865
-1413895660
-503695815
-1186035491
-915389837
-1144683451
405057200
-761537550
851774373
336235982
-1047431828
-1022371807
-1497458756
-232354836
-1109408810
1338659817
-1523513246
-1392840992
1404414154
-181247948
-1324572452
-1786751023
457892530
-428664096
-950665159
1655838960
-536951089
-510352006
-1876211000
-2098261027
177523162
241648716
-1771178294
723491401
1800961483
1028843929
-672124824
1053177051
774052087
-1552043738
-897578778
505115735
-1622549920
937431036
555345177
1454584061
18734920
-1325024148
-2094080234
304864302
-1424278009
-1314483629
1300434731
-1018247083
-1083278818
1395849119
-739053549
-149779708
-28007029
354649361
1689145956
-1302405795
1112261470
1855190852
594187084
1770233523
1900953483
1101900781
1291127420
1229643120
-1213362174
770060131
1554637667
1168640568
-1915923715
-346382750
618845599
-1652246194
-868122984
785965067
615805104
1347262007
786920870
263453742
663219950
1458072988
2025526721
110170572
-1584741444
1759932788
-1666837854
-1557220905
-708028162
777263970
614019763
1325441595
-478826552
414863707
-1658568478
1737903393
-1777477545
-1057312629
968542136
-1100849039
-1401326268
-1108663687
-1306465879
-270638695
445824502
-13426584
-1789072723
-496158323
622507096
53430528
-549503217
839646478
-1499758133
-741987283
2086417284
-116361939
148844382
-815566521
-496008578
-1406587886
-1189270212
2130492275
-640455998
147522041
-130785947
1515581512
-1120265416
225742461
-1150380640
-2031041355
-1737390079
-890252775
-391787344
-1636977631
-890831666
-1992360982
292710085
216188371
-668925841
845760441
529356085
-250690413
1690000810
1965635641
1342700907
-845820783
-1696963250
1506652556
-1096344801
635327366
1120386438
-1733052405
1842155975
284430105
1153192562
1809241926
-1389141683
1128816003
1560296435
-1605208759
2038051329
1400771701
-188568378
-1450273247
-1819268144
2028526136
228146900
2054607774
-1067184970
-2109313770
1287073991
163745113
-1300974991
-1162183432
-1696438048
21075192
1458277238
947649360
-1204465401
227596976
-1707564248
506266936
471457827
936304139
-1545159353
-1950037029
-1545902933
1310713579
701576358
-662364396
-504241027
-1907471666
-414412512
-1695842732
1594041838
-137149870
-932312884
-2010655801
683849249
341381883
-1280483217
1084308921
-1818525540
-544239308
2145378098
1152617014
-542979048
1027096211
-113096300
39209201
1493020824
517965921
2033391521
-871852186
-1126212932
-569578920
-1868735900
-1855255742
-405295018
738982318
1613235353
77815554
-1383126467
1510775890
709135014
-79969063
-561645727
863563893
1567821260
-135658538
-348537569
-2059163573
666994329
-221723834
-696874794
265936402
-1427201375
1498392662
-1479752006
-1567644589
703613293
1962748413
-999337496
-1626417561
1076427954
-1452327144
1297740217
96726332
261523397
1725319894
1053939802
1505549400
-1191726514
109046613
-1000933732
1328167710
-1232213445
-1293054323
1312176392
66272848
1660623096
-976948884
274334262
-372161067
285939676
-634983101
-570984866
91226811
1379629030
64698208
-661885905
1918597502
130781352
-511314181
998971103
2018862218
2018118274
1946572117
508411266
-264258818
825514003
90926110
1421743007
1164074930
-57683219
-656460266
2042693376
1471036539
-1666486393
-1598200329
-1909385526
-1258271315
2142518391
-1157216366
-1321302068
-1635032608
-793370400
1153175352
481167899
-1263037961
-2025484760
616250203
1709417438
-885869219
-1582950162
344255604
-986647195
-1327671662
168635707
1669093158
-591713664
-940315675
-1243655689
361149602
-927060722
1250711682
-122048611
319771981
-1590170412
1920727471
1677774386
1281866144
-1973432177
1648018514
-1446461838
-6957744
-621042613
1385969334
377102924
740352174
786733301
-411098482
1121634449
-1097900977
-1239144145
-1608412359
-2024288281
323955439
255457123
-1630120889
-1797618429
954918290
714668314
-1012016069
-162500586
1375587819
1467712398
-1770217582
1671579016
-1031142654
-1005384323
1254428676
-228807197
2020269072
-1777223105
1403767817
-1123477231
-975729235
-908525029
1535165086
1868828874
2106096940
1333398485
-640659640
-696140217
2085873221
1248430987
278631001
-1480026309
-1573079307
-460178752
-1920497295
-474651133
-1489451614
479083961
-892949433
-1193598693
-727595647
981535239
-1653010007
2076460500
-1114202821
-594501019
1887133888
8563267
-1127676978
-1667875901
190648985
1846934140
-1886550095
1233887138
-910506016
27284736
-1966971845
1102831522
-1480476947
1524873843
-259798715
739454552
-1586661884
-67484526
334133517
-1202523803
1398908376
-18458525
-1803820963
481059011
441794641
1941391277
-876540692
1016416098
-1591898225
-455993942
-286513661
365934835
-1312616147
-1682615558
-1429583005
-1495871230
-2081764919
445269211
-1950744987
-1167077558
-1098724156
-180040809
607943011
809510212
206109766
-1690911683
221944150
-1623308031
-693156476
2131927443
-511951424
-975412935
1494277445
1520769098
-1269087540
-1305928029
1801470113
2085304947
413759922
51664518
-944898549
1100992050
441664352
281686671
358910610
876620720
-104943274
904989157
538290019
-165343659
-1920905007
1002649466
-2105926766
169526583
-603651029
12550564
-250821095
-39356723
1431735937
-1707088149
-1363784672
-211457049
-1948338794
1173349412
-1852905602
-1564305950
-76472842
-1374124098
437262719
-1552563178
1462388062
206169691
1147684327
185416851
-1706541221
776914082
-163677641
-1191072755
1019222064
-221214125
-883628754
351510804
470548988
2061423259
-581123438
-630651257
-238243812
-1662046808
1328987951
-389852854
1184531661
-2111903872
2114394400
-193047242
1175024918
952756238
-483065780
-1554844335
1806485220
1025966206
-840893645
-1093131458
-837415562
-489997879
282481642
602923511
-1768093701
1576728723
-1078472348
1073037240
-1586215304
852036148
-882360078
-763659458
459847919
-1485770989
783520780
1253951537
1743293629
-1336216005
-515533231
635594461
2094005315
-1408369113
-1404600372
-701824216
-398396215
1161555680
-2117212296
-833122624
-1179339106
1582514505
584374789
-1625290093
-926624893
97593273
-1222633252
-1443040380
874196808
-231396406
-885930655
-1145223589
936306359
-785361552
-1024852873
367283964
-1905377103
213331789
-947509688
-1497844005
-1051456105
1530870850
635371077
-1064204625
233380075
602255945
-768567444
-796586139
-1403481802
751210113
-1180180280
-563548585
1263045163
1051219594
-744133058
-212754243
-644481780
110238482
-1386378875
-2085397917
1025895244
-114913360
-562442378
1043141532
1121159029
-570930192
1692458373
-215874954
-241334197
-809989714
84726671
-355142866
-390919631
1516434599
866233813
-486788122
-1625120052
933125964
-1199523000
-117700716
854887142
1421045977
-1415138298
375444541
245564052
-101211994
-453626844
-1726906269
-2056105063
1520177853
-1041719635
725988284
-1017375219
-1699403348
-885281557
1205006116
307731257
-1589059173
1498557924
689876947
-1358716219
1384073376
-1402815961
-1154281006
-1068253676
603039825
-570990648
794207658
-1289353745
1204434074
-1209169240
-2007012001
1372325472
-466660399
2052435193
-1643891556
-1428421408
1083364359
1367763968
-638666705
-665975628
1664000417
414143773
914641078
976891283
-75640026
-1351393528
-1534978918
-440108916
1947868761
-757875876
-52124356
