-589500492
433460703
-322407041
1929673819
-1839952185
-1332469383
-766226609
1354667285
1327028691
2133206812
-1987395514
1172573248
-523188709
210799085
-98007670
1912634431
158525177
-1245119990
1243025891
1074908720
-1820552959
1878180573
-857120901
-606887327
-438989978
-1847514443
1722653157
-680244223
1307767708
-794314862
-23010208
1156666394
986855231
-282497728
-2090680229
-1480280130
965691443
-2045421402
1075435580
678122880
719810315
30407775
550777436
-1629471194
36462510
-1817283959
-1870065578
-1833968484
1883337783
-2065606691
-456982911
-1576982230
1383543325
-1732586496
-1503864902
-1138598935
599227795
182211352
1277477222
-754331022
951525169
428721313
1206150070
-1592582951
1409777620
-297176192
947773997
-1739889191
1462615745
1671744343
281106527
908044880
546473488
-2123391205
1922490106
-1401785363
1164984647
1130939620
223698186
-280622297
1897634373
629152516
-1394693768
-947694480
308043873
529222234
-912408365
255118506
1380662738
-489432601
-938732718
-451913510
1753931600
-751147103
-315674855
-1683890918
1962504699
-183231865
483412667
-955003180
1902222204
-844848651
1111716864
-491637204
1283477609
2137544249
1437361895
404214462
891759853
-1836626331
302731501
884758409
-828820568
1174634342
-197393265
2056647210
-524675372
-1262405547
347496718
-722497204
-444174424
-609578995
-175705487
-424108450
198019072
-920414211
-807203376
715792007
999004733
722364478
690744782
-219648298
-724718742
-1661249305
577278823
-326627394
620127135
-1525482336
-1216975125
114242497
1775077546
822915189
-391310007
1433732458
339345131
-1503800084
45188496
62576767
1612739710
-1761934248
419021491
1934277239
836704927
-674899345
-2008431220
-1601563095
243339594
-732487398
1937705763
1170628294
1749707042
1719563916
-1500495057
-1836255735
-135798893
1540210838
-436542756
-1277247060
1906030906
-233307848
875601870
-1610406883
930307715
-2110758790
255006565
1422216305
1009229459
-139493508
-1498667454
-467529319
-939279255
-1840092980
-491408374
-1457795886
1213049407
1390916087
493614953
-540219550
1953240885
-940268958
1234269785
-1473704064
2024616753
646280026
121390756
1835550867
928730368
-2026308248
-1057467737
1947617951
737849025
533292777
1078109784
1366549756
-732013438
-1688688674
1677592713
-1619044280
1576507691
-1864304895
1992385645
-321660002
2107528602
613839896
-2115713189
-1377844985
-78713329
1342743436
1564079826
-1997279952
1815861706
581406524
-559291716
1604752989
-1973931790
-1573281650
-1329563658
-785482083
1802120377
906790855
-3893488
-369418945
-922548804
-1183005540
1653748561
1344367492
2024527023
1209312265
1934155261
1903970453
-429041351
2017249120
1145127385
853190839
-976041188
1183156388
-740273426
-24837188
-1931077224
1009897495
1845966477
654751420
-1683604207
86060817
1749755795
-1463857915
123633391
1824543762
923851502
-460659633
-699409467
-1534841830
-1587861409
-418373581
1804329908
1776633144
-2819199
-701144866
-151864047
-1827256735
1704644873
-937021183
-667144891
1107923075
1053312078
1617764107
269339637
1510431960
236089612
1463121306
-2053192606
1180101759
939535716
2014021422
613140753
-309158585
870146086
-1750499041
-1685840466
778565582
-2003372205
-1765148207
-341648596
620890826
-226409764
1373154853
2144719409
-43145306
920827824
-1645403598
1306898353
1412191312
255418101
1644304692
-1781970984
1143211601
1221686676
-484960060
1512581933
-1117324515
-1985478661
1512074057
881781236
-1406123604
-100903395
1987138990
-484857389
-1205417656
1990192061
240874580
-226496073
-222164568
-1958487828
-1400671414
1891028984
-171403202
-1443371312
321033659
1074577082
-1718468915
1309090982
428064935
-1292572010
1128032061
-1600501495
1262091478
-1276264582
-1634144078
-45587596
1994957832
759750605
-2087927334
1346544132
1665445233
1482222038
2081729670
-1353699454
1601817955
1693167454
1685878396
-23368287
2140494925
-1086471277
-1950540918
-1432219773
1766078691
1979613998
2075434206
95279233
1884297630
-1580598568
-1455754859
827589419
-400817817
-1779413047
272428177
2010485901
1999031182
1438158514
-1723913329
-434430028
-1902771456
-1278802723
-784833673
-374686352
154826937
1898809233
1272159734
-962642854
916671863
422464954
538983497
1150536984
-18128209
-1944043575
-1983982756
-689459489
1446536900
-1452416551
1643590931
1760665657
1386344566
748043283
-32163098
-2114775032
128605592
497640786
3089843
-1827173686
-421893882
-1859087351
-699291953
1674330141
413903828
1745607012
1597695581
-360612731
-889356854
1003350701
1687100131
-1448213651
1175644432
968924401
369526297
1593455979
500147493
-733808926
1220406020
1963478728
-1512747755
-2116289281
516936004
-73168322
-75414293
963353585
-1494341207
-1233638397
1138688611
-1651157704
-1894176757
605206790
-592859932
1561760262
-636918182
-972759432
565397676
-596328341
-1582258957
-1007497843
1790370124
-712139087
-476726219
-1774973053
469657431
-313108215
-2096786604
1440683491
362558806
-440640154
-1839452052
-1077474554
-1266454530
-1016788568
1564882393
-899176742
-1513507420
456628221
-83074875
-869069851
1645203696
-2073105020
-1761616639
-999165814
-1665768751
-2019086542
1731691032
354850955
-748767312
473252089
339430817
1416061647
1971796967
156537638
1346154197
1202581348
-2062138508
580510218
-1890617504
1474568646
-1097000727
215993308
1426097531
432571233
642287527
-590585635
-874218694
-405288364
-1810672309
-1336077891
1518999330
159484023
-1977459097
1138270269
2078343678
-884324705
981027444
912061973
819930610
215846944
1353845511
624494103
725344976
-1187597678
2018548291
1168186259
649704362
-231787048
66038926
-1538376707
1827412391
1345212509
-736474745
-2004910387
-269426662
-794502239
561086519
-1646362714
-797897264
246779123
201108102
-583643462
598677417
1361147519
1819669487
-1325497492
-592631703
1133319307
-213117065
1857180982
1624216016
-944608515
-282228517
-83501364
1779219175
-514263264
1635810568
-1148588159
-671277156
238320039
1164871119
-428798230
993211793
1566039281
90289368
-953248064
-1804842448
-788939890
641497559
-959248630
-1599558142
1159482113
-1099649026
1872164987
1565180225
-2038255929
-1530032462
1580749080
1229043115
58324888
-1779207808
669228829
1933449624
-1684253972
1291299666
-761414111
507215950
1629040320
-1881548579
650127992
-1098130540
1970623897
305096285
207398616
793139844
-1453177143
1406221444
1837307966
1002758565
-881045776
58902703
-256984046
1073246264
11740357
486855770
-347202423
-1777465646
-2095509994
-633741354
1839949642
2103632682
1695600908
1999172665
1706101332
-413129420
-1483541069
-1006165868
-681526498
1069756782
113712058
239015531
-1097774081
-2007407495
1354131574
1022466401
-1477839921
-2121602070
581456172
1038136883
-1520964657
-1300637598
1259029903
1751315687
1319471045
-499663653
1272905351
471530052
-1079497621
2028302149
481195316
469978244
1559021577
-1598702000
528729649
1931816776
-601837216
1157968011
-1843362532
-1169372469
149885130
-163176274
-1335278506
2088505946
-806799458
-1784558797
1453020423
234954243
-1315796519
-1608244950
-1781529756
925625228
906943994
944862285
1002492724
-1830110554
-931367124
862081106
1811185807
-497846174
1710292394
-1772939904
-1129002776
-74191388
1235425630
196749445
-1045872562
2083104341
-1673489716
-147797114
-118245650
1323155486
-1307894227
1128789110
-496045348
621813074
-2141965089
-859589462
-612842990
-1415534741
965910779
644679085
-1464031048
-310601160
-439181497
896733008
1661251493
-1681847786
-303318193
72497926
-2006313179
-456976034
-386545203
-490166162
144175612
-480145123
791192913
298112815
1299049643
906678538
1239978269
2075433483
292668657
-467842380
-126130607
1365747502
-1620953708
-1074267142
973139783
1662671303
841374304
-9200448
1376458048
426932442
914411632
-623610913
-1546075073
-2071914669
1218320043
-556791971
1124116789
-595992227
-754322799
-264168482
1434922589
1778477812
454024503
718780249
-1657972247
1341739960
1950792848
515513101
1518105310
1741313028
-95916819
115796150
99389499
-392591553
10084038
1652025084
1086486113
450332529
-573518662
-1729619668
-1306302802
-378720743
-1940894252
-1535697367
-73153174
-776794563
281397263
15665828
1702869478
-258081855
-1323038949
-1615777142
-1812255518
-1218694148
-831358111
1732351422
1733871919
21232520
-190651067
-1009785848
-592584043
-1045576359
1040183466
850938956
1238591222
-2023672048
267093178
468028158
-267240014
1977458321
348900326
211872725
-1842628275
-1204048686
124925996
-957074754
1363476303
-1896904202
-952629353
311205907
-1958311317
-24144231
1707085068
-1085438964
716122851
1932881517
-1744453310
2041845109
-840160982
-682360827
-1738678254
-2062188639
1228828362
792120816
109909488
-220505186
1414453640
-1593070326
1650295224
-1083045719
571612357
1570345998
342101678
1356830692
1086248230
1692160110
-1808602432
254885701
1721676407
-52022170
-1689871091
1331202002
-642917428
-1914301874
-1127251798
485534474
1770648041
-1254024913
1951508386
-638069850
-1620814877
-661297511
1412524607
1678718337
-591295994
2037604787
-2115819897
-527421229
-905315591
-2132200557
-203885559
1525937317
1066290976
-1076039472
-978235431
-1762765696
-253483455
-605599660
-1915353896
1618199912
-1448737943
-920007818
-1930767304
-85084664
367760144
364454727
929014334
1163900462
2122166139
-1947941077
1685203786
-1636621959
-753154207
-1020589908
136807700
1619411279
-94467375
-448690038
-142217161
-29943275
-249691566
1384605974
-1009009165
-625911910
2030007371
-1598565953
862473774
562695379
1093778597
755537901
2139646396
1198209741
-878380370
-1052106483
181894367
-629386530
779401536
-2024091156
952858129
-1366022114
-217451230
949067592
-60207872
-1055652843
485270957
1961399204
1628206553
-502082891
395488178
-521576869
253478089
-277177974
1458850459
-823443464
-1289058880
1512681007
-1467183152
559081412
1353501815
-1739825149
-68268965
-444983649
1179795636
-633665251
561808590
451812115
25881292
-881608068
492796771
-1106150746
-1259486103
-821692541
314423397
-1591845777
-2106519155
557462691
-103631665
-666072853
1524680150
-1364849319
-1326249166
-2034822384
-939558397
-1904646821
254300891
248184483
578991542
-1579161331
1561135412
-70682682
-1864134277
1477812538
-1875694230
796749780
336131336
1703185920
1290170960
-789728399
-614402618
-148079350
-1547359614
1406258652
-548202096
-1577742588
-1162259763
1981894022
525173177
-1029627829
-1249026354
-696631832
-464829868
-300676892
-940659752
1955916433
-1580045906
1576036272
191479323
29900670
-766739425
1378118876
-1911903231
-201106771
-796628990
1081530270
-1005691941
920003316
-750701055
1718688541
-1363707971
-1788086258
-240846443
596795056
1579432869
1526255606
1533789644
414567755
305168866
-1907731081
-1616991667
-917903307
-381570637
-835462140
587922585
-1164062466
1771074605
2024094916
1980658067
1482997424
207508322
178909425
-2092119231
987697732
2026088383
-1114702494
250355412
2115747415
530872245
1380156261
1816196837
1371272733
572599708
-655291694
-291252735
-1597089898
-1312667693
2097535324
1841159527
-118094594
-1410570453
-155391190
1177721871
-1301978743
-216244347
265576613
-647411218
-1099209393
-1103024455
-1831045741
-2103970952
-1672627067
-1417413191
1083594084
-665364122
1616455149
640454646
-696557364
2033092793
-768293745
-1856846591
1912256657
1794207486
-1480828759
-2131488651
1719935397
-1598165294
1408275427
319687701
-28010889
-1374209880
-1475609402
-1865578448
946477445
794258377
1245582703
-420233651
-565600971
1823196060
1583724927
579439107
-879029019
625988903
1967056725
-32322521
-716373184
-117399339
755460223
435313709
-684582445
1172864121
-689894035
-892261433
1394654687
-2049893998
-714117017
1893826770
348489328
-1099355184
1587180480
620849522
651626414
-1161858089
1665003339
-1286746501
1382711154
-986893758
-551403250
2011809810
1963865884
210126569
-249514699
-925624173
1598533283
-928677785
1108474185
1356788149
543220973
1968168918
1347686049
-1434687508
-1219407520
-502147876
-1063751656
-682346482
-129736008
-2048543253
1652711167
-105004231
201889562
462616771
-475493547
830694643
-1882226327
1823076155
1695320885
1275234193
-380088359
-990376895
827184527
1527651037
-1826379839
2072835359
-2080033766
1680822515
-1092031820
-2128026881
-1206853495
2101003627
-814597935
-361686863
-899104516
-2115079492
-2021276582
-288395094
479557561
1789860319
-422032765
263079759
-329500133
1690435634
560842124
-820886156
1759290058
2060068767
-695555055
212324126
2004677420
-1625398019
732516768
1433541264
-1613465574
-1560282955
185351308
-123325563
-1400175146
1544523176
-440433408
-602116423
52412221
1457046096
-1150774954
-395898450
-1527210952
-936730587
543474601
-1874513236
205480824
1769317697
-1448285016
-854256376
1848118113
-456244154
-956524627
-900102743
1434957382
-440598913
874087437
161086407
1935850967
-1426883515
-351739983
-1373797898
311132631
-1802483805
-674949403
-914576541
-422384111
152112445
-2082452113
1594300764
1122429836
-1297250451
-491989789
-1732422379
-653643523
1976793006
1179006005
-1922563672
2106861180
706630205
409638032
2019666525
1440665723
-2018803715
280864613
1631105323
238286323
2102811290
2047564230
-1348263554
749336031
1064650481
1790044403
-812225733
552861677
1952682415
918563893
-437171712
19965043
2059006519
2110662634
944135344
-453185633
-2033068087
140721633
-1506135762
-507411470
1347282144
-1038184729
-1060124569
-527276049
-282837798
-469016159
1210766998
-430867697
-263354402
1322558108
1124025283
760137207
1325781241
-198717022
1616490636
1268849132
-21323126
1657335887
-857406681
-165366906
-845937440
1188972003
1150107814
347395235
1178354465
1091832920
-1600113027
1544587678
-1553687955
2024102583
-443500479
2083130817
247674690
-279387994
1518958002
-643595529
438904097
-397064378
1011395835
1714614470
1511330929
-1130738885
1687043383
1490206331
538057380
-1356274677
-872817353
-1824318298
-964702056
-1196028756
634354306
1907626440
-1319931073
-1402404521
1207174300
-1967710645
-566760831
1843332770
1842686091
-1273844815
-2073240992
1908149709
1058193558
335592208
673391197
1051773531
1927871567
1896187581
-1743294694
-1034679068
-876182316
-1675490489
1695662656
-994674903
1533682001
888253351
2080052386
-1535845016
-1416126520
344024245
44594850
1820256498
-1305737708
94520284
1871532755
-1173565446
-850047190
-1352657647
-209930529
1436038830
1446131874
-2090828800
-1128544597
-1302753909
1499653237
1568533640
-903496264
772571373
1851478792
1060451945
105128652
735268325
1943337321
397645884
725881297
1513754702
-1446185001
-205615710
-1680097284
1255693858
2085663879
-829567808
1757519409
992003081
-1640833371
-784128278
1216920997
-1630341325
1541348760
1362313374
1590450884
-830549914
1696788618
-1192405837
2043589205
-1395432358
-2061073881
-1675659567
2035123420
894881092
-1304922972
374868259
277933119
-1680311888
-1480857086
-948151989
517957548
-424078189
2075675795
30906518
-1496563271
205544096
-1149330499
1009034096
-1669090100
1978298586
-137346819
2032684058
-1752534596
421236842
-181423826
-308732775
329018552
-599647310
549674507
-949173263
-1599007641
-547589983
1773648882
376611475
-639019183
676924488
714432490
-1465505261
-2003952771
-1407396947
-1580434969
1545274397
831261786
1298437599
1426534220
1343239337
-884743454
544480074
602446256
1305914221
1028951036
-1898555828
1291218404
1007351955
-159985375
781682951
113741621
-362211156
-1680316606
-1382321032
-529394963
-1384346653
64915433
-784407352
-220760032
920530037
571898014
-1919602974
555095972
-1412138912
-1248025461
-1014533307
-1789718432
-129875366
-995546014
-2094745062
813708233
-1172636156
-1317334914
1288649865
1811265194
1364400991
-590784184
-639340729
-621827549
-994695810
-629939748
1765974643
-59014925
1551079549
-1666995989
1860717218
-731765511
1523491505
841272290
890652472
-10526473
-647215840
-1262317493
1780464121
-457203047
-109148365
1578114932
-2052635681
-1047963466
-1379749462
-493954995
1001569069
-1880657452
171164879
-959620202
150712003
81706737
1169268206
1579726393
57952948
-827310464
955285508
696995316
425554453
-202992719
-619973707
-467962822
1908679192
1043148277
-229428605
1585824603
-1341558184
1358161089
1184141629
1705880034
41535093
-1026946159
747675060
156289085
-2027092765
-444054993
1200939956
1087374499
733144831
-49248972
432639282
-501515982
-2002012573
1524646607
482103745
1055694935
-1147204742
371750852
90597706
1229742961
476537174
282859704
-527272452
-2145849416
698520256
1516587947
1768069505
-518425253
-972778352
1018574276
1527130481
-429116184
275448127
-797810348
1001502475
-84050191
-949663302
-1791361004
-521970142
-1954772501
1607376760
2079362481
-1893167276
-1053998503
710142926
376215178
1765394818
1212447017
378628225
1117169336
-426510725
644748381
-1458000483
-220617394
939417338
1576216045
2104051844
2066161633
65497554
-789574421
1794322505
-1661580726
1550948967
-597097240
-304370882
97302186
-1867677088
1728956310
1857190347
-280229458
-921396582
2036540590
684612225
1840262931
-1205586081
-552356845
-890946706
-564276628
-97055785
697763383
568700082
-69656541
-1364266818
-1250888003
-1604556718
-881257795
-144186793
-213842592
-301333685
-743714719
763914655
921950482
-1191568406
-2082153318
-78453562
535253352
883857754
697705051
484336346
1593035316
1376178302
874584643
886376133
693335411
481534465
1690145058
29435257
596307817
2122769834
455594684
-481193111
2080665866
788379380
-2067776308
1217451322
1816216732
-481659171
-1780318645
-2020464710
1872453785
303863550
1960511217
802329360
1506495705
1269924315
793078524
29064501
-1543195152
1402680444
235323183
-359174238
-138521899
-1151443652
-1111281379
1008796747
1214251203
-1395452960
1776181159
-1931530805
-346277533
777027306
990525378
1912688352
-1360509142
1381825071
-798992003
2007029016
886627328
773952167
-281130686
947210956
-144773598
-428283004
-86183589
1164121165
-1564803256
-1067523963
-1121962056
790383709
-2017775095
-1744340597
-1633440786
-1416727583
691720574
-147258516
-657092221
-1521555245
-2128597210
-789683706
843172456
1608734845
-373294327
-1694240873
-146643514
-1880973085
1566276127
-1744667316
-1469851907
-725756544
1491156721
-129939177
270997736
-490185931
1735280768
1943076037
1806451046
-1978577026
-1685607578
-617674161
561269014
-1055936794
-807196357
753006959
1058081633
-1002049860
-434677191
655653494
-24722756
-48693753
-1275966173
1196315228
-963476178
-1251876426
1656734049
1153922072
440239376
302014491
-1934205073
1824709426
1683823123
-2010615910
-430599304
-651953259
1729877639
378231965
569634366
1229642409
-962056998
1209588426
-2057818052
-781179487
-588682914
690189688
1245012749
-1904486127
-85719986
1417089886
-318462706
-655995454
-276656110
2074575245
2017299266
-371409207
453560258
-406308448
1050164598
-1210082091
1187676648
1964889905
1410511013
-1130216759
-1307014263
1080881294
220504989
-229056630
1408348006
1452361388
1680097761
1276815641
-987337345
574849115
144150737
952872163
-192796968
1872946363
424479496
-211627689
108315006
-1132738322
-757592571
-476717895
803473612
916104462
1723072012
-1740729034
410799594
2047280225
1981498446
-1100394953
1078725782
-2029992757
1825409863
1177450233
-286353370
-431138429
-170730137
-562168227
-2075781939
-519437047
-1526756876
1545379836
1275412765
-1693237673
2111239214
461401726
-1437740084
-1017072298
1772728499
708521772
279998906
532195987
-978479835
141974210
1680310322
538218034
-1399546359
921556873
-1770629265
-1120134622
1477562097
-149700443
871012706
2092653457
738816221
-1562849621
-1844072270
-1918148702
-1860414753
-1522911882
1894824964
-2062780579
2098458877
1299123002
238905724
2028750567
1336911194
-1315140391
1998227074
-1233054734
-810465385
1822020469
-437565496
1678182262
-1995841930
-641675450
253529484
1388533409
1743603648
1129552812
-968644582
-1822652661
664664681
1356497031
-2100928364
-168410579
1697662705
-2075118394
670321141
594701331
-526992884
876033598
2088083027
86012240
-1757444732
-1223931204
-529257372
-2025914317
-173730978
1060601437
-987293374
-1471962825
-827185349
-1495387364
-474842510
773776063
721170945
1712199083
819465250
720047106
1289534394
2095188871
-1895397454
-824276157
-1818425413
-339775930
-1926668683
1832555334
-1250601208
-1495586765
1584585911
1484889086
944991479
-585398756
846657794
-2033665398
712129042
375706217
1032672157
884081762
134664513
-1750332048
-338351531
-607292979
149228328
-1257482488
-1113701249
1526789014
-230655026
684776796
1185291068
-1401966594
332701310
590243072
1523106302
-1352426764
-2029429774
-561725879
-21408949
-1791238781
-1202237779
-122569768
-1571953215
1234550923
-108959321
1485078136
673664345
-1894969677
2087707951
-939972054
2084383983
-1907613283
-321743347
-976070532
-329573375
-1141698980
-1737551130
346479649
321119414
1986045218
90262500
-1076909634
737943074
-1243662275
819689621
1225456129
-728914232
-77439420
-765689837
1634138360
464110432
589439885
-1524482203
1985451680
-848828967
1681088225
1175409189
-838841157
-38051680
201596275
-309182110
1425272293
899320354
396253709
-1651098425
1496961513
1870009488
-872254581
291750396
-1953959088
1449631201
-1374808435
1255790156
-442576325
1550498844
-2139386265
1406056071
-1130286990
392432087
919646556
770777385
-573113668
-1897007366
-2049713140
-713974085
1005974384
1713070536
143700010
760048761
1627910731
14433312
-346191247
227208500
-1782329980
1555087615
-1186856
106022009
-664584162
-2078540216
-980610557
-1396244493
1136681340
-2079410489
-1033889027
37221133
823820858
378527859
-314273756
832874715
76251705
-830979341
1993188452
358944826
1664349179
963312227
171962791
-1263385035
1270194482
-275979689
1753194892
-779115862
-1023851373
-266785505
-1108611754
958753580
699763950
-2028885172
878586150
2103005227
-671433341
-1624406157
1664208493
479139922
-597196915
739342896
1939749275
-1774313936
434157859
-536298899
520228636
380535834
-235963072
-970576412
1380678532
-67419570
8743200
-2111201823
-324549880
-1734053029
-1994849587
-889392052
592958512
114262720
1242623224
1599718630
-399584822
1091117523
-1014103028
-429414702
-820328415
-734583068
923908224
1546134103
1483145582
-2002339166
-276874644
1267545828
-328553073
671446972
-1043641761
-362562220
-514993930
-1042652981
1201128303
1846225522
1874439907
1509806190
-2093665648
-1484229186
-689364267
48089014
1767247657
706357361
518036797
-363970875
224684260
1028643006
-539183243
-1719968847
-886825275
1929876826
1669436144
-2121419859
5829501
2128086334
-163285071
888076906
-1932979456
2006335403
-1456708096
1394590650
57269589
-653090706
1553829723
150289270
-166851924
-870835099
799992491
320862114
449412277
-1855071679
1271420855
-884258610
-659533521
-1840049268
490407389
-214520642
-2049177154
-102137363
-160624130
-1826535603
-738534143
-947725141
-1488154694
1677297038
1884980451
-1240847761
-45256227
1346457395
698424881
-653661363
1551435288
-1430689230
1165749613
1750884101
-1756563469
-974326619
1823808737
1621322629
-191688958
-1243604751
1637795830
-1535514703
2134514774
-1280090070
-724375611
1898466919
-1882469578
-62961994
875361518
-842850883
815941903
482473775
1759204009
758736524
-121898840
-1644998770
-1598826726
-1623306190
473605273
1819382917
-2049440536
2036372626
1350493437
1874556715
-1821718001
1968126047
1135062118
-1928179490
2145572853
2071659418
-2025246703
334084452
1252124859
372801112
464363354
-466101421
1009419734
1098806728
656760433
-968086861
-875355171
-1567011468
-1424770994
-1912053279
-1402034269
1508614343
1103117282
179431605
1481615496
-1957103409
-1681639282
525339111
93127692
1618975298
-982577704
-1205586
2059638436
-424497210
1525891676
-1403324247
1677340113
-2114562964
416912896
-1284013566
1946814317
1112752765
1951826795
-791155760
1379889735
-1041225095
-1611537226
1947278013
1661690866
482014812
196587364
-79339032
1322784730
1582071075
-1205601393
-871609332
-2136994921
-2074776946
-1217672604
1286296289
519301
59465510
-857260079
2115512514
766593684
-151417727
91833212
-207390577
1032135771
-1509404221
1629207798
-1716174892
1595056243
-2134664088
-1535713488
133310250
2031060994
-1138749119
1289565997
2125692125
667768469
1165705660
-2140311047
-1842235953
1481569075
1167290728
-88732199
1901828251
-1076336978
334999479
591817411
-1722648836
-2087509188
-2068231676
576450064
858134896
1786163525
1597233623
1334914415
-974044904
-967912066
-1907264664
1516262685
-299768862
213222453
-50022303
464076114
1774618345
-1620560402
-586493208
-578886914
-1553179877
432369967
1453563100
-897108044
2142240795
1220058520
-435259555
192117990
928846185
-1205373898
1266587282
1053204051
-2028543552
240492823
1143063973
-2138947652
675743935
-1477940703
-486480110
732590557
-206264629
-2021822689
1865528609
437994139
-151944397
2137315100
239437488
388668537
1224239252
-465535244
509156406
-498849456
1244291966
1229913383
652589316
-682349505
-561068201
205688560
1655966924
-1498315041
-518775425
1810973334
-1940541081
1954962875
-1177656652
-1137904895
1100103890
-205910017
2047948472
115796111
-1115601031
1096185454
-569712080
682373928
349869752
1183686041
-294693169
-1580920433
-1868907618
-2010878131
-200241741
-283969029
1085382131
-1923481780
-449583090
460199909
-1219654788
1705668416
793409033
1157387043
-575327364
2001182188
-1448327196
1191785526
-1849207170
1192301988
-447402655
1770469855
-815845806
-1451758081
-459045022
-1999080457
1867043412
156406986
1660948433
1409644416
1583422451
-1452297665
828357567
308740086
-1087320207
-420045706
671030223
2100810219
-687141657
815205914
-909582635
315208402
1639140748
946934880
-657499463
1769048602
-602967755
-1481021387
-816103519
1290534782
1001299999
-1968331082
-460334769
1262299803
372638956
-1129374491
147292870
186853314
1834001131
-1231938920
315699252
-1352882673
-1445999460
1603993780
1180840715
1417790138
259915378
1937866395
-341992336
-1539390036
1660821978
-127552798
29680089
-1650093227
674069628
1445602119
842770416
943974332
-635514944
1348517858
927127486
-335958313
-1708561261
1277715865
2037211653
2070679068
-370196630
2134610904
-367831828
-2019101865
820582534
1816676738
774776801
1783119038
-1321683846
632569122
1045651898
-441659838
-1921758998
1651500133
1412496669
1229531175
35101076
1672347340
-1774112990
1759269590
-1518151276
-713255011
-1784581066
12923889
-1859134237
1117238042
-1437399230
-173039448
-1169531360
-459465995
904472331
-78659254
1868586130
-1068761598
638307803
439851551
682350189
1089623854
-310657183
-516174476
1489462100
1104498607
-307293995
-1197872394
951284511
2004947068
-1293185185
1298391107
740963549
-121653505
-751392583
-1210491202
513567260
-1229037303
-70731246
1083263650
1846651495
-1327332346
724298037
1004701529
-1278551280
-1170144399
235727850
-1440959218
321773358
-1882473847
1682334108
1259778944
174965737
-1906217659
-1860852933
-710803943
-304943884
-1976085372
2129800547
-1798359745
-491059877
-1932347000
-1418786626
-287217431
44087422
-1220782939
69194917
1100150900
888633180
1249796917
-1594796019
371727286
-1196962284
874096846
-453002080
1392011603
2008878505
774688694
317904938
-1327894961
1369263621
-20128617
2139826230
510503652
103877696
247769454
-1164942344
-1158248298
1458563361
148675529
-570636179
-614392445
236735460
-2027222479
-1286700351
-541863681
-1328550595
-956234524
698014960
310654304
-1172861283
-1525779001
848629934
143108885
-327392845
-1382823014
863298699
-115171075
-532814795
925279341
-691570862
-482671114
-815320097
1559374674
-403251790
1757921203
1511464635
1186143571
-1896122848
-1730135342
-1258130525
-1137006170
2087982843
816605229
1319917316
927113502
2056289008
-1866024081
1565040612
-468670235
671846303
-207159574
603488549
-1626512280
103385726
-1547300696
-1034812662
-2041591150
1132980221
-1567105857
-2128146182
694950459
-104089365
-1787156247
1133059972
1926832610
-1105403368
-393476781
-950882653
-1137324390
572731962
38467253
-179295166
-186370494
-282824172
-1961874014
-1430914303
-1475440391
-1120873772
844717857
740925753
125687248
-281190724
-697429381
578839613
-487526720
-656257019
1789622358
1790301155
-887179299
-848465409
-1429332222
-1178531262
729562571
1616310396
1731336210
-1307073604
964947825
657013103
-1535679698
1746514750
2060564204
-1429023537
-1585335769
-728615226
-801952313
-463251775
648534604
2100023333
1510629480
-39661579
-380074245
-764295674
-850078516
453337167
-977337990
-705588946
-2020620170
-1737306166
-1655954937
2039577092
-1513236060
1735676313
-1430995411
-2022372780
-673083452
-1848060530
-2093471656
2014336847
-1899792602
1510116287
253138092
1721198550
1687274481
1474150
-649562351
-754500873
1341304923
-210672119
-570085742
1490694839
-343799276
-1470948390
-1179086361
978446097
394633986
-1931194784
-605277872
643605823
-1213490892
-1261413291
1419927971
45948727
-1286559217
-236488238
1945003176
-1719726216
-1946417971
-1059355735
-730447196
-1473522427
1721847848
-445897455
1866475827
350112689
-804202671
-545442936
-84516006
-1719311203
-1895230937
-992189195
1743404764
1821983487
-1378091867
539608076
-1513131316
-1199644380
1842213275
2124973813
-1112614045
-1139637833
-428147552
2062822448
1932042003
1737584963
-1226123450
-1678769742
822808796
631233526
-473234033
-66749868
-1346051107
951040935
-104217184
-1356335763
227443757
-438689255
-209467724
2086329533
-1852856085
1334600576
-1826497710
333528204
-100437101
-394336955
-1478288702
873216530
-2102480749
1384355078
-1700584003
-1911550951
438373661
420891616
288588387
-123905568
-361540034
1434034672
710558577
24585282
717362480
-36768235
-491295054
136027415
1925520619
-2109690373
1895159478
739807450
-1495671551
-951979435
-1664918591
-670415220
1105169835
1649896297
995608582
147716567
-794719970
-468663855
-2062501099
2103399285
24995363
-1777145985
85743760
1097499602
-1346918426
1401908481
-1919701467
-384637968
-708110579
1971676933
721487031
-502775670
-1305733108
1726785568
1230868702
1661154172
-1749380425
-1884007734
-1923795311
1365454689
-1548599528
1552549805
-1235856350
1664033149
-1080923262
1022309406
-874592151
1818480093
460558309
1165378795
-237590460
663308732
1842496100
-2124824234
1205622590
-2059716567
1446797604
-247754143
-445843571
719695077
-372865689
1291516492
1141859650
-256714351
-1342368808
812908636
-1739116357
-272373496
-1100644824
-1092397859
-839365541
-1097749239
-1797682727
-1697255064
427516285
1744306713
1464840280
1899755881
-1766981467
876154279
-817828783
699047643
-454483720
-1603028368
-1592948673
-61796523
-2063883539
-1562699995
-1916288447
1675668810
1059965509
1051884362
-1192994508
-823584372
-1783766216
1022137952
1488869117
-1926442734
1074104048
-880161466
702327846
846947066
-1841679558
-1598780965
1958572204
1172996816
758327674
-1117757208
-1915494890
-770213104
1093257440
-400870851
-593275191
1303299049
1435031513
-1307728103
-1431105894
1661977155
-151883577
807056078
314255525
-1497435389
-747928077
1323563429
1294294620
515442317
-651743038
-1267514882
-2046262302
752726154
2103132198
-878226501
862420377
-1798230037
-1188382121
-830150177
770800377
-836775124
-766884413
1131584113
1409976995
-27329315
651013443
1618008230
1270930357
-121934755
-556993650
-2066909890
-1379647393
-1591947544
1048750578
2011447598
-155531850
2097339604
-278102464
1081390718
-1767476024
62949143
-1038994425
1043254132
884838640
385743116
1671855365
613897202
844621674
-1414368650
1039688922
-1652124388
-425130967
257113540
476267519
-1467355331
1344823271
-586856810
1490447861
1570488811
-1123689602
-411888512
-806547775
187887208
1931091062
1572941325
-308155497
-606233526
-1096311074
-784914427
78772948
1286677598
792367199
-1915493134
1014761265
-300726838
-1472018291
-966276895
-1822764491
-1174468239
1491366528
1027073381
1364879851
-265685094
-1859044445
1893294560
1476437461
-141261869
-1144710197
-1977310203
-1158938848
2019218195
-824243573
-1206649704
696989720
1447641118
817837510
-1185293192
-815560995
-1358282195
93949316
-1246308897
1166161751
-1543923251
-217794295
1792536039
135395430
-771561465
-1296381661
101319247
500910174
-1750068288
100809668
-979941505
1878701234
-51502749
1097540815
-428858679
-577838866
1867866300
1458933814
890299633
-1127511830
-349432537
-395087548
1470769390
134083132
1395194857
105493303
464116466
1826783470
158160093
618217233
-2044777560
1316119408
-1719381678
-300807505
1834218428
810256847
-676328141
-1572895462
244992927
373578791
329938537
205452316
2113231755
-169876394
1317193340
-951740650
1378920389
829316850
581333632
-261774576
1869176097
821127036
-1263618770
-379687918
-264150581
-90557483
1903826768
-1372237903
-1825821117
1328255728
346790498
1624913132
-1446923607
1559274184
-669030026
519288120
-1006384070
-510365292
1266627672
1394361048
1699155738
1328938554
421435633
1838866546
876079187
-1361622016
2095726320
238501343
-947823587
-251822711
-507868762
41045570
1831527519
-1069339906
-1828387791
1047112539
-669568138
-939694198
-1292506148
-465741283
1164304180
2116495884
1370324165
456443005
1997944874
-1831990008
536011968
-1906770804
1651101994
460757469
1885929595
-418931513
-76973305
-979528899
477054690
207804846
1943517342
-471928104
530286277
-1044866926
789049113
211979866
-329295177
-448553037
-1245587854
2058983320
1479964471
-616090742
30207542
525822981
-1544997099
11973986
1882716811
-1132238998
1463880206
-1985997012
-1205023372
-959926826
222472633
1000945812
442556498
-1077665582
-1327744857
-1587707569
255295917
947909593
942911428
-787854154
2142411572
1703908358
2024029699
-1229063528
-879012862
-824846577
-314606022
367442251
-971238622
84583793
395421514
-1723114236
1838786133
-1229679636
-1128916350
1223284840
2083623186
10362930
-1984170940
1911302754
1344260045
1645577434
1748009705
1587402039
-424780932
2126600346
-392181791
1750676182
1299568982
1841523893
-214341857
-989513100
-1663212835
327589554
1489676467
-1708029096
540394014
808161614
-1104908105
308793587
599457335
-481066830
-1408347793
2066142259
461124634
1447536104
-1403642964
1953287704
-1612597361
-1435574901
1268617584
1794887558
-2121940865
-890600002
2105417431
2111591005
-426497938
542033759
1203027252
1800357830
-1272316855
-1543913861
797336698
-1566427184
779478625
1624258051
-1129337123
1684883002
-1226394441
-128062784
1966641848
1256992914
1623555961
1623361924
397366960
1436588414
-26397748
1353964705
198976538
-411224743
-1809217844
-160375649
657513369
582921217
1440978128
-603416536
5181451
-628079634
-1973243662
-1441585337
1312312230
1843899015
-1236522802
-1322639919
-1034222755
1508142512
578093192
1431384354
-1561273208
297073319
1220864788
743900429
994650307
-1479789040
-1860566351
-1807657971
1004846101
1565524301
1888552373
-396958017
-84508332
576340243
-644998256
764219028
1898868936
690698554
-1507957238
-381315135
-185938673
-1325051437
1896538831
-492476805
1631963711
945265023
544825644
1318794080
892601169
173906174
796954651
-1942938824
-1689624132
531647494
-958371716
1228600796
1795709792
615338837
-1335855195
35563637
1793960613
425112585
-1469460964
563275498
628155620
-442582993
243963554
302258323
-463564027
-1070021479
1139644788
-787065806
612282472
-834586637
1991258060
-1313429726
2027467784
-1399085288
1051028397
295508944
801933278
-234354015
1673361376
-1354484886
-1900473725
1340387775
-1003195335
-864958761
2035234584
10227274
2031899166
1522041574
1379561321
991604249
-1358334647
-2112326711
-1313446832
-1952778861
-689824564
156783556
-1237637033
819556230
-1001596843
-1692888800
-1713375071
-90323401
1949994419
-583254170
1722722313
11647417
-1026764136
-1856804919
186652811
-786389118
-2069782880
-277517085
1083991778
791639866
-1063675502
-2001635932
643804275
52822230
750684644
-702147706
-1110541463
-620740635
1464051588
1026594821
-1739359968
380561450
-739125547
-2093494962
-1533953338
619982698
1793986551
597493302
-1488074689
-1184702330
803763787
-1550206611
908683593
-1647113269
-324606922
964631539
225222881
1124133000
-1077547228
-97489206
148404964
-499139616
-726161457
1208480748
2015793144
1450432738
-860382528
-1394491777
-1264426068
-1708913194
-1243622123
1292292678
-461897507
1956909785
771944837
493241947
2082830428
-2040607316
-1230278239
1412521754
-181197363
-580878648
-18815140
-1295330464
623959761
615394229
1918350029
1246277877
-818646937
-1946625381
750278706
-338979770
1190661775
-1223658728
1056420408
988096343
-42100177
1986222164
1149863032
762518519
1845879098
689246291
-1697959355
-118287052
1568226575
1996983434
782015908
78066705
-1739508962
1658316724
251228827
1764375414
434699217
1921559781
-1748671826
-57835673
-1240132696
379648991
-1440607066
-2062937224
1228946086
1546198691
-1613902700
-1091441536
240027115
-77437877
1366691860
-1272649332
-630364254
-1264495338
81382102
-283576298
-1610493667
-1282501692
-1958037670
1220790135
424923965
8650788
1809190906
312983449
-609656553
1426124522
307809325
-1003671824
980949203
2089388742
-1773933047
-410262614
1517303511
-1544375631
1964614665
102278180
195106597
123529609
1307853584
-1190315360
-1961236223
-1741280544
1089756334
-1306982347
493844695
-775702256
-1887210079
-1586277626
-1497746342
-1322108782
-1121116003
-452475978
2016267504
-415519601
78152015
686343707
-1583473588
-229103433
97024927
-876953295
878391132
174541906
799609653
1569086032
923310950
521001620
1792327487
-879806559
498237805
-1310456780
-1048267152
1404040654
-1599806503
-230279617
1422620491
-1265416968
-575655338
727941673
1957236896
-114466578
80752635
-1690176732
-1828917674
-463972198
148412335
203580596
1849765483
1219025086
689775304
-1103974781
-449330631
1471704544
-801057292
521550193
-1737367558
914190723
-2135771044
-1799728657
-971077490
1763186327
119298310
-227751027
-1609226885
587155761
1080608378
-1887385136
-136477900
1609520510
-1571758936
-13188536
1086761885
967281141
-1128002296
123341794
422733006
94587083
-699202301
660049786
1381193751
-405914452
-130820463
565603764
-1795676861
721069223
2110621474
-283857396
-1696733663
-2133070999
-231528254
156715818
-1834424769
1756822957
-2116755081
1759391866
-1052077320
958206963
-97549075
25296124
713549745
1830609775
-1834376108
1126866776
-607921569
-610178492
56047753
-1490346187
73763915
-680211727
-1639232909
-914348086
-26590439
47246091
-1196343889
-388749388
-1271960058
-103888596
408789359
-217769462
-561955984
648068651
-618615905
-619361106
-1682013541
-661447283
1428341320
-902711323
380306865
-2037257926
1161148217
-1794262230
-711634934
1722387571
-276063773
-1837280450
-653937490
-790375933
-890354811
-1389093501
-1333776105
1279363508
1889599880
304135306
-465881030
1805947140
231211563
-1002343958
-1874220600
2105881368
885483362
1330118995
1624668592
1871254513
1204167675
-919588638
-1678455831
-2050942243
-643889405
-515016010
-462452627
-1212739537
38574439
1183433666
2117053320
-1295326670
1434628573
-1344787484
947967570
-454376102
-1477254396
377244471
-1594891399
1001431996
937895882
-1695059804
-1426619325
-710766657
-491752947
1349694911
-1184159278
352005651
2015166340
278264784
-1630486870
-533050654
-1039886112
539567662
769520752
1678577222
-1506336978
81667539
-883545612
253789178
-1224995970
2071439917
-623760015
1785227859
1209517257
476678962
415981331
-1165001616
-1909067761
1498235062
30930872
1357228976
-1427759424
408288000
1369339898
510917732
-1303740580
563425434
-1209891987
1915025861
2003727453
-1114000025
-278025180
-160697048
724907348
-1962889477
-38079878
-1564179345
-433136047
-2110719450
594803982
-1123617854
27562375
15652306
-918860529
2099617407
-2045604048
1140778766
-634457415
-424516754
-414095442
-118691222
-1438415330
-439703495
656255986
779855492
-498112471
1408999450
1203748897
1418261475
1654296543
-728249898
-1601457036
-1115034109
-1891145752
1108465897
789268575
158376368
-1137868722
-293569022
-668828683
2098056343
671553667
867287729
-962505846
-820608487
626967976
-1569985442
-1497648743
-1105278622
851097868
-1478157699
-2113246488
2119665850
525822706
1264194559
-196675351
-68201958
916172182
-146802677
2015719011
618325250
1452043378
1360250349
-1413049775
331577737
-584672323
1535504462
-814332662
-1960433483
1374297140
1609527205
-167210079
-997128692
1950914331
-119470099
-1771430514
295681643
22517382
-1753959016
-2145472371
606261269
-1286251052
-1156287037
-625787194
1442426894
411321980
-18293334
1893110573
-656838486
1289266443
-61524643
1428056107
129940832
254900845
-1509029453
380945534
-261931037
1200911722
917662079
-1987853732
-1342455181
-731248525
-1751170559
1177822430
486908783
1363056543
1949798047
-860528740
-180392401
-1101397265
710102996
-699665260
-61756144
1036980441
-852329112
1015893071
308955343
79199492
1282435041
-1484886970
-883029734
-1368281265
122109241
1484599169
-871822748
536174359
490382544
670164352
-1780466440
1802282681
1396418212
-1824425121
758333776
-1147319467
-2033757762
1431737140
2126460327
1418607829
983881199
-392548933
-1171765043
-2035969491
-1845558084
-744830411
972629561
-336362013
165703062
1009459340
-1809543324
278017746
-573011634
-844113478
821474900
1731866922
1711515847
149285484
1059663222
245892026
-99181844
-69110814
329613489
-479238799
1235893732
-1298182376
1471138743
-660820191
1695707012
1501668906
-906763875
-800215674
1456410885
-1649262604
-1954227795
-1468592249
-1822617098
-907320840
-762833541
-409209669
1192801907
181562500
-1774054347
764502062
-1220440937
723358996
483174207
230658916
1195623726
-1754242316
-685548545
1324324253
-177085521
443601449
1437347572
1221815130
898955624
760299665
1395645453
-1923366369
1399382011
-30832311
1872126008
-1814686597
243083016
507245134
-1678671816
1375373893
-213210837
-1125592986
-408393541
-1279190745
1306065961
584975680
540326827
-1706448544
541995109
-365052966
-351101244
1553679045
-1367960680
-162920670
-511008922
-558201336
1173973696
366560992
152403883
-455608772
2093668185
1370584786
1720139964
-983902568
733633482
1495714840
-1892680096
2106957946
-1526680798
507266258
116813781
775771567
-1247350781
894111239
106504675
1720529649
-1077143842
-853548088
1551941165
1804895920
-93477024
1372311445
-1990265910
-591089643
-1532311253
-396891906
-1216686829
61966915
-1245638712
-1302201203
-708526402
-1823029281
1937574364
413285603
-187098069
794362578
-37220454
-2001182176
163224829
1575060557
-1700789127
262200200
-142495763
1663043853
-1453522906
-585566366
-83339558
1416496607
435425978
-12376797
1417062435
-1765592986
69572655
-414534196
-200961735
551768092
645451536
-1982284145
1989324399
-1448502378
1154328176
388104632
1828277268
1448486411
1567160092
1617953227
-1680743229
939925782
-1192322029
2055578344
159035640
-1429735750
-385868234
392298103
-1822352410
1883799463
-1049761989
1693076736
-1163054712
-1406740037
1414803431
321784410
283990518
-53435701
-1990451844
-91834361
1752299001
295738274
1324139119
-771300898
-1091718943
-501876919
-660670883
-2017310486
-320300139
446356104
1275214144
1085495442
-153000726
1169477548
-2098194979
1537231353
2128167736
-2065550709
-1131497600
1000642983
733766442
1863571653
-1157978389
841593704
-522063914
-2082309556
-1634016629
-681314188
-1610872819
-158097883
10601965
437748688
-863947533
-889581713
1064334448
-1917169421
-165792303
75112100
2025438010
658483371
425211177
758788894
1503436399
-147654591
-2022393078
-1257475875
1002309024
830895835
306049190
-1926859129
720124801
1255947553
848234785
864581551
-1873922849
1448522531
1123935147
-683329703
-1177824560
2020046970
2142517968
-504322371
360420395
-253613396
-891554546
-1970066357
1152739898
1393208789
-1893242201
-270805265
-1741577042
1135401858
-382225223
-500432490
-1047123758
-305808416
1110464907
381364975
-1371314173
472165653
183036456
196740469
1716898143
-68346643
1965188402
-834141267
954694333
1330100409
405762799
-159456084
1860820188
-1021560973
-304361816
806094044
-1616052514
211493414
609251634
789018367
-1197548298
-302956916
-680046388
-315283086
-332179872
-1426817032
-382023124
-337863754
1434521233
1496621686
1093273299
774367276
-298930768
-1059597264
-1429408600
-406641121
-300993468
-951185134
461873861
-276731896
914576941
275518641
915806091
-430122484
-1566502696
1076430440
-1666780165
1954268360
125956270
222839748
-1238599608
-935561135
556513740
-974459615
-924795481
-1293524106
1334732793
-2003101548
-210552470
-474031289
-816989740
-249770228
455269708
824465114
1656470349
1584347059
2137614606
-264559796
1003291478
-114649703
-317603518
-1427975162
1864800473
-720503916
-446931098
828109633
-2047823125
-1470506399
1282551604
-176572725
-1759983550
-1111306994
-1248367305
-1196180214
207659492
-1130739812
1620400801
153622081
859792673
1283525599
-1142236581
-2082595310
-2139830077
1087473833
1606503262
-929109693
-25302653
170821415
665072705
-171947068
1847488957
2089077386
1506776082
478919408
-735573913
999589353
-1009652632
-1447391213
1674918719
838978661
-897820488
1024814892
950818883
-1791402099
-1611905305
-404957709
691137126
90800132
-81812191
-1887627491
469355904
446997601
-1304586008
292570589
-568259195
289290838
-1194650769
1381291438
606733561
-1781541357
245618472
896004687
1876389539
-547916820
-922369381
1862194191
1446665856
700821560
1166374009
-1668639670
-1947052550
928848252
-727671567
728122930
568190810
565313737
1611894849
-2056824878
493722746
1982622818
895282831
589594448
-1397615427
1139019937
-1204587271
2020063346
1784254019
1808298778
811551721
-477882781
-1201648039
-1635410944
-1683396946
-1802474059
477797679
263715271
-1398224824
-1038869847
-1502197556
-100115701
1130283394
-171743314
-633543867
-1242357072
1645247558
163403815
-335597524
-611575223
685598764
-577447055
-1733987001
-792557891
-763929517
1720429604
-1104698750
1203725095
760906356
-1744478313
2049672485
-1238243842
472932148
-1935840855
-529106359
1157411958
1458211768
766711999
-509389688
1375234084
-640224130
1927990792
1147431155
1906723560
565752171
-715917817
1537537864
653815046
-787625185
517440850
-1721999004
-503154282
-2074377840
-1098187369
605611510
-2051478242
652208086
-373276961
57594485
-551906691
-811538109
1080731926
1490313299
1736075786
767429558
1576423882
-297684622
241065724
-2090106064
-1372171725
1567596503
-272011509
-1504548185
1155232115
1493652637
927831
192624154
355774237
-1883252181
816882057
2040836581
1141862907
126229929
548229175
406528854
-291152117
798954415
1877762445
-2008523137
1944198347
-1149569985
-1879082712
-252779187
1630242486
1206632949
-708707771
663708633
-1384442611
-119500676
1850883866
-1378279938
88046810
2045394500
542925443
1257972266
-345387983
-555379343
-954892319
-1036692103
1081706169
-948828138
-1328509633
627420415
-74480022
1318812578
1577333685
-1625347995
868721815
-611264614
153831953
1117610422
-308973777
-274183288
1247794611
-2118072710
-387944897
-594706381
-1658145353
-1217606140
492879290
-1568331761
2046843993
-1335705336
-477823108
-2055953674
-1450886507
189326960
1966533004
-1760319208
-331693554
-2093536913
2070148257
546910512
-1612701392
-333476651
-2021396761
-1919678984
-1293935208
-1762000987
1806661378
-5062946
-1747472206
-1845467420
1819583315
-1085927432
-1915270493
1891692723
-709338759
964928820
532340586
-174455648
-472442343
-1958806317
1142104641
-1416338120
-1944042270
-936315625
-1176726711
-1580902688
401807563
1262354746
-1293466779
-2119442460
-596314977
-1632224862
1302098533
-174492208
-2108908614
-1551254701
-352490649
610774014
893813524
-283178331
-712424583
566343536
-545101186
941649206
-1737662845
-547234849
-150288852
-1502580959
-1640047005
152049171
-742736781
-255522961
1639538777
1949341557
1985985490
376180685
2078387365
1904600802
-581964490
-592247937
-542032785
1974713025
-1233189255
-526960236
1985591782
-1605574569
2007974187
1443040859
1316871850
-1425554343
-1426818667
2033168405
-1901112210
-1873121086
-593774086
1007321835
509049817
-1418193945
-538331616
66605090
1781218733
1891067080
-1505297650
-79711092
413682218
-167085912
1083758358
-536378815
-501454156
-56238626
-1326301675
-1603466865
-459421261
-1065480211
1404579321
-218006226
-1318759238
-1927309102
-16164989
1681712568
1416273130
-1697156195
-1376710835
-1486333865
-1154295400
2019984451
250202894
-211262273
180023597
-841729871
-1967935715
-1662259617
-1333875634
1906419492
96989235
923985106
-1239582916
199212471
1945767284
1021546395
742348156
532698941
1331963568
-2011406063
1449323450
-1520219823
-1580469531
-1067744104
-1201159191
270385066
-696116472
125082641
-1103745105
-225740621
1117125892
-1201643373
-1877447424
2124330842
-967566590
1287199322
-915476216
232586791
765836011
-730717185
1571028302
709093265
-649299414
-1146622743
-1897864426
1278390156
-1721968202
1984507651
-1521903354
-1838529946
-1777924529
-1741599825
715753227
402580691
1324179719
-1655241735
130460797
-2043426490
2134674435
1613889551
-1673624448
-152426879
2108751747
-676537871
170020014
-455957649
670198559
153132900
-1715564046
-1977013199
-1066571950
825360172
-1705760842
-894401418
1364736828
2134349177
675736896
1260661519
521648803
-1923871839
447284569
749494978
-1274707910
719716111
1062167599
-1622576035
-672593882
1922753403
1476843388
266894862
-628527427
1351701595
-1152455450
-1624939534
-2099914864
315263384
1903319720
568505835
2139013291
-705567868
1781190258
-1776705867
-1296382438
1165804044
1635272334
1909534779
898996655
1469324073
171071811
-783441625
-1882180861
1046250652
-1940124034
1904037815
-1136297031
-2142722854
-1431752787
-843932201
121043977
57491268
1882075630
823589483
1209617276
1133334426
-81650071
909421547
330320372
185067697
1445731577
-21352395
835151087
-214381980
-1121155823
1819493789
1406299404
-193469752
-1358194467
799076681
-209207347
670248611
-1172943193
-2019879236
-1706243683
23178525
-1777087364
-566528849
408560661
457530040
1422162446
-834987225
1695339642
-782407811
-786051876
-710365501
-986812790
1632181367
233058960
-1322316458
810950519
-462478235
-2045330009
-1203165259
-803150541
-414962774
385251414
922297553
1797223918
-1807283320
-939687508
-1402592761
-298017828
-1145572211
1593334003
-1742396234
1783040315
-2022486964
290847580
2133266706
1551231124
1806709328
1504294874
-2037466569
409972032
485351501
-1172578995
995057537
-1932597203
-1336256103
548710115
983903002
1217996002
-240116263
2067729083
-1501657645
-858254656
-1087384833
1949781706
-351906761
-2117763446
1832262259
454264834
-185831203
-1895899098
-834861680
-1905104976
-1005914114
-767721308
891018577
1889467173
1222391878
-61047681
1162817867
-1264696936
-836870930
-1186585053
-2093063714
98942026
1077880074
-1191801681
-1542252121
-316121877
1929067551
2119772923
-1660261832
-1013352900
-398325768
1352925916
1550745611
1239126773
2066218937
1563601062
367206835
986404584
-339812300
-1761082638
-1080136109
-1028338075
1850495355
-968506720
432705364
1401147360
-1228090955
1632950047
-1545318062
-1268362287
976877877
-1821744405
-1196042154
1633806043
-1763152952
1690891351
-1748245686
-1278502352
-440202418
2027292300
238506665
-509340109
-1804714101
-1323823407
1330898549
-1915767970
-575183042
716282380
745039726
1883028837
-547240333
842153608
1988341632
-108510053
463701525
-1478597129
-465746564
-741072491
783980742
-518310981
1010270219
-1199108340
-13985549
-625210528
-525573154
1524235783
1588720674
-809272467
-1221742294
-1616639943
873854862
1224839260
223597651
638100647
-271937036
135648229
-1096897049
1220674189
1752424111
-604275582
-326736435
1727770242
-980627966
1252692271
-286671427
-61872678
-413172044
-490666638
1407882994
196885579
-1456399134
366154138
1512087326
-1215793198
1716279824
1345473355
34953374
-899365161
-1582116224
32457273
-746851857
313701519
1945039815
-556686030
-1563778977
37650337
671430812
1816081250
-603819513
820295436
18664947
885652946
583912184
1912226119
-1687882422
-1650279119
-169016909
-787795543
1832761409
1521762263
-1486106913
1424429067
520077680
385430534
-1953397707
238515883
1495821940
-672279950
422133438
323496530
929853259
1897082115
-1512142784
1534464185
1149535969
-1886247464
-197256203
1412213032
330121450
1248350863
1706148478
-844108960
-1559514894
157896643
-53905130
-378883909
1790348977
285427925
-1835837430
-732427376
-1471921244
710785007
-2014909336
-1063243556
1001635288
324379206
-1734346506
401070110
-2121327608
-2142579554
1175442022
-1101318783
-1937471766
652600339
-22295865
1399583296
396544965
758576917
-562929603
717997893
1999408199
1611242163
-1259855116
-1532781036
-1177675884
776611869
908625489
564222951
1949253794
-904036765
-1684663958
-59458791
1184613827
856953986
-243752264
1224070855
-720233085
-873617503
1217379083
263605427
2125577395
2045970839
-1735785539
-311944852
-813749819
-398470223
1639089194
1720947371
805663066
783155633
-868795809
-2084035584
1321324569
-692995816
-646706416
-284577363
-792746558
-1735147352
585645263
2062992850
-23591550
-2057475037
-97783173
-985535543
-227969144
-38731687
-1734453002
987422163
-1483620393
1878381409
1943829530
-1161139981
-1354973602
-2131776218
-123996436
663628570
41466949
-582144987
-1887177966
-2081452157
-726549879
1764831860
1246899074
-2111591072
-1652910646
7839493
1111549564
1488448694
396628835
800446251
377363129
178886021
1259285435
-1359223714
433271780
1162128683
262743514
1818438202
1285565001
1497941513
-673884097
1506015437
-482090548
1536730470
275882735
918257425
-1405680613
-22813805
1910503121
985653687
2076035623
1997007440
961576505
-627541466
-664246065
-1646791314
1093483202
896303554
1927353566
1204943285
1010904160
-805655183
-1476275657
1556125191
776099252
-1129284262
85688910
-341282107
1862742434
-1115667217
-688200230
962704240
-1188729312
750858029
2077197768
1847877267
-1304362927
-313212126
-102516878
228122592
271574481
1812049071
810823696
711723161
-1685575854
78368143
1994972014
1282945585
1265823847
1376639639
1175972319
764110642
418959519
-31913665
1398229361
-823347615
-827819562
1214484832
-1351614879
1732318239
1975160774
1599539006
-674623791
1469214225
1491754212
-732180023
937358776
-1388194557
1080328297
1666138400
1751896345
-807935735
917105070
1046874453
500940663
1395962855
358003900
1500849527
1911955591
-1563214414
1604434979
1454859980
1029942567
1609148342
-1201474550
-876202914
-145188209
74123674
129753735
1809858232
-337560379
915197122
979290417
352398321
523361366
1706320372
1327911922
-470188055
1831973698
-522703555
544792865
-253344558
461653303
-777466859
1259321039
-1923336206
1490257666
92674497
-1536444064
949124774
-380597950
1872074232
-1782155427
-1475008599
1569167966
-58322487
770154121
1833434262
-1325395016
-219756869
-231461327
-578394197
-1863367134
1622555701
382597832
-332041777
63519120
1378852640
1408194226
-672588587
-537840625
-182226998
-1525156768
-1508991486
-847823882
-1181570547
-899852900
-274645812
1139738970
-1307456592
-427664347
-41428508
-1790960954
1324047628
1654574974
1888838262
404087083
1414520818
-1017582590
439215
-1819134187
140200140
289427260
1308406399
1230214943
-678009342
788190581
-2078696544
906216873
-2011375202
434715789
-1219178538
582672839
-621377230
-705519602
-645357449
-439479940
-1430411271
948118141
-445521875
660618535
211337019
180049908
-1626260486
1216253501
924997878
76760557
-1562730372
-1040603848
1615737018
-74642337
35598194
-1110983986
-369750316
-1530885106
-2031974018
-1848958874
45527470
1825218079
622096427
-1868835897
-395875979
-306204438
-1758198734
-1012262382
-1325577732
1290460691
-1460526087
754669042
-2141907232
1965018587
129805915
891391249
1533890027
2012674995
1601482158
-1356771123
-28576835
-172937198
489533185
385941035
-1084094808
-369605752
-84620891
1274513675
1274592220
-1602191599
-897443090
1675642525
-212669757
1894722990
698333754
1711041299
-68203858
-1700777167
2117953842
-966644073
-1241618767
-1473397672
-371686320
-1660629633
1642687434
-180724707
-1202456672
2051004351
-1342884536
-1473303988
232012745
-897350753
1491024746
-492521643
1844420430
1248262061
-1123530683
1598482787
-725393391
-1488928780
1654331115
-932112723
-192784103
229958253
-1050984247
-121573109
941246612
-894744907
-559211183
330569419
702083615
-350722816
-2078443560
290282693
197828932
-819105715
819085248
1643914668
-752889789
1025798106
-2010409255
-1194239321
1484781332
-1439695910
-782573052
-1498228449
-1190410580
610111845
-518275047
1794599386
1731286143
-1313558096
1810696970
1910674760
-610731450
-1228128131
-1854519480
957933853
-845550079
1555224020
1674192229
1654293279
873584191
1117648627
354220538
1499133248
1802165917
-2036372862
1318080458
476763887
-531623797
1222581259
1495463975
806918058
-1337461674
-506772824
954678676
-860657961
1047117409
-1399341315
-2003362645
-1309391660
-1293841227
1333847144
-759650496
1774096716
1950120125
299180407
-1006438969
-1372935476
-1715633847
135019418
-220837134
1524790165
445157596
-1888873959
262163870
704696243
-1769921501
-669639609
1009745135
639791182
1200510146
-1519380744
-2105064775
2003271743
1020152918
1006474543
284706849
353043942
23028663
-506238949
123138179
439225914
1308979837
-853994940
1784946326
2143417632
878056133
-1150043647
-853891122
-530686207
729734453
1208569645
-1646913023
-1836796010
-1503338180
-207366118
-580012211
-878949883
17620382
1854413252
-1834431432
-284211663
70253871
1024593737
723502104
-1969076403
1641618398
710730904
1844420532
-2136657998
287496181
-27039639
-757353941
1261792755
-2115046498
-1570690708
1137952788
917962541
938724008
-972311868
898833638
-1641364830
1862590603
1706990518
-261176678
526250633
893897385
1814847133
179330958
5756447
-1420363050
1825647393
-733714772
-2010644223
1516776986
-293328984
-2041500213
1552462781
1436844981
1918293515
-759265708
1626223013
-230915998
-910585971
906738728
-2083184665
-1717403168
316099592
-1689510207
430916058
-1493539155
-225826712
1157658775
720316058
2088070676
862806109
-133818172
-1717003306
1664980074
-1733775540
1849316074
1950677480
956559251
1817988230
-1761896108
-1155031771
226086859
-1940654405
44012891
1880105078
1211410594
-1759853904
-2054692342
-322097881
-1460074936
1995481392
234179845
1152119806
-513207542
717082687
1599324582
910009231
-606637796
372222869
-726187416
-489852978
935816345
-991063990
82089096
-478740763
-1783641657
1351337933
-1698266647
1115049800
-114969698
416132634
-2015701705
-2025362683
-1763078518
1227327275
-516918193
649952352
-1683508369
-2138851409
-582861602
-627173473
-455387410
-1873390343
261130055
1338428961
-681434906
-1723514821
-795511862
1001414325
-885835715
760889587
-875665950
-746318040
1100269280
-1525165404
-1537781267
892156703
-413713913
-2061461047
423280914
253330471
1598931645
-391334906
-949768354
-2097606902
-558900577
285693856
-1236490192
1140804196
-1383608093
-553486801
140100823
2133572213
-854678628
1878349458
377581945
2100995639
219523387
-407479774
-1161683914
-1085603406
748867160
-1689296599
-1004457332
-901240433
-1192465486
137331349
1406275836
-285522965
-181536652
-258733336
-337000210
915495534
1839144122
1930294898
518971601
-1566539365
-194320302
1336433346
1390572166
629645672
-1323486778
-863538343
-867021826
-240536815
-304586342
-987806303
-52824543
-457275352
973483473
-1919152099
-965556751
629174001
-463861322
386267360
1481726959
1453279212
1311002072
2068623171
1829844413
-1353260878
207707221
301921490
-623561212
-1852856316
-1881127589
-499302010
-1894889833
-464646368
1234218988
-1548355783
-1761117992
816196694
448793312
711776341
-1100396454
-1263635749
-955626960
-1493781041
2078008263
-599419939
-12405648
1642956883
1678417924
-1339237161
769492125
-990877504
-1698104942
1111074598
648766489
-1866064937
-885274569
779463899
960758002
-160422610
149915869
1311725265
1737311338
57120106
-1225858631
1618499586
-324997709
-14940244
-1384463185
-190698986
472552697
1012957771
1966593012
1680686908
2071222950
-1275515196
-1782911756
1268317501
-604453151
-382198546
-812057226
835704270
129277270
-37321359
901547774
-36958171
299608380
161169272
-1459260302
1590106062
-1220557421
1324768677
1381901824
1578001598
149530030
1933911621
-1799694530
1068912808
1163338224
-1269769531
807846802
-2112590449
-1312092966
5112419
861187283
-395300452
559338564
-1098306520
140421168
-722334672
-754552086
13196308
-1380231856
-439994307
1612412458
1112512411
-1272126533
-2098602031
-1899226101
-69319344
936413816
1382966515
1103613313
1403671519
-205826570
-110632014
689076462
1740856385
519794735
360268154
-774074132
-258002134
-1247590646
2000772521
-1055542455
-1018651196
-1963576064
-1374537887
869547090
-2038948446
1227132930
1385438367
1099713108
1725499375
-1048624486
-310102388
-2102069921
-601072667
1944671056
719259411
589479757
1981680773
1875902030
1706863539
-968196094
-205999740
-94878394
-1221723755
-1123003916
-1766927484
922425747
533120736
1694122733
594560899
1203209374
1098052940
-942224113
1937067416
2056548995
1660490229
-1520215016
-7313701
-1985871117
694591089
1719624423
-1615653211
994346075
-221292764
1195164991
-1415511303
-1064207034
-91616558
-2098816566
533735489
-1725339649
782948213
-148666273
-764668868
-42007431
-1172053936
-1981200249
-1185063882
1948738675
-336408253
1699415101
-761937286
1121719767
324191073
-1669029131
787791621
-2104815773
-1202760001
323043551
-1524670596
1164329866
-259058290
456873580
-1209945506
547290524
1861776492
-2126949360
-1570819715
-1751683804
-482999306
156350025
1455087530
236389264
-1319917663
1066259936
-1858662993
-1598781417
1928848842
632485999
760740481
1215497687
-530995958
-1922210526
1536410294
515700797
272886479
-1080983103
-1882369228
867916201
-1451331800
-1713161235
1518293802
-658737072
-301262369
1024737961
1666660676
1295562084
387300556
816698396
1800405018
-1790864781
2020908904
44245908
1230974440
-1240878836
1500360608
-1735025714
-423746684
1593485479
2002611179
-375094924
839181964
-38283578
723114654
-1388987930
569039582
-1615098537
750592638
-1111639491
886382413
-1221704868
-936863594
-899095924
1486979472
-1603425331
-397781173
1206438248
-107463299
-1934371140
-314789203
-204719190
-1084359817
-1968389958
-1695015409
1190196338
-1906130395
-1177881479
952456921
-1089842833
48353124
521282226
-299439972
1428719454
1129417854
202953800
-1781637530
-337634608
-1436413541
-244278611
1134736727
594125103
127659127
-826908027
220390516
1091440130
-1466425771
578997384
-859271750
-1582034833
-823818957
1301065900
1992043638
967263489
-415292354
1020145538
-1737665325
-1510326356
-1191575672
-258017825
179755188
1248899597
-1077379337
280794815
274720195
1643065845
291277952
1231298407
-1102548790
188900392
592503189
707676617
-526351807
-2132308127
-1084934181
-829296341
-1368442841
1553783705
-1423945440
-1073304311
-1415081707
387957128
1785072268
1828435514
-1755949937
-1243320725
-364974315
-864716206
1079356573
-1543954424
1783758136
-2040102584
2091402394
620018927
535335909
1392413015
1063715147
1224748289
-1793082694
1903492392
877241906
738080309
-639026828
-1216206800
1065614372
-3284583
549597858
269274455
2050379033
-1763726185
757872026
1875379162
-2008463038
152439418
424737713
-1680376207
-1854232223
-1787954641
-368556891
1196335283
1843470932
125088847
1610253918
1522599609
998473201
-463751844
-1726848042
-480156926
805825817
952936522
-1038475436
-2020223338
-63052025
-1833765567
478247903
867641197
9841129
155777185
2065416690
1562540304
918663345
-32299450
-1989354645
35351424
2129244716
-883712756
1595390665
-596196265
-1417675438
-198906219
728727958
-505149907
-2033695008
-1206706359
-11527646
-1724999107
1177566244
-2081021282
-1401276303
1446342727
-1433047273
2084657049
1425667702
-1864222537
-151687248
-298858093
165576576
609721605
301311606
2104310080
-503546125
-719316385
-2022325161
1331180013
1457276475
1839030918
-1086792776
-1275482360
-1030758914
-1718458635
-102861107
328406501
1279030928
1520464455
1864777513
1852540863
-572134485
171045849
84806296
-7221252
1271025503
-673979986
1610834220
-1831308620
1061597255
665375891
-1369517931
-1633312909
-847409411
565133955
1307615414
-74904514
-1538607409
-901350580
-691290764
841350356
608660914
-1527493775
-604706352
1545599541
2015178614
-702060206
-831942601
-761463193
636774459
97587338
1918026776
-1260906377
-957357533
-1653444712
-1502721865
1332464830
-1962616248
-153039936
1409331520
-1179929243
806023408
1741520691
121695775
2111383338
-924948225
-414370451
1314839438
-1149837725
-2145228116
409733598
-984898193
347863107
-1059570313
1972530380
-276556709
-1855538085
1759227226
-161942921
1284118522
-432801181
-576450754
44527741
-1598283116
-1186463686
-1112762192
-1394733696
1074670056
1159883819
534642388
-1215486203
1544642876
1703305074
-1182887783
-1272237665
1475674293
-1470835458
701317166
-846858420
-184832536
2012160119
331304884
1956567070
-1652139600
697555329
-1851812556
-277352163
361670465
2022225730
382306770
-1588441749
-1569181571
1393041442
-1599498174
423331241
583089030
1880191441
2093964923
2026598809
898676116
-911784563
762697387
1876480004
866682631
771175589
-1817142422
-722073378
1679856831
-946151112
1840036657
737504679
683672235
-371570878
191287053
902208531
1292864416
97753560
1948207247
-705370388
-1181154709
1626157234
-571397370
1009314103
1735741480
-1472574998
-1904303120
-1047681131
9143253
-2017221629
-219531604
1562108908
1677248289
-63884244
-578130060
-321616058
-1522381686
-1453163324
2083606923
-283294216
-1116763482
1566001184
1371534514
620814854
1211914432
1419955084
-1940781601
373731270
1652015270
1623160464
-1378607311
-1721024318
983407040
-918949261
311634717
2109626595
-1626979996
2064520708
1333937901
-746024502
-555154327
-1376202345
1004001387
1063080065
-1843196423
-1305585842
1182386905
1625551186
1216212907
-1173093479
851191587
-726839817
156112593
-1886270977
-1334543529
1515782643
-789396723
-1551422947
1553450324
1855983934
-1874439638
1949036783
1757402305
1511052583
1671886120
350571086
2085640257
-1683860618
-517135720
-1550063943
-658306588
1610834896
824597034
-1524090537
-1759138080
-1242806433
-1505751676
-667545028
508288640
-1694525775
1429717588
-867100437
316785755
775006688
-1415396952
-169874661
-877899319
175890163
-1146034052
-1746148419
1209438867
1762878084
888368532
2112867902
1022564585
1941003938
963227788
1925712393
-1370245992
-1879788552
665019949
-1165827505
-590812805
851681582
1609086465
-1418191350
-612509390
1746271375
541990184
872090686
-1162046446
116843499
195242605
-2056613759
-894302884
-48822594
1451779987
-409537602
-2079854928
389475985
233440245
-2001896139
1113499331
-1371346528
1742869581
-497674299
1192726351
309361596
-1663140909
1957660525
-1132693941
-129533582
-1072442743
1469772560
1767855708
2105487725
1695014101
-1299200392
-418305398
658130968
1502832719
121450652
-565851850
-156096121
828678620
1674494501
-1369048501
-150129257
-16238341
-889327570
-47170380
1965623891
537977950
846364491
-979636467
181702809
190454716
1871715020
1274662812
1351331580
1121721061
-672162749
-846723198
226543340
-481000938
-1851340990
845100333
735993876
1550329742
-395739799
-1929303536
1089316355
152563297
331067039
-769044586
-1267426290
598455947
-803501666
688514899
979970931
-1227638201
-444616523
790665852
-2075889727
418507937
419264201
-293598055
-1911298697
1669475658
1109878940
1762878840
1562140395
-2135857749
-17521071
171705956
884794221
1906369340
1057345839
158916247
1618861228
-1982561515
287609252
2143949548
-1977928105
-1927314748
-2144929395
1299901656
-568437753
-28505503
523257524
-903396197
-611909285
-352402464
752667034
-462366030
-783237020
504173478
-109120395
-718515057
-1584129468
-1302739362
-898640261
-770387829
735696401
1841252364
-1680504991
1771062555
-1456457218
1406384225
2003191582
50208577
-1695499588
1406693457
836195828
-1196633018
-1557742307
2040777954
504547504
-1456842075
-1989259781
1474057031
88071471
1886305866
-886311849
-2017885651
-1721920732
-1516289028
-1066597948
-1192237997
-840463079
-1558458346
-1714289403
1488140384
1928953267
460293245
769344245
-636304912
199599417
-640103987
-1089906265
27334639
-696835242
-945014827
113406413
-1281752022
207692062
-602336955
-183590307
-338802653
-1863837874
-519223643
-1320916367
314989348
-102583081
291648649
-1779931794
-2130020970
2030315933
291148035
-1601069720
-242254446
-516302469
-435340200
1070997445
-64116552
1745009546
-1847596811
-1822836705
-1711347905
-465114717
1190121123
1062401391
-1395626931
-6675423
-1820992263
1937300839
-1716263031
-331592213
454500626
-410127842
577913837
-707320655
-504802688
1810066930
-1016397856
220772724
-1644250240
2088360361
1082684035
1136553292
567013486
-1475190567
-1650290101
1960605285
-1611855237
-740915062
841945295
-1429174
519526812
-1770902503
-1497964574
796639845
-44056123
1557521502
-1854508060
-493499450
1632450391
1972780305
-938518699
1146108707
296881878
-801219479
-611916886
-1396083681
-1535241250
1781727493
725037923
-1381279025
-2073650345
1697446415
2014617949
1889010297
-555678489
1512078750
1694198116
1995179166
-1816174680
148439388
803094028
1151386682
983967258
1323792744
-1813518400
-604430007
-359840421
-1040506499
-349224677
1095196813
-1007819883
815477843
-1598151562
-1648145522
576821686
448410949
-157212991
1649659106
-1785785242
1073852467
1220475798
-543191890
1317752885
641700777
-644579701
-873705108
-40508140
-716404416
-85860921
-913495826
1334449415
2035609668
-14888489
505126305
1774555671
-1897636201
-632074558
-608666602
971059084
934136788
257440346
-162206530
-341380517
1242090166
1775547348
1473046005
-831245091
700347579
-596787045
2057845313
-890383934
-179901436
2094494304
1692911322
-573076924
-1455253633
866900597
-828864915
-331408482
-1962377913
208494171
-1690399716
1933490111
349527882
-1199488615
-1647957303
-912140997
1220378155
2003335375
1959382164
-822965631
1698506346
743053834
2095005345
1495590995
-2057147454
-2042364328
-1199082210
-1955002510
1900852946
724265119
-1115157628
-2054963816
1617234175
1152435626
1445332252
-1009177174
1736186520
1937168772
1982697924
-875321555
-534137030
1675554313
1344985842
-1264285446
110820469
1112594105
-353100551
679746349
-38576465
1641995727
1122341003
481334371
691968072
764604049
959703166
-1120158173
-1993349378
598970601
-826120237
-1784025956
1238186899
673483317
590730227
-2141438576
-915718227
149960539
-1395800262
938168976
-1085712900
189002783
505554873
-701040023
912980129
-1057283144
2088420919
541228510
-1791092274
343518879
1347643769
725386134
-1246467415
1397754282
1778305475
-645087400
191868021
1160780377
41894046
-2052005771
1291808755
-581202832
-1529597734
1062564740
-63903995
1982426309
577202902
-1934709932
1448586389
-2117460645
1043730686
702563614
-1568627020
1045296814
-637222764
-1316815878
-554801403
-429643184
1873216179
390676372
2068884828
-2121483596
-362919535
-5496289
2027681
1725013065
2044001796
279228808
1201148410
-1714924598
1836998983
-1761267729
-1335386583
-740383276
1147946749
1028185938
-2028781262
-1861604424
-549983371
-85437301
-1067888576
807133586
-1481938386
-240417412
500403656
-780795494
-793929570
810681991
1975487470
1542701241
-792049361
-1971508412
956322088
79151199
1993161353
474938989
2105746208
210717075
-2105133290
267142429
-244605985
-1713003189
1479616706
-1287716551
-1157010137
-1172036099
191177986
1882859310
-1663273441
-1911507339
-1155943144
1354136284
-770568395
1803944425
-1417552236
470534097
959492159
-1593996982
410038301
-16193350
643126499
1712667100
-873245071
-232762859
-558349511
348084488
-989266519
-1933175765
1919228078
-765142672
-635370815
-1286109123
-1318305493
1949265220
915159384
229907709
93469813
1462888915
-778679885
-1422789057
1524848086
-1585786780
-976721145
-871345168
785953277
-2054811577
2133261815
-734727098
-1322920158
-1690282458
-1806709925
-1105140423
1494487917
-1306559328
1349970754
-2099480271
-792500840
-67571176
1201444922
1264669440
-486618158
-2122831927
322335438
-1929069295
-1697899290
883187229
-1607796401
-1949057054
-876752996
-49913281
1604728791
-151671889
965694559
-386658066
-1891961718
859900271
-486873825
-2121223532
-1976312801
1786390275
155316088
-1603369834
1378644638
158446253
1238334740
934216685
-532558742
531438014
65945165
893701365
1185371010
665427603
-1207821547
282272901
-1536418557
1785092545
-1706070503
114589247
-1627286799
854629007
660098596
1953666088
-1227065802
-764323164
-1250260543
-82844806
-627737367
1911666945
1023359268
-500456775
377426132
2012721200
2004290122
-951679741
-369495504
-327451715
122465119
-822092116
1881850546
-2000068379
858322783
-838336758
860798154
-1175794035
1817889022
-318909556
-1056040151
-1234368395
-30500916
488318993
1057944708
1124782509
-197114988
-571205514
-1443655784
-266220985
831762949
-1144813711
-1306823827
-2093779891
1877418644
185052828
1898887133
524096501
679238816
-2033247276
1575967319
1135664915
1539578838
-62410812
-649815328
1200500686
-1909891370
1294365116
-1674533541
-474108266
-1007649770
345525447
-492762359
951166805
-1762123513
-1126626821
-552677294
2124021220
-580345995
126819346
1189810885
-260147776
-1841287885
-169865159
1545702236
680083709
2121333238
-1206208472
-53841660
-369685894
1563443073
1158766962
-71729315
-1967067307
509849602
1880075805
1529882046
-681043039
1628235451
-1627594123
1121264251
1569848918
191413989
-1980449763
-2089546135
-1314961272
-244140848
-273799578
-1037329246
525806556
316323150
-1213702173
-1848012155
-1721529290
293470034
965502268
-1325417472
-302901065
-279315501
163165506
-1269997551
-1013350426
-520474634
-892157372
-1095960183
-1746848980
1842392427
-1131502432
-1351731182
-1950519931
888841494
-2040864100
-769618572
-784830092
1625882610
-1716428426
-1976382701
-744672713
696197682
1504957369
1655739323
-133768132
683162792
1826568401
280929696
175894739
-872034198
2143240673
1375944863
-84743900
-895465294
-1515016236
-1623708470
-1861643166
1496108806
474939058
-1292360413
-1005083328
1403633048
-1073548748
766618278
-1294458204
-372943889
310171545
-1245346932
23900058
-2049404475
1985122490
-428381490
423157387
-705012685
-1263092644
96187367
1128465325
-1623371509
317165509
-1470830882
1856715453
-2022904700
314127761
1096849539
815829996
1606739228
1835451845
-1230830856
-448291818
-311959110
921840420
-640343438
8696889
1359539730
1141672385
-2127472063
1976560676
1217220941
-1710884139
-1833507315
2120176750
-1180521752
-1461931566
-564356255
-128975959
-1918928421
1886445239
267370349
-1622865192
-1815973378
744743334
1239676167
-1434995427
826753960
998155187
1529186035
346681014
1426962841
1222912254
-1152413085
1394155306
-923119335
873639939
247190976
1487749822
1409658976
1376186928
1861887914
-176935122
-1889362120
-1157998153
-526788035
1732243353
494429664
-697417563
-1928360298
-231052356
-2065058253
-138179277
-1691992939
-1229992349
448693001
-239124644
-233671965
-2022416613
-1756796451
877773743
791352118
157401900
2143785648
-2030035098
2092633811
-609035835
-180082132
1353402806
1838409556
1640277881
-1774790133
-1134344600
759232427
607519978
1978065849
-541534808
607635814
-1194916669
554877240
1524223260
308410932
16008427
-990482365
452030008
-853445209
374972150
-1027028042
-452506160
2025326395
-592778273
-664103124
-533946130
-1140356970
1388891892
92807401
1383138021
288370705
-94192623
219717114
1511327909
-1176059018
385264912
-466312038
1560425809
-877350133
-586007937
720333016
-923458546
1257267407
-1463809132
2020908917
943717150
-212068349
-515387043
2070358802
517504044
1866365163
-1340718789
-1063585910
1522943464
-1313907499
872792720
252094364
-952427818
-1962903974
1754776503
1181743309
-1142406813
2128163299
-851842508
1226834316
-4107975
1192335982
-1565421012
-837112426
-2003959341
751847058
-1216655081
-886629220
-1666068909
-1490316864
-1902940237
447530786
-609647981
734963147
-1174958277
-482112087
-248773255
1193744553
-1971261992
1142101520
2010969231
1588077179
1824128600
-1275061450
-665525038
-1392726070
357123869
275550948
-651404087
1439814675
-625558441
1698287082
-1980507175
-512270203
-1796208267
1091171975
919896791
271360776
407076312
-793734899
-96849442
231444865
-657420087
-912792891
916533091
1894049108
-1612173139
1188782863
28224646
