-1642550529
-1753601873
1335317645
-756857185
445804927
1451709822
1889603708
1990059725
339728419
-819579412
-2055074476
-1371784421
-568857184
930598988
1048444636
763275279
-210980814
-2046553770
-2135427538
288483064
701151883
-1404459001
53598673
1212620410
670190600
-1542112315
2026031879
305561417
1264328742
-1181523771
1065225314
157837619
636471603
-1654460751
-1551286883
295525476
-977763768
-2044486268
-1543896920
-754107675
331394166
1247218872
-247440380
528129637
1158376254
-1876387677
1059352145
-1359002052
-869854138
1259512350
-2051848412
1260577196
-1706400182
-174183321
98564382
-2145535383
664386384
-1578896056
-983877319
-901971109
2052106783
-599495816
980754277
2021052321
-1084241167
-750901440
1644289107
-241699367
1943376743
-1952396959
-546080625
-11115618
1214545340
-2083232716
-806883116
1312204113
-288886979
-640953581
-183745637
-1965316580
-1226010120
1069196279
-240499724
-918295500
249042355
571307874
-1195358823
283628893
-1751675872
-810681729
-1772161472
-1512007757
37409869
445243271
-2139424719
-1686631770
1834404193
1139177573
-1700457961
1409121349
-1662048123
-2071930980
326436890
1018959552
1866752543
-1508598936
446722604
-2018272729
537971269
-522074333
-1804065886
394030712
-1266426768
376196842
672921607
-1060351529
-1274968465
154548608
710809901
1889609503
-1214861665
-237011855
-447999356
1919658137
1802725721
-886770054
-1796913746
-957611254
500076970
-2115359704
-1175743406
1192140018
-1667385015
1796188862
-986426577
-1103655405
-624450619
-1601030821
-1783833996
-1857058001
-47791874
1082990684
1655129935
1137527318
454318805
-1384349954
-667335996
-702373409
881617447
1975650120
-574627393
-1314591883
-595245322
725209127
-2076642709
-2122553771
-2011846679
1356484058
1414744772
-560028267
-1112103690
1580019856
-669193109
1117014311
-627658403
1428490574
323948984
-99973281
1506656471
1353570582
1151694869
1094011570
2039614479
-141234619
-206603383
-921770049
2022713425
-1303989188
-27338861
1506717587
411068032
-1733863101
696328505
1556079144
1983819085
573927081
344870495
-768162513
-364297563
-202119377
1560796764
-1611013361
-1981925269
-1752492123
222918602
-2058242516
3567719
1004969429
258281373
743523436
-69702787
-1013952096
-2085491338
1477340918
-185837535
-1503222681
1565991225
-1381434820
-232909814
2102334124
714030556
-429157829
1899042085
1164676088
736914818
-1136505087
842362316
2137257214
-490655032
-1149862545
1200382007
-1530714112
-1404867747
2102898752
484324658
58267505
1245997015
326524233
-1156953584
-863373605
-323867451
-1969976574
842369503
286035458
1170419968
464867908
78300636
-166192566
-554750650
-1728300972
-1601986263
-1486593451
-1947414264
-543578849
1380451261
2003099632
-736792446
403831239
-1155708773
1154622511
655163404
-1761539234
1224579910
656595413
-258084688
-1974204944
-1174194061
-1347941894
916308475
-703595578
-1940224512
-1038711065
-2086118120
-1470389015
-836159964
1333895492
-137523942
854004452
-353900056
-1469478028
2116888728
2016697550
1770981078
-675147968
1093910654
1374717831
-1748061201
-1610843726
2146625570
1656499777
-1785384479
2120868163
724396693
-306729150
1218839161
653863480
291569979
-115416857
1429705558
2091281736
-1818468450
1534890731
632578015
1210557570
-1433819010
-1933680663
1545059958
549241453
-1996316628
1106613023
976080109
-792225936
419770391
-199612812
-696176584
1261578612
1848905639
-1276044101
2033752932
1039163847
-1351047607
-678970311
-1714335289
-883673789
-719815990
-1530303132
2076383353
-1246123345
1793180648
-1462877715
-672314622
-1316854940
-1539838426
-1193515007
-764147884
-424768973
-486397216
-118026806
1538237691
1473989765
403397790
-931563205
641723282
-1236450876
1820587180
937777165
1735900281
-1808833286
-1773431319
133663748
1768760260
1033209014
1286705375
159840118
-1975188363
1079725366
381193492
-1411052019
168874990
-1327017790
1071313823
1152396747
587733152
141275733
437448445
209978446
1850646536
1991530115
-591260635
1609860181
-720134180
942456470
-985528103
-1073467518
31798913
-557452807
-1867990210
-1995523999
-472449345
336009689
-1142948178
-550682456
-1009669449
-1575374071
148480461
-475416640
1196218899
592214565
-1029287462
-1402266237
-1844207745
-1852410374
-540614841
1956425031
1304914265
-1269447643
125089674
560870683
1759265188
-1608774663
1293396021
250355024
-888891071
-854279259
703348548
2077353018
1773277792
-1028689002
1765760181
807539255
666107443
-1392819174
-992425634
-1116018192
-967605788
-138043067
1316480762
433019103
534288073
-10866408
1172491652
966781968
-1704830506
619632606
37317064
-1639461589
-1582277038
-543578407
1447260470
-1280439375
1445066702
1617203486
-1685504264
116110980
168537937
-621999427
-193663417
1232832941
-1680713768
-1438910940
-1950726662
848311385
-297896451
761562052
-1541846689
1585085221
1483861749
255780852
1215857230
-1965507941
-1089129793
-1837233386
-963553158
31297019
1878021529
-1381132297
-684062198
-1215062467
-747123530
597167227
1140726119
-706683562
-1944337874
443199609
-479247273
124498362
-727436234
-387475740
698767435
1386796578
2094224272
861146410
437024756
1568731534
422237508
-204202784
-939874789
1533619085
524823440
-2117467234
2118560178
330973372
924244508
333104423
665952037
-2134516853
-245933711
-291030067
1285409525
-1444793017
-118735444
2036026131
1656127880
-140491949
1296471150
-1356130157
-896649158
1239479481
-328880618
-470782174
-1964764233
1069695969
-915552718
10006577
310609803
564469919
-182698190
1278605174
1304812282
-1306954126
1586980190
2123125962
-2065258740
1401803530
-1467814647
1394491476
1910088172
-1300991734
-954097658
-1639338777
140594034
-966284529
-1142952357
590961833
-1626648834
217324273
2774580
528767988
-1397707129
1850665288
2016270106
-628111744
-1587213581
463671601
-179313564
291846849
-1801347672
-1073177518
-82933011
99786637
2049816418
-1394271462
651214343
1624121345
1158666311
-526066355
121241518
820216229
552580408
1202761407
-1995188224
-1021429554
-1744650647
-881058721
1242746860
259383107
-886965453
1455719799
-203168983
922284323
-1673441496
416906545
1196072298
1372320773
-294814617
-129286052
921130703
1121021025
-1695058126
1206141808
-1900002402
-1022278355
-154607939
-1415635761
1344228146
-1891856949
1447472968
1855606605
2080496179
-267079134
-689667729
-618678030
1349985287
2034995465
1423698624
-85087746
-2112059513
870585580
782291854
1280043052
833555189
-1083100503
-1209739772
-1068031429
-240901330
-1291095365
-1064764804
-728655959
1076574747
2041800857
-1442945775
-445646655
974956653
-2141602720
1418446962
1300611800
-1032710519
606841519
-285822471
1701092562
-483428161
-531816751
-210959621
-1485408277
929241794
-1592276191
2105289569
-1051559756
-581538220
1653138346
-1683424905
629730394
-613379776
-1107468531
1427378947
769838638
1424408205
1391911335
767847321
1121296736
610672368
-173951246
-202224594
28615438
-442127230
-696877780
1396883434
2083821693
-1970922062
-556243147
-376669631
1768406437
-397341828
-516212547
-1866692028
1051432946
1158137562
-160800610
67268403
1851437384
-1765437061
389862789
-1999609257
-2035253432
-1757401678
949459160
2142628366
762182353
-290653776
-1856306221
-1293415897
1353821129
-352318986
1291141876
1907074415
-1285673699
-1914833148
1947640729
1846273164
-678007547
1005605462
-576022554
1586476552
1418145164
1054340752
1057133804
1698610096
-1037465265
1190635255
290336519
-1854457569
2116190340
-1895517661
-1102178169
-1340352619
-861941186
-2014147598
82175633
1320768268
-279796242
-1817603392
-1844789177
-139369331
799852845
1330148308
-1848943578
1887010239
9274807
-172825828
1359998896
751905216
47666106
539466269
-1586039478
1404905271
540535889
2009256484
1738402918
173117353
469794890
393326017
-814516252
1042718732
-209447121
1831748981
-199065931
-1292306791
2051955332
1386433450
536621761
-1917888026
-1696247476
64060387
247538187
940399923
518836178
759187763
537376273
352024067
1907007397
-706314253
444646776
-1161668882
1381409763
-1299263826
-641655832
2139061
1083342266
-196646304
-113173451
671044247
-1189579476
-794082848
-1498292034
2130333410
1130998289
2093380761
1037663770
1127755980
1195364706
-1321271168
253643760
996482690
-1845034317
-611984575
-1039968219
-766367103
367548929
459532987
-1806276547
1392231205
1966502318
158961838
1475489018
1104086911
