-1608839848
-671127060
1282996276
1496303731
-1106005139
-1119118121
1284129098
682945936
1644249635
-1281867383
601970701
662749680
632208509
-1407690479
227151633
-1430992324
-1816863524
-1231982085
-2093862425
38626092
-1918025016
-1460388674
561050238
1745038617
222574832
1334145913
-1689433914
-861987633
1938970479
1283524830
1876437141
490620328
-1862826416
-28519826
1922675150
205500629
994387028
49226214
1641987775
-1167600130
-1331866126
1104216569
-1629063989
-1586853618
2001322142
-1055192514
1774566216
-1027247801
-1238616498
494337643
-1345274710
-1713218148
-1164962503
-521163581
-709306912
2014972479
525033441
-2092187699
-527460354
1772432247
-1433743021
-623413434
-792346597
1158861239
-611028563
-1420002217
-498644612
548961004
1820356321
-1052359414
323223025
-1140759274
-442483273
1139063546
-767154049
-355994086
893929240
983963978
-365998530
1211976917
-13589112
1899771351
-1177742972
1116753780
-1226459404
892381617
-348740797
1640418050
1359578797
-944862010
1195730607
-934250430
1672696756
-1216366368
-511595741
-1408960066
1867167543
-995702832
-888758203
-1749342433
51392347
-2211605
1030678631
-373737025
-883092932
-807884363
-468882128
1327672956
-540988111
-1683722788
-1748215173
427946191
-322661292
2018628199
-1287232642
-1227283684
-327653823
1059612719
-1488144849
1602656330
-496400356
1956426125
-565296926
486462102
-1758159399
-301076652
1564159542
-1708713052
1042989751
-396408575
617200434
121178583
-1469397492
1929298993
-1129329750
-1597471007
-1798639544
-1793081517
-843652889
-787797091
1999344691
1024844701
1707497094
890832155
-326438791
-417807805
-1134949984
718018300
-273210008
2022150374
-1130770901
-1603981568
-1123859721
1111996746
-1901570401
846323165
1714467593
-1622134708
168194524
-807884462
588153843
-1893808110
-1051606198
212716410
-211527877
-839650941
-227255999
-2084301979
-1277757278
-914054918
2009908651
2048047844
634446181
-543602123
623680744
-817740380
-363254850
1074538387
822443761
-515916419
627554992
-1274527618
888868543
-1227431924
-2098357756
1150149413
1670544365
-1404497538
78961294
156796270
555647644
903882926
950759092
1250771243
-1232009834
-1529255822
-564081872
39346059
868853429
1408645682
1085689876
-753686574
1317732741
801471929
-1975599602
-906599092
-2118751192
1016169039
-1882637331
283859071
1879597690
-435421945
693678180
-1019738209
-2071068812
2089979988
1854960652
-479976890
-1951520555
242989282
-2069127249
1552346212
2576638
-1568328797
564427459
-1593056141
-1576209635
-394645209
1048956467
-329312017
-1596052082
2142825008
1916280677
788848901
-813621635
-1918604923
582555512
-190321526
-2021333297
831037190
-1261724979
216260398
-1161398462
1833177088
1980978377
-918426896
1169329106
-345261886
-2089370664
1346379220
-1826522786
164819824
30331316
-577546540
-1552961141
866809878
-1046731802
106894867
1161830632
-1375286785
-1142108020
-333603752
-444347565
-439376313
-1491627171
363204025
-1875621222
1142900655
1504452330
-1033532522
837096292
-684616784
-2126952922
-2084865591
-1373002670
1466991826
-846349784
-1162321125
504169312
1798071869
-1876926418
-125685511
1454976401
-1922845552
-1365670939
-728257945
1764973771
-1108887567
-414815770
1901620787
-84129793
-1872221340
-892008828
-338305938
1655816588
1304528224
-2142380860
1531224856
1036081125
2089727391
-1289860692
-978460134
-2095981456
884501557
-1083850816
-1241900424
-729549647
1523138020
-488851767
-1973461818
1283987879
342833582
-2133568552
1960798939
806005110
487113642
1111100810
-921059132
-1646465211
-794572517
1736102028
243316987
-2050210455
-625761858
634742881
1396719577
1090958786
355676770
-1939591070
236440136
360627301
-1037163330
-1692249850
324043708
-1527377797
1845839998
-542044829
-2045515933
-797862040
1366258078
-991566604
-2097792870
1616307759
1752786939
-2089644644
1976274595
-627706604
-321078233
1199835627
-1961531499
1363667330
-819030660
692477855
-1883113837
-1219093969
-656093837
1225699948
1742053696
-330649219
-1841238986
63293183
1361731697
1453232675
-267003277
1430860352
-1577584604
-1829871092
1465277554
756660439
110312113
-1598365826
749185641
-1978555662
1308740415
-1728650113
-32196081
2084964420
753079161
-1847083917
1102318958
-857581488
-1996070784
-184373239
-1629807875
-1560435994
-1726915806
1891429208
228041453
1851614446
-1709617332
2012291652
-1428650557
370269539
-196806979
751867686
-1540034522
-1928057182
917748476
-863279188
-572919815
-1295069211
1698865804
2100708348
219399852
-1124265207
664165725
1865544735
-1553363761
1272365719
-1286265724
-390377571
-1768490265
-179758079
-218996434
1133546339
1780050821
1213114923
-904311086
2080571885
-859673965
-1970551763
1071844517
1822087584
554919409
1215149143
1222103635
-1813762697
-1219800256
124177268
1585593323
-1856791582
-985112836
1388438611
-1286151910
-861249558
-1247024
170662786
-1088312421
-954181480
1960366373
1706803036
-313679634
-652434793
121347067
-366494650
712184647
-257185768
-124736260
1767049525
-454857271
-1100231947
-1150304050
-880551822
1000935411
2123894041
345016232
1691783329
-1276842918
-1268098274
971228455
-185019905
-186982760
629497143
981342562
-1925641238
177794180
-1280314801
-516044997
-1363450202
1161094818
1261091186
1758858232
946668893
1784617949
-1920316052
2139085841
-1369775001
-4189069
-1568205137
473504075
44160972
-1853716432
1138612089
-1267165691
394358278
281674718
-1385540042
953055697
2054404874
2095706619
962054690
1984813894
1707626377
-1221068116
-1613173198
-1156209901
2036392051
-1886392590
-1131160012
-484701097
672293564
642691866
1879843380
-792635856
-434790559
-1024664454
1662487586
803437201
1377731501
1001977433
-1273967695
-1284112807
-27151944
1052549678
-1555768191
-1841418592
222565680
-455670003
1279701631
1082482515
1860730971
1506427998
514246796
2006449922
1569428827
1705040847
-1069386404
-771648520
1860075444
-794081653
406399648
971175564
-1533722101
-224056917
-1579941273
1321295030
-832201680
-225124883
-1534181695
-956167452
134204766
-152093021
1077125029
-1070612978
1717221057
-1615531027
1005826836
1566843655
88154679
-304239574
1939309437
-33493226
-1599721126
934869163
2029602915
-1786155579
153303230
-265043543
1337195836
690395128
-530478217
40666489
-134544740
1835862080
-1252590883
-219162883
434646418
-1063427983
1768165010
798609245
2123426130
-267586447
-1697695548
1034970871
-166113516
334351954
118000303
1184229779
-871999430
1619681187
-1814712987
-843974181
1535020728
-1199934461
440279761
-1054681079
-1237655632
-2053359370
-1794370824
833609697
-1998621605
1878355707
-415880830
-1735298590
-2138131152
-816965667
-1060419719
-365839432
-569976002
-1617480119
-213840561
-1085467660
-1396919331
-1773833568
-997031643
-2129666818
913078917
284211470
61625674
-600104119
-540807939
-1593367333
209228545
1513646793
525794743
913493249
-692867705
546856866
-683489158
1895253501
617693523
-1224778207
167292225
-1761284887
-2686049
-1136785937
-706366109
-1777512502
-1233607129
-2071769981
1749591795
1430603559
1764209456
1199096536
1607166569
1836487898
-428431925
1425080928
-107305343
4987945
-614546854
1960539447
-1711229342
1017186072
-2048101549
1387261339
1782013443
-49517320
-1764872637
-2135441252
578150602
-1888989629
1803429142
331438095
-814260619
-525600341
2004830100
522612680
-1072719299
492777072
-2085988050
-220433913
2015531064
91000817
1460674299
482977586
-592085762
1064255110
-1581127172
-82760508
-15320177
2097195404
1596064167
-2118981755
1434459508
742977216
-546196829
-2114198277
-1938579165
1147493072
-949287473
-921247712
-815224153
-950149329
1695572872
1137958228
-1210506624
1184600360
180135723
-1413934700
1763450567
-882932170
-920492328
870222060
-1939342698
1289396626
-158239879
238633002
1423179686
2122065676
-775564030
991012308
-979859912
1947608862
418629370
-542329253
-1621708999
-338421699
1190689081
-840030321
2048859296
552677746
-120612622
405624662
729893914
-756983255
-1326848525
-1713507944
274954217
-1267154103
889280555
-1840742019
-1275256311
449543556
1372297580
-1986108966
-2041795180
1967104239
515102578
762822888
1996663398
-1662920235
1724985892
125938486
-865880316
968191687
-1545647591
-2096279072
172760249
-2034887689
-1068321955
-1282342911
848202241
1641226182
1727746164
2050913125
-1214673109
1771107482
222484894
-1160147837
-1427783367
-1753828363
-1321855908
859146665
-1402427638
1245417154
-898924749
-1670495879
-177810246
-1643624718
-2067630673
341184659
969005385
-1453935033
-1574825814
1877503635
-1652235654
859991663
1963935437
1075600957
1530739453
-1984248236
761663831
-1334760201
282724047
-1539839822
318347549
1564685687
-1096752671
-275138583
1939582929
647862716
-59030281
1123064596
-1421076090
1712924737
-1883581229
811436121
978610803
-894967696
-1934557294
1513611394
-836928266
657443412
1582861397
-1333989428
853001180
1607406995
555090211
-1770641409
-1780482849
818852762
-1904344307
1505781694
1465780079
417849625
-2057366382
464511776
-315366475
1104433842
-448899515
699498878
1445928404
-848824084
-984797780
-1442593650
584001905
-1645310099
-287836565
-1255240528
-1122537099
628517736
1082925474
1128418952
-217309167
1414872404
754345874
1667009996
-1276845310
-1429554722
-1182797946
-1116163746
-823054315
930111007
909873648
1869710493
2027802093
-614153455
-1203595055
-1886848521
-1866226428
689189951
846373470
1980826306
2120490223
845643195
-1051424288
-299265972
-25720347
1782392149
1762556635
1882526256
-46764415
-1700756727
-1916693902
15074795
1921947078
-797610824
-371870967
-2099418194
184633700
-444176101
-1464046036
-1879362444
-1002952647
508468724
-1310840658
-134283945
-919445222
-1330123387
-1796023019
220769311
264525266
1066989382
289022005
174965020
205515370
-1689915439
-501461990
1121022517
1354499242
-717061087
2147022123
-340073664
-271188000
-883803141
1770327435
1174802323
-684713761
1342705579
-2091033918
-1874773798
681317962
-1949489933
1050157468
-2125336790
-2112769774
-731781312
-1100272559
1524237910
-2004582084
962326303
-1096184091
-815395711
1353020135
1163291886
-886125103
-1225517580
383256461
-860747050
-1853666589
-1510280655
1298392968
521959928
73407586
218570312
1366263768
266804966
1517728373
1115949160
215541795
1035440468
-113054012
1117616312
-1462915844
-208411890
1341428319
-1550961817
-78374297
1190650413
-538499618
611198977
218804892
-2017473915
-303185974
-622607868
2088533259
847780449
-64336581
-1371459917
1841576352
-739672462
2105426114
-305157079
1880687688
1441990915
-1675834488
563623344
1669541042
682895473
983893175
169484627
127944282
1842024666
-55794920
1096123057
-716589886
-1929147116
1997155580
1335387923
-127846398
1482517217
599245408
-707051839
1362836867
-1752107424
924181835
-815134831
-27854585
-1717880635
2129126523
-765653824
-74413589
1564667468
1826212928
-1422045180
1408872624
1260545898
-520486490
291368929
1800001719
466733381
579791833
1882529595
1000241739
-829398682
1230196677
-1550548436
-2007951131
-276627283
-1666563588
-498465769
-147299926
1938329989
-1140469027
430930685
-2097271241
839212375
-1177954063
1849732110
-1819512927
1176024387
1386642840
112493955
1227834807
397931021
-1661177884
1636802986
-1138047351
1701117781
-1734942268
905144130
1902590510
-1075452405
-47860891
-657564920
1707003584
-1782183392
933523668
-1261996399
1889798315
868290433
1249969639
243767386
2089317159
1019386432
-199275427
-576626403
333403394
-1088070124
965007428
1435046501
-317690462
-1735446269
-104159590
118702692
-1570046390
-1519446691
682136119
-1828030204
1298768796
-805474580
-2058833175
1457064507
-1029979298
1944967016
1154419424
2118500771
630297216
1795507760
132392524
2115449673
913569629
448692023
1180143940
1146799556
1438764097
-548274884
-36091927
-783693431
-901757397
-2078946499
521635019
1889022334
1640268755
528285997
-780103285
1134411980
1532528878
-1723475996
-138510912
579060217
2023631279
-2032105386
1341972510
1252956981
-1317623151
-2079823353
1768359381
-1405365261
-400680877
254543038
1716466742
-1797103685
22387780
-2116548232
-162144100
-1391705538
1277710528
2015651487
401736329
-908205910
1401575930
-832443525
1663689743
-1655663553
835340026
-314954008
-497150864
1103843874
-1228341527
22719817
-1208065784
-1979876239
376225420
-1075883588
186316907
-1116917609
419949070
-1153442161
1598168010
1869326048
-1548437759
13035761
-1472396646
-1372096689
-550309210
-1546626068
239391862
1010685871
-924489620
494450322
-1921852092
-1964431641
-681530186
-1941603978
-507682921
108812690
-623554591
719484766
-1442535084
39853007
-306463355
-23659210
1590316695
1715453012
868764666
819004742
-832131369
-1683934007
546455581
-1571559001
-684775353
981787475
-457127597
-1652864525
1111596415
2001652078
-1942144563
-1495656389
97530203
1443128319
-367395059
59310397
236084515
1946644649
198319785
-772365354
-1766931220
-1289276322
-42124465
1748978613
1573088829
-328788167
-674208248
-382131375
-1276625676
-680351349
-1887158336
-1296232164
-337520022
-1566284237
-1069732091
-343690248
-1619432747
378419
-1415926257
1081160426
-145771282
855931263
467596544
-140389363
-674717741
-1979590378
-1997503380
1043631816
-543806675
-1818302890
1250645018
-873460413
1127761301
-889689204
1401924108
682742038
641279283
-1121185334
-1262953028
-2107740349
1698956968
918061053
1223068584
-1039853722
1034843693
-1781016770
-2033779440
-1957176790
-1377138948
1091903592
-1688614914
-574790913
1088068846
-1672315158
44952454
-245884663
-1973048219
-478200611
-1330713521
-1616258213
1748309099
-1634073512
654882129
-1640313756
-59541733
260889091
929186015
756867241
-738839489
-46813974
-1767158296
-1299372876
598829626
-1597534317
1060742521
1536093771
217096488
-1730285999
540456069
-26448667
1389134915
-1856219430
-106529304
-1697952423
1878543752
-1916099305
22882473
1388012760
8898457
1317447995
113815167
873502493
-1845949979
1294048023
97021590
-1330091038
584798981
181464747
1009035410
-87095403
-1927371415
2050973183
-304864300
1430158155
1219365427
-712754124
-1570863365
-1225875467
296787554
785671637
495854509
1010495697
350998067
266429042
-7587178
-473491166
126051011
-300905617
1890515888
2238754
-1812314632
-1845670887
-1544501563
-634149321
-2027872094
-1672032519
880570417
-395515291
1120810716
1918545005
1462930924
527206148
-200530248
1177775731
-1261956921
-1855414606
-2061275878
-325386808
878620150
1569745546
196924644
1586383921
2105269454
-689676651
-1231473581
1424019479
-78943026
2114429312
-818078552
1632871769
1852241891
-1836790897
-122331126
1589471069
-567560985
2032869585
1199804842
1963792488
54292075
1305000597
1578099752
1069787695
442868149
-1311157220
1190136373
-1155204178
-1107949045
1057533583
422116728
1595564087
-1140974542
518176819
1955319733
2077098957
1980577329
-939842854
-475272660
1420279986
-1020557478
393770396
535781183
1070152254
1799091338
864527815
-383765930
-206548751
-2082374481
1392923411
-1762674170
931414988
1589109130
-1611480294
508264560
-33352996
2137495733
-1876748282
-126532121
71956246
-1575401241
-642990453
348522965
-435354774
676157303
1635796759
-903987746
360661777
-10466786
1783438920
142837573
-1217533654
-112393984
-754722658
-393301361
1361470852
-1714811667
1183122801
458407269
-689409347
133146083
-193610459
-997188930
-1407028853
1801979351
1427267227
1888851261
-876108455
-1006359628
-630509590
1096971223
-1409997291
-810857820
2147341902
565429432
-1374446776
-449091187
1364842848
-220138905
-1997466522
-1621756195
548251015
-771094745
640651879
-1602530166
1375519150
-329497952
-853928298
-1098604460
1586965559
-11016769
599476904
515587149
1098191662
-884188967
-651291121
-1581130854
-2019992639
166596630
-1831750512
-679798917
718318831
725340684
-1366285806
995479688
-2142637696
1444889770
1610543033
-517480388
1793099060
982443095
-1173367245
-163324233
700416319
-692729510
210213201
-2113994561
-1165435917
-1173889157
549916889
-525839865
27414463
-965774358
-304387430
1279446964
519388503
1261124960
1032321471
-345495780
1351482676
1422017156
-196270232
-657318704
173691967
-1813691761
-1835706250
828694492
-233963576
-1872001998
2120866982
-1015755444
-483423043
1746087606
1889483489
-1935251470
549383703
-393506459
1334406865
-462452633
990545559
-606995160
-113382473
1546455374
-1201759822
860886129
963803259
-483363873
965105609
-608914086
-261801724
1096642723
248838556
1198449166
1781233865
640090236
585146112
-1438364824
92932776
-935804440
-595598128
-604806695
-1739369994
-736573818
1832281633
1818955918
-629913386
1641200856
-1421108040
-1876916527
2040207310
327512649
-1970613056
-1062358098
318182039
-726142606
-345888841
-1284941862
138096179
-185876328
1761718953
928240080
638141509
1261831289
461077409
-1547564995
494778268
2097253192
-1376273829
1675761310
2113424912
1941439476
1779988542
1590403110
-793226351
338748848
-605897848
713551076
-1297130884
-1146565713
-734875189
815543589
-615568080
955009327
-433877609
-563953898
1313653985
-1987216967
220924792
1092989614
-73705045
-1297362522
825479714
-1078409270
-1719672854
2135552741
1795236330
528298649
-238123320
-1415214598
-1596356744
1804431929
1651051542
968980297
-1457683013
1350886818
992868704
127060116
558525212
-667858237
-1913250245
-1220196671
-1824995851
1421511658
557767648
102013920
191441988
-1934655640
-1997203970
-1971104403
-1859564901
-1892909708
196992203
-1081522479
-544838053
-616894385
1532437595
1139216430
-1683882207
-170442071
1165761845
1399115099
357538687
150786115
895353379
127807789
1496042734
2045623508
-1921290423
-1352757000
718636803
2011616560
-877816199
447980629
31712737
-1530011993
-555490107
-1358562012
-1345003537
426440875
-1132729003
1307737044
801693385
-56363851
-743658119
-208649247
-978685061
-1422210968
-2057732607
-1853688674
-257910292
1644068341
-418232884
1005660724
1872576408
-2123348287
1179369886
-1468822806
1170276737
-1110141883
-1506544329
898688166
443045223
-339584202
-1405871712
-408936781
-1119514058
96527589
-1905091385
-1238301757
-181498945
-1784229145
-507705778
665397304
-142887510
-764200712
-227879521
265449630
289538475
-1685851876
1397206339
-1779630980
-1164972812
-2103800313
-1079746700
-1213302452
-1050054422
1901301694
1737732080
-592109114
-1379546342
717864573
1750130447
-912986780
1552765038
559534043
203117079
789165090
-188432485
1629010475
-2051806001
155273862
1526122205
-607036891
425586769
551344607
-1430015770
1233407686
17724196
-478611247
-1064669933
1252994932
546489994
-662681584
-1398970655
642678884
-1306043115
-1727752342
-374808418
-1629484736
696125056
311875339
941081955
367096323
1808503995
769022204
463414849
-694072793
1147289159
-1510725908
-1511532871
-1778983422
1608470980
-286298061
-1395598223
1322745453
-1723330873
-1323543533
-348346843
-637133146
-1646610447
1641450560
872824283
1266969719
-887737796
1599454114
-1629820326
20629143
801883544
951149912
-242748452
-977357489
439603894
1065275392
-183271422
-1099576992
53973538
1985173813
-1879918329
2009924899
-1347473257
2065300824
-2061585352
320549874
1551162510
1171462035
1844235171
-767110202
-551380713
-666788325
-1314496754
1403942177
207219180
695819956
-584634325
1063040302
-86922045
1433796474
1032375816
-880855514
22524900
219858909
643089356
-609601036
-1967589894
1517778412
-316768608
-85408997
375154477
2016322519
-1392435478
-1775018025
1418317679
-308379218
327985344
-1712979070
857158165
-1808472209
1097942939
2070909497
-1479763286
425984830
-1829856950
1056703167
-361274624
-63100938
-1980222422
-914081120
-828160377
-1307869216
627039380
-927135591
-981412127
1386260417
1885937045
1309729079
1491477941
-140413415
-1137624860
1852195261
1372567490
1782674090
-1416519152
2016337226
882185527
616546870
1641183481
-1436944325
-597324990
1759545997
-807028864
2072417741
735507175
-691399994
1379600002
125328391
2056884498
-1470290996
-842568191
-610512426
1845584878
1620339996
-321170268
949541753
-1538887305
1156510156
1729397345
-1195992801
1046670158
-2069511730
-1168041352
-945419315
730807243
917341046
-253509470
1107305605
-1060548520
-930574023
-2597494
404627876
-808078084
-1929990218
-1449380228
-1027121525
553538870
-1898209286
1072909403
1861876098
45872652
-494530049
114308568
-620923944
-4932254
1779743606
-1702696736
809283662
-1219798385
1766823622
-1585043626
-1789463628
614442029
-1507357101
829063938
-2001876012
1016774448
-43051005
-757519160
934281359
-223468743
-612203267
-1718090980
1216344902
915279916
-2034300493
-1508142155
-594145157
10832127
2048115234
-439679872
-907659337
-1064753195
-1863829928
-2132469801
521747885
-2054004917
-1622662346
137674738
1557785759
-1490027248
1778158455
-994642531
1682384640
-36732486
909530352
523945515
-678227878
1871585752
1206842905
-1189098326
-1745788815
-1969978301
1432877003
-1058633129
-1720367959
-1824550471
-310751413
1082741332
-2069793884
323889579
166909062
2144058520
-2072815825
-227225515
122247326
890885158
1222406238
490056207
1137975461
-1284541311
791370228
-34842653
41011367
-833385890
-837284599
-1562212002
1673515757
91892635
-667071514
-2076485717
1838442368
458996335
-1878829261
-221200931
-19527701
1681819619
1906200915
1593819787
238304069
1897113985
1963258895
-1055578463
-923765138
-1033963958
1894415473
1976937845
-1273576296
-1502781716
-216993550
632967704
981070857
2057049396
-269015593
-1372979730
2092911390
480655041
1043866583
914330753
1929513362
1175842554
254268673
1749313681
-1453901312
-598653887
-929883172
1207201391
234788774
1921647720
2034743503
455262090
1637190763
-2091154333
-311778877
-1490402486
460163874
1834493759
1592373254
2046791964
-1099478512
1534320722
1002424434
-898211891
843620779
-950524748
1032905166
1335760411
1071322020
-1283391507
1989512563
-1929490295
-1627570648
-1932902417
1294198322
-457871245
1615970145
-2112951226
194906484
101222497
73026882
736918669
2087485091
1477786015
1387660676
1776189988
1932341449
-229943540
1638283755
738113823
2074467957
-933404366
358431949
1962980480
-1500306459
1924411287
1422848468
-1514169943
1918600033
-1872536750
-286054654
1042784011
-1673523228
425803488
-1679427083
-978566621
-1541759486
547266360
424856940
-887658329
-2091671803
-624471524
1297781513
-1618157316
1974995544
825652657
-689017512
241235434
1249507624
2117995857
-89919985
1108871570
-80947128
562763680
1872262295
-506434658
-667397036
-1771277859
-179474230
1219944122
1951097881
1532238970
-1715499522
1312391492
1024136500
-548424467
982977090
548670783
-456196360
2024683720
-1519403545
546022284
301432724
483812871
505124673
-698378661
1116219253
-1112388440
1454018222
525854430
678622953
977921409
-1473292585
-2047776193
-1968745980
795853389
-1125626570
-1355626028
-1430139193
2013276935
-1058509097
2067059345
1835549053
862207099
2111067490
1469827005
-835736728
-368059367
-1392279464
-1572426519
631238557
734696715
-107581797
1700051740
1120105004
1744876170
370560052
720401747
2146370947
-161797267
1731934288
-632090584
-1638872557
1387410178
-742234228
661266640
194700339
-1940421855
-2012371342
-155924662
453585989
1123201917
-270925758
2123155412
-313574122
1140535869
-655127052
-379369567
602834058
-931089974
-341266051
-1061150519
-766887304
1554784234
958349649
-1571946111
1405706707
-563054066
550660137
1311558283
280311817
-1870392601
-710394619
1399251183
-1115375953
-1624236738
880433012
-1006803221
405539677
1594724357
-908270573
-389378009
-1894700586
262387624
-140247726
-709327572
-206250900
-1504835416
1281313918
-1547793897
1647441570
-1911290005
-1140836614
-1895998327
-995455470
-394831539
1902058448
258931937
-657105519
-1897311494
412640616
2033014445
-866404720
1306171390
-2105379946
-1181320099
1960486085
-697524323
1443471833
1204578873
-799004663
200684255
-1387270687
1954120852
-177756029
1275672559
1044513361
2107786561
1676085510
1538875045
1361816006
1793051718
-433062984
-657948063
-672010728
-203012145
-427852557
-1839803110
-2043058209
-101357723
2001705071
-2147342410
-1440513480
1275088479
-685908832
1094771611
-1900693815
406698392
647700572
108693893
-2136340991
464014434
1885306560
2066270618
-996659292
201472185
1032301908
157911227
1314615174
309245627
1632571501
2098947868
1032897174
1457979223
-1458818606
1545837590
-1236928482
1861729860
-601129566
68500283
-810413240
126824245
991848820
-530630998
-111951645
-646751670
586377664
-2002275675
1499129191
360391625
-139634308
-766476704
-2112977098
538714893
800536586
1938408987
791714084
109737150
-1455726255
-1357557134
209021241
1640430658
351511592
523102451
1530705845
-523515790
-1686512901
1898684913
1947646547
-372404336
947317416
599213975
-394293294
1451521657
76041130
-605285825
-2032146512
1608357654
-1718451848
-68659708
-829824456
765065752
1471751215
-196938347
-682267457
-176752668
-375693202
-1964724660
821009961
516371658
1996362112
-1843293826
1831131058
-366826371
1543166400
1809858324
-1901744661
-867729217
2052971833
727823706
1598217729
380403547
-1185807732
1041615382
765252421
-85879976
-1894392298
-1776967460
-687374105
787060075
1869720401
1352577697
-2027187195
-344182867
1112078459
-2055325043
-1208335900
282445965
237561972
721820692
-1172752772
-1901680377
1700671212
-232679865
742418233
-955133419
-550753603
1890670694
257674751
1321153894
-1670331756
1924910010
-1579200401
-603175603
227993559
-2038978911
1859868520
1486950395
-1854676030
-922477334
1497684688
979327473
533320403
855851362
969663892
-1643877457
-1192496536
-1971295057
-2117610004
506300081
1554490533
735427931
1618009571
1207580059
-1889579365
-622787277
85100566
-1970869326
326268070
571062226
-1319418693
-215111794
954251542
-1566658952
-1901509915
1294044429
-1546936048
1798034719
1349851653
-623531381
1985299382
-1982524208
285149108
-638689969
-1852291195
-742060238
-60045906
176163143
-162016769
1150517091
97139745
794105848
-422818423
-2106567670
1229689896
-903843153
568076693
1797117612
-343183727
-2094994436
-1554122493
328561727
1063142118
-1156756384
-1493986620
769129212
242756267
-1352141243
31725760
1059283321
-576807709
-2016127698
777324794
-1311413514
2134629849
905415726
-442450704
1793309942
-682416356
-1676601442
-628425913
-934856175
910216138
940529161
-587563097
-2059291128
-2069766895
347024491
1776852196
4347674
-965537037
-277530213
-1046061731
1704867989
1714355528
-62763772
380159401
-946330961
-1364213495
220992667
637803887
-1198822507
-870783542
-228706804
-1697095020
1824216516
1297217416
-514373834
1836010140
797540248
685965477
-1877452327
267286089
1491810338
-1248845777
1460997774
-1551451256
1159646526
1495384168
924672759
-1137464947
-954259741
714813826
-1638289610
-458446020
1734689724
-1325814614
2080671394
1113287626
-1855165704
-793640121
-720015432
1883333028
-999872675
-255623549
130721615
300983183
1809866659
949662473
539976463
1264217104
1155866623
1516719376
-1616951517
1769467661
151578877
-969664360
1813971757
-1325898316
2069862290
21023220
-43169158
-1251380069
832911985
-1760474489
2083429238
1794986023
1853712541
379489746
1187613282
-1721482446
-835130049
2052141741
112231235
-1788511256
791272633
1697543380
993081117
2067612401
1048274682
-1088146779
1538336865
998572244
470022931
1709771559
-1514009949
-104090214
534614026
464640078
2062543247
-1253325135
-1929828626
1498286460
970345245
1402291987
-778053077
-1303338421
-1926708989
-1462624857
1663372831
-1744576119
-986800789
1673244135
-1707960596
1195496579
1811463910
447735490
-1571756145
-567518586
-1919703137
-2050106429
1322950193
224615586
1122456531
98585713
-894697027
-1392493135
-1021738112
1667153401
-1009498958
210355863
1532914524
-1976300790
580362554
-24898870
728695048
1753452032
409903738
141836564
-728017275
-560707260
-2120208598
1869081751
-1914521369
1587261937
668543336
-74665454
1608681031
-627572549
1996339145
-1285274271
-217583875
1996762380
77433777
-1394222262
411047439
422442607
-684345116
-1599739018
2116371683
-510091215
1778381404
-1524003140
912205372
1818051397
-709345188
1595604389
-2116600733
-450635160
2076148677
-899091668
-1455290716
-1738642299
-795714905
1353906117
1955629564
1377958233
32586266
922802336
-1578815217
311364698
-577777329
400805678
-1797114017
309729749
-1947268639
1946426595
-1382607941
-821949867
-110741136
-1174003906
1622513140
-1963616181
-1969923984
467542022
1343138774
-38902805
1925403198
995780053
2111963478
2112545107
2135474804
236931289
-158666745
-159480590
-866602115
986271705
1439199699
535941671
-763481493
-911894154
-1232794906
2042769448
-633418745
61937075
1893654253
449816869
-1044429015
915624887
-1988139648
-658180180
1346973770
1146218448
-1839894053
1277724238
442829399
633712059
-1631878700
-1869920893
1344682183
397110050
-1354790903
674528202
595785455
264083045
-354376360
1593308180
-949751660
1507673501
535463315
-891933086
784093122
690784733
1423790964
-522422612
-1766566949
1314699962
-716408882
-340457979
-990001678
-1214810611
-1098016763
1437962747
-1928667559
2006013943
-273381440
473755203
1230335864
-1396592860
-1359994404
1008116886
980249056
531280212
-819512157
-257579307
962792863
-204344297
-1829491395
403013491
2140298453
2059480535
-1726968218
-144464877
-400907385
-2023521509
1630158433
-624374161
-2002376526
2056512521
976603179
-1398505604
-1395434333
1542798893
-337531916
300617931
-1831724923
1685423736
521222858
-373753806
98353979
1718149002
1417476503
963912107
1969123184
-96837581
939638605
-1433500805
454313707
-1971044809
-502857121
1268469910
1753863975
-1892064943
1643645298
1704619329
1647645474
161915514
-195890348
-294385159
-311419275
-1296942230
-141833683
-1663530861
-472107612
505686622
-332327437
1851199396
194660279
824872476
564306467
-1061195742
-981789431
-872858060
-1467848019
168444235
1376905055
244589447
2048058415
-129214779
1236416316
-1815603955
-1489693850
-202836730
722588274
-1018282798
-1242814496
-477599755
1842239484
-1588442816
-260862474
-779165743
447618315
1985212068
1481616377
-131483566
-1469984930
1122008298
-1315914069
1908903437
1913481430
657034667
-503150351
-1439578596
305416265
-213250455
-730150203
-423334915
-636648555
-1168430312
-1927040143
749439418
1879230200
76471520
-272710919
819682890
-647146081
-1549917919
1739575000
954930743
684326780
87366839
-1570300433
743434880
601235548
2028449662
-1967337542
-185546304
831847480
1323121688
-834731324
-2098663537
274599114
302688237
1066888797
-1009643993
1560941667
-927082637
709125001
-128651702
257821179
-122803537
523004218
-2058770077
1244672649
-856048134
1448273858
-2036407829
1488255893
-726699256
-1687709822
-1949196786
1663462154
1275201062
-263084313
1714792589
1423063120
826323906
-311243881
1525193701
-104340838
-1116327376
711832294
1263008689
1948342396
1867973547
385779086
291831884
-1787427649
708076697
153842335
-663291718
1102140536
-96904686
2147382708
1039623880
-226293161
-1618238301
-1084699545
-2061420175
2133914428
-616391858
-1115435258
-1103181438
150392847
-1480445227
-1792401274
-70747007
26904784
-1708608201
966748599
856699339
-1381499668
-127799942
1728844729
1129569787
-685177645
-279262293
-948587090
-2032928622
98793670
1660732707
267659696
-600793132
-126856971
776500491
-1443988219
-48589072
320615112
962281761
37367697
1486062179
1739784060
1973683899
917141131
1154156189
291321842
-1035529204
-381389197
-581128989
718227907
-1544425051
170436675
277656183
1081612695
274972734
1838210532
1734354423
-44212553
-956879177
-1253729821
-884017406
-181820449
-2000204711
467971684
-1491805151
-237436584
1020836704
-411150506
420492003
2091836486
-1421539395
-5422104
-1024704951
2045802302
100541975
1554072378
-163158172
1921286171
983326483
-1210349481
1456759868
2001913618
-687265068
1071036771
1921738996
-1521853694
-1224884027
-1396425200
-1784232149
127354640
1383358357
1227587926
896442276
-1929015949
966234499
-1798366621
-2021291480
-1223132276
1907028187
-1777921841
915298218
-1573213383
605892799
-1526812653
-26651988
-1478736535
-1918144982
540515899
1415225826
-1701160461
-1015411406
-1583666725
6402324
48455843
-1484282228
-1031929025
-1088175032
-1388693610
-115160747
-2104896283
357177631
-1149619513
-1991011057
-322736337
-2141832577
-2053893911
985034729
-2045019308
469068402
1164241270
408247618
-2057115241
-1073330611
2042980359
-1142835089
1549504188
152176916
1610672358
-1182246980
-131029834
-852684772
-305575199
1656118193
-1943395676
944276978
-2118808992
-104517995
522788862
1463375739
-1968801350
988313655
1386919691
-967387300
-1068619069
-1021244949
-2081285482
-1177177189
365682089
2024015571
80859872
-1054203514
1276610816
1230359647
1956074968
-1241095213
1108692762
-1075028202
1780182665
-650572024
-1260751716
2135252885
-1993529389
1979756573
-919425971
1370999768
-1632358819
-1516193441
957205553
1474957496
-2092769846
1130224022
2037071830
-197578828
-895521494
2059805034
1356450796
1296432371
-481366350
-376726782
-1460177125
-402015863
1654920880
1233008621
2143726609
-1474064903
729742776
1486633285
-1385502503
2402554
-1224060381
-83986927
959483763
-877066626
-1969902407
-1093131285
-1964463200
-18406673
1265892525
1142425058
1289404924
1484857019
-1799340343
-105699935
203160658
-1366944238
-765856791
-125863216
-499366101
1373286638
-1014101331
-251190087
-651217752
-945017005
-1376243607
2099452462
-2107656047
-1841203753
-1317814944
699823018
-247787091
-1657676187
-2018332622
382841782
292582483
-1036922563
1753509010
-1625837170
518539841
-1339987394
-432197317
2025064964
-498132053
-1240879513
-1488291548
-1127400797
-1640139369
-1015474789
-1441809422
609930006
1070031207
-1887933276
-1310047827
619325643
785596855
-1017293959
-17695306
-480044845
-532600728
1062198211
553166072
-930683893
988346877
-676525155
-1599638690
-520904320
-1173949915
214452379
581915780
-1155054833
-1861001832
1177153294
1208378288
-1349236660
-1753506522
-1752589947
-831981821
328481701
1803535884
1554439317
-1258051093
-702390842
-1680247927
1644919517
2106530523
520823613
621125040
2012108100
293425214
1424189537
-1571518081
1377737604
-1738278744
635731824
159393329
1616052460
1473116750
-235373321
45771728
-1112475295
-397277768
51668598
606768909
-1591983451
-9232460
45360963
-806805933
-1977664037
1286297229
-635015250
-872915943
876666186
1901074045
