1660784267
-1583139084
1389377435
874752578
-368628454
1121897925
-1137276733
-1259275083
10321779
1399748054
1558075666
1274204048
-262272107
-678656233
-786102127
-1386337820
1779900151
-1096606199
-1291022609
-408603341
-274881552
-2126524596
-1295652476
418360609
1583376729
-1219067786
1533404562
209589866
1458946160
-1315407323
-1717187891
1570042134
-901081857
1600259927
-660231652
-575907349
-1243061315
806499832
-1413589855
-1233924317
1882829555
2143653052
1355628279
-1929311137
436924770
-442119633
742708410
1971073499
1174396771
579731721
-873463733
-318067998
2006181456
-891050554
385870548
635275139
868090402
997876086
1978087561
2120170884
1404510555
811711953
-889830095
-70777706
-1729355994
-86442354
-1310710556
-2128657974
101891003
-90784780
1351118102
1629730371
-1091881208
-1688792400
-84538925
-352623315
-1934724723
-1283687191
2001183564
-98081555
717404039
415017105
21649297
558305177
474978896
-2053906690
-2145661793
804865706
-1846838267
1120850360
793566877
-35537424
1294184809
1294196884
1217031778
717455813
273309192
215100673
-953805765
-184472443
33779359
-305262943
-198133014
669417277
532436410
-815284965
343238384
690377122
-288330081
64111407
-507335154
1144196419
-1143592342
1874726666
-1026186487
-641259518
-256939143
-644107301
1361131950
626414016
247051017
72396965
1171875605
-529053353
1092683041
1131499606
-2141617623
1759612109
-31283538
-1666189543
1668393063
-543598395
-348448273
-1536986904
765405925
1654106936
-234029805
1191908708
1576028053
1558396261
-796610785
-388967192
1553183434
2129307910
949411605
1266057947
-283593477
1094659267
-113874606
-1273171643
-177413945
-1848458261
2097162039
-634867292
1106289977
517178721
-505309941
1483837184
1422671948
1969847764
-504794592
388437309
1564661169
758872370
-155205837
1889909167
727297487
-1628278947
1899282200
-2095220493
-49946358
591038495
1932320150
497286652
477295431
-1136924069
-1104568177
1046062700
-1390861392
-193672570
1779304292
-102107100
1669493940
-25072556
-927007593
-2010817506
336179281
16124853
-769213007
-822398343
1741614229
1933172994
1798069605
704156629
-1060023199
1938928755
262063093
-102673439
-1898563472
-1367624491
-584789548
859707697
2059512983
1667597688
-1707439988
890478164
-846908082
367048557
576544225
-2019266523
118311278
-871816719
235412790
794803553
1893641275
1309920803
-1941898448
1194658682
-1818172507
-1758172675
713211801
-257039190
1457737418
-1468893567
-789304954
78369610
2067701951
-1041849038
40825274
-1900396957
1489814416
-244574011
-1677062324
331938693
-485660796
509115672
-453959032
488483287
-135413083
-1417074077
-410179053
-157865361
-972143490
1396885420
1453385297
356501987
1992901158
-1773920128
-566391030
366997280
1596579453
-2143018529
-946159797
-1408474247
1748153013
1528705655
-2111390838
2118682626
-2033714412
1584355861
-1848478195
-1400501217
1720273911
1587145816
-722537077
1355872599
-2061298919
-884168025
824705555
2005936237
358639893
-33189532
-914211796
-223382607
248117033
1809302625
-1795096003
-1165346157
-936970948
-163623277
-654653393
-842921352
-1660845023
2084874500
-513227440
1201045712
681568285
1256013070
-1360454534
-1609516440
402155430
-258648635
-201792909
1000727548
4051565
-933022539
56469143
-300302320
-721488738
-1052099124
-2029231692
1201878527
-676103578
661679769
1666576180
685915731
1060439989
-1632136009
-604015487
-2091401129
2018216005
-368117885
1517247140
2114270443
492829658
1288268052
1803402799
-1444732265
2061058762
1200550508
721516893
356173537
1272622783
-1740599574
958475383
14713058
-128689221
-560485629
67233912
-1273900778
-305031844
766663217
233005044
1955791476
544328800
1884846122
1850982965
1574293694
-1925390228
-1714083499
186885286
-1531731943
-221527544
-1694273927
2103746164
-1965352480
1565176046
1642315703
-1102873999
-1229307212
-1754621308
1694229178
691610428
-5546537
-685024091
1914794028
454798751
-1011076678
-608112473
1835187307
441132343
567050708
896647833
399054716
-1983119526
-1590046284
694991052
-1041590209
433805364
-451164839
-428232812
1525737188
-2102960589
-1787448639
-464556721
-1390560611
1268289445
301414591
-360295770
-735248747
155102878
1093594897
2110737170
1266668063
1337888542
-1313897551
915063202
150657074
-1244912781
-1445406357
-1286365702
1496680981
1863215836
-470025297
-1597076066
-247496362
-494852497
-659948632
1582177648
1964764416
-62752708
1030425228
-1864341641
-2023578100
7917745
-199465675
-194815775
158963479
685755967
336127217
-1467427765
735079253
240186173
314132885
1451504702
632535237
-1517857267
-860450600
-542182915
871111078
-1465143428
1196027613
-703957891
-676271831
-2010616978
1357593617
425806772
868063079
857448378
-1882723273
1730829334
-19674988
481758546
1373233856
208977500
1893970805
641503143
1638316127
-800368762
632779535
2001182283
-483047971
1986751779
1955938208
-1510292265
-2024765399
1176091088
-1424506158
-659409650
1158427058
-208288259
-507839698
558552898
-470778631
1281591542
1703895758
958364918
1769477217
-2086693343
-1955836586
-489416252
2078548809
-468559228
-116018908
-1776212351
-535305124
-1241829750
1197002694
676303518
-781303513
114573318
1214673324
-197662767
1452365547
-1243834248
518564126
-1935834125
1048900788
826655630
-943894417
1575554347
-896375126
-239674900
1360902003
1322484812
1976902310
1152316463
-108055507
-1933207173
-552785401
-429045201
243239629
1187325717
-1101712186
1504019076
153837784
1392834255
-2086143544
-1431636405
-140759128
633943325
-838784909
891677994
1248750103
1318401752
1117513603
856823184
770165111
-121801446
1637477662
-235553471
1626404292
-389880980
377193509
-332034543
906296604
-1098185693
-796781876
408998639
-195277201
668622598
-1633946004
864979237
29371250
1286422068
-451819369
-828128803
583976408
1650775364
-434478739
1826625510
927431620
-1451411794
855386925
76889528
1434052472
1977793384
-1229481202
-306518091
845788754
2051260628
-23076017
2103482033
-1226540295
-1121591080
-1643892083
-1122826572
1273360083
559155278
-1990388652
1650673150
1299863226
-1532162145
1620494071
823769162
-1441399058
-1364149846
1078631075
-1702917545
-1470889396
1705196777
-1807307342
-909289053
1031655616
-738346282
-605775300
2037781625
526395639
576997771
2141513972
1123112494
-1828095655
-1564445784
-124887760
2065220518
-480715722
1504268920
707620425
-1134547939
-721149122
-97474986
285311524
-1503104477
2100209206
1740542285
-1108689647
65634536
-1424897815
807131134
218397395
-454045255
-405574564
-1755001658
-125451009
-2144451126
-1464484028
-1365423841
-939369847
317544501
579805628
373315910
1862016155
-131273662
-1590685646
-156467682
207484072
-853656599
-179811934
-84432556
-730429503
2003806868
-2034522873
-1245423677
-2120594649
154959912
-1553315315
1835232792
1241108000
-619786170
1920418058
1663351737
-189641458
1451364813
1968410159
-344832030
-101981764
670640803
293817338
661703953
859432187
1002632117
1400207598
-1750989148
-408464019
-1489733317
-81892218
-1481919297
1797412768
-1997505728
697313126
2016442995
-392748194
-385355167
1657467604
-1428817380
-1573129662
-1709728556
1806959461
-1872374774
831832974
1011013548
818352891
2007853922
1640958268
2049722458
-504158738
-946170554
-1065184686
-619636106
-899551352
911316531
602293882
-1942760001
-756250185
-1545924181
794592977
185602144
-1158188035
-1748053997
1763985407
-509574795
-1063580246
-129335587
725170567
-1298843700
-40042675
-2083402007
-1623290273
-1393559313
772949864
-911764184
-554353982
1901661282
-557261214
-1828335230
695712581
1340012328
1343432129
-711671815
511883560
519564172
1283364504
-1428203506
-307027986
1556345117
497181501
1535499875
85424176
-1376057095
-221642689
634743969
-1040475219
-2099064242
-250951530
7705499
95622820
-698649826
-1315753700
-1857324109
-141047195
-976500415
-856342724
-389798020
582460709
-1766774864
-803916056
816692385
168133394
-1877531649
1686156240
1843525380
512658599
-1887422421
-780033584
595733034
695641664
705707157
948160681
665285845
-57424656
2018901582
-174399757
1114639090
-240567150
-585009771
2002933842
1534900661
381770526
1923637405
1062167271
-2055206398
523560253
-1793898862
-803158006
1169335566
1641367582
-894884130
1386193973
202825542
2124911754
544233639
345975362
464489839
921409333
-897622372
-1705450023
-1385396210
-1576295849
1235268337
1512452387
399606025
516349051
-1600598105
-311504445
1317146509
582035607
-494012656
1118826757
1512576562
-1472136357
-33193838
1526588248
416802653
1448391117
-2065519189
1016492793
-345519130
1218329877
-32552140
-616521231
325505018
1744648085
959881961
-778954943
-1179059647
-1581467844
478118184
1661053786
-1919069886
-1238666980
1874481912
-1859008558
-112962810
1331298873
2084872269
1045728853
1113834235
825520547
-1254922615
-1103693095
-325127653
-1981202490
-2073422010
-1499499243
392750413
903976703
1465663314
-1451260621
-1149764085
-2102169229
-443278854
1061134275
-482801340
162514972
-1141336949
-1872282381
-1473652606
1513889572
1852933653
-2091733251
-1293825713
-1354235019
-2043601038
-406098976
-1492066603
-148615792
-1311385722
913227346
-1641786940
1124810142
-972531769
941232628
348764792
-788151100
1701653759
-1722593593
1467496794
1892388795
1442463824
303495134
179913093
-134175073
-1942201224
2061304149
1264642477
-586369530
991511382
792760705
-1686116548
1056265556
-195094611
1019617640
1356306365
-1922703796
1413095206
-2080460685
322616445
1940171242
1270227099
-1963065503
-1563702161
1960756849
-452926830
-452655489
833880144
-47154497
326602247
-744416491
419200266
1247947495
-1847527058
-460097501
920993885
246837761
114499575
-2065949107
1554756540
-1197505221
845302035
-1216463085
-2073228940
-654363596
488416310
-1253857468
602851347
-940172663
2000510174
1160240308
-1998968825
-881076561
741239508
577430316
1419585413
474176002
-1038048590
14081185
-1544652629
34317854
1408617124
1623390377
1310698984
1101957997
-1255098510
-837720278
-1254405989
1917074689
-933513795
-1358085548
2141359610
-859058780
-258620536
-51862576
280577589
1211492908
1123769850
518674745
-563361318
-2085591790
749201249
1583213515
-1489108614
669411141
1649994106
-1420824743
-967296115
517102140
1603057647
-1941189500
1257307282
-1241784502
-2138425568
1693415977
1287728506
1909286965
-447231194
-1015227877
438455366
-548256504
394507028
332901649
340558574
-177784024
-1308601217
433738210
1160038533
-730531420
-1652868288
-1931820049
1047097497
-1116930351
1824379255
1843170527
-1777480481
-1825127658
-535620653
-2138858095
763086095
-565953276
-190986735
665272910
1534888205
635572905
1228860354
-1197234626
1761067337
659098661
912558416
-948200931
-1714757273
1958452093
622129474
-1866231250
451969313
-531395153
1812668862
1214910319
-1337335956
-1546569467
-201525681
-184489971
1289417689
-369181522
-697552408
-1855053030
-227823042
2085561738
284140841
1512201084
1065837717
965381188
-1041107744
-1973559768
251477795
1305837733
2008532178
-252905584
-124546340
712201767
794249914
-313056166
-2116992507
159917513
1130859921
-838592175
1708612379
-1994876639
-909257457
-1735076192
-1233191437
366138039
-1854665359
-555861443
1166929698
-1962080369
-333765763
-136985182
-183075426
2132516359
-769090366
1268288194
1480433317
585754083
1451159588
398423098
-1410571299
-1226981978
862216855
1421040839
1067462588
1052752163
-546018262
417769976
736054313
132554066
-1093408441
-754885084
-737294493
-1988213401
-643785671
57136541
1991818017
1135559968
-115817747
1062445861
-1473486341
955112542
562021628
1866022816
1368104712
-234090505
1267809768
-1901297397
-387589177
1259600842
-979114075
278989996
1731354690
2041360915
1186081115
1057175691
-974747280
1461533695
76959338
-75952096
-380730917
1294372738
-685463122
-1478332339
354836610
-1087992216
-340907773
1529507469
-932457984
629367466
-602268405
23822190
-230772756
-1585460222
980302126
1888161852
1311320707
-1198640447
696782818
-1685551106
-1332844412
1631687648
1312526124
-502864986
-1635204773
643340884
-448904859
1851220355
-1787890303
-11503195
-1031842239
-843124742
1741293858
-1900913215
1510520845
-2078846092
1979426047
-970488819
562409783
-1735903334
-764468843
-594718276
-800070125
-1138516033
-2110939009
-66847900
2058069724
670329502
-1789929448
-628649522
-1209475592
231005508
1028552036
1749846029
-223469953
281962831
-337889233
286656209
1929877245
-1058856360
-503108234
2051907836
1798040695
1186240173
250653702
-1006027403
1585791404
165871427
913438563
-928691652
783085212
79362794
-1159877398
-1570337601
1206692941
355944642
591683385
1912087403
650131660
-96520723
1065681870
1624214661
1576974193
-697191803
914888430
-1597389255
-2113711769
1113080272
-1850828345
-2081301517
-861873556
-572769870
-1716498728
361919725
-668697132
1334576483
-688465776
364460040
-1587038254
249913185
-398877131
594286816
-902684934
-1061898586
-268920057
-583146982
1244643841
1357460253
-1028490331
-51343105
-708239929
121638226
-1768641106
-156674482
-76157033
992030057
-265665110
-2010951603
-1846253651
-500021935
-1065820373
1435193889
-1872592904
1271192121
1581833007
830491743
-724600032
-191434430
407412936
-782685470
45600713
1906660213
1452327934
1602894814
1363018777
692690166
-1979107596
-653167563
1830239608
-1899132038
-846337720
963781897
340428950
692076534
296974784
-801245551
-1504830031
569468824
-957161950
1823620144
-369220329
-457080838
890053986
1691219395
-392380438
1941285525
1743173634
2125861434
432232739
321962867
-735331659
-494745751
-1540783400
2082123560
1996846918
15340320
447079361
-1738927102
1178791864
-1511474824
-1877870344
865333887
-1210777683
-1362340753
-670978048
-244854529
178302987
1444300983
1238113543
714501818
-978280228
383300554
-546123409
653013491
-1342657163
2041292609
1456051850
296207725
-798150950
-261470874
1494782117
1151899934
-161382304
1355584263
680463943
1396193826
-482891116
-1444146547
-75659334
50116082
-1700439973
-1693549492
-676228406
-3048235
745568858
200484891
1152831180
556234645
-1412940649
362085415
-1502868254
342115446
327496288
119272708
579614844
-356266141
-974791573
181836548
-4275167
-1849771670
-938808002
-473630516
-608461202
-2043985046
264826833
1120134947
-1807027361
-210391029
1536898161
335593997
2091466189
-190295827
1658726374
-11871464
1784442167
1405793059
1714780375
-648463115
1108288452
547528418
-1755009171
1987089481
852709512
-245834123
-1423500489
-918662715
2088610310
-248577932
-1996604595
1752914292
-119550731
-627930828
851182775
-63319213
801047366
497895297
167815951
99021094
1321334630
978960522
-751186076
1564654985
1097848768
1734207260
-1507116703
1444759620
1845472901
540906003
837254830
533316580
1650389423
-233216500
-945734507
-1255315322
1573031746
-1507449249
-618412056
-598134795
-24774188
-1332502196
-1957923038
-872759561
374339920
75082611
785115852
887230435
1739408374
1003806345
1409873954
-1684098441
-993188955
2097418056
-2072700426
722515176
520923996
-120410457
-163804205
-772371911
-960413442
69962315
423261028
-2076016176
-1703182507
575840316
666614806
-1567120315
-1324895144
926677468
253855996
-1342764675
570523568
679526932
-1172414221
-861668361
-1172023944
2110982863
72841478
-1495892635
1792731460
-622594645
132497683
1262026878
741066084
733426670
-1899456850
564620306
1698796138
-57011786
-417971643
1802681182
380752616
396591220
919904899
1489883041
1250760573
906351770
1713809913
-1472379154
1433399059
1657940627
1646367483
908946500
1501304673
-765942029
-1838748216
-1183935269
613790135
475006447
-36770579
-2071363904
-692551686
1520578063
-1992256534
-1193114460
-403345940
40024609
-1651790827
817609455
-672601424
-347099535
535995326
496192027
2122241677
-477377226
860928915
576494144
400623857
340082254
2141922886
-1847057430
2008658617
133332526
2042756716
-1967719886
-1832705873
788187155
773863080
1471439372
-986537389
-1690407043
-1451759608
-903804196
-249259810
1497816285
487236270
27311183
235664003
1177362828
397649074
890539368
-645425673
-1363060993
-2061231289
-956761895
-1624997324
107756857
-348138980
329278100
398173816
-303575936
-2088045308
-1676156256
243709587
-628969901
713017304
789408048
704085858
1903022490
-1431471973
-2031382544
219250582
114462239
66023391
584101026
733857978
1231227708
-98647192
1548482793
-1920111501
-1879188010
1486204686
1864688485
1189018120
1259934089
-84461593
807263743
1553977380
104337700
1043029413
-52085371
-886421797
569582167
279084603
1199308408
-2125597206
-464623445
1694027718
1535345444
-845178046
-964058191
1748833451
1231068913
1107453383
-1804526466
195816956
-2093776135
-1204508588
1154184790
1390637087
-1081516070
1984313602
-1543022938
1906892209
1319489740
-2088828758
1694963767
1100262567
-1232116747
-509575513
-820511327
-2036909642
820761595
1809138912
-1627023619
193646068
1903019739
-1337085947
1393643229
-332539201
-446749191
-742825961
-1180609920
-1574268963
-1309645961
-759089874
1744390466
1031745508
-123322167
-1382165386
-1669165231
-672348452
214231689
-517801606
-699340891
-179820766
321944967
928520100
619436337
1776504975
489179428
1681592324
1597254486
990094808
-557620513
164757328
1103115672
230396983
829054768
-578983893
327218835
1422168395
972243860
2144091562
908928559
-530541764
918685161
-1406692845
-972114158
2048419618
765537531
1053027815
-1516078250
866027943
1076586078
-106786014
2084626555
1249142250
-1042799235
1028468928
-150866273
1667899046
21667827
731564675
528365292
938427795
1621343001
-93005581
-1338983087
229451019
-74662177
-159390298
-1185486477
-850821135
-289807905
-1174722623
-1502307610
-1044714546
-385809745
257877182
862157975
-729405124
588391030
-2122737297
1128731533
-20046201
631534785
-1471664319
-349797168
160848016
-272361321
1120256453
-1467464024
590493172
1964625610
1454618732
1769681162
853090414
-3718769
404961426
842768719
-1074104199
-2012761775
-1080740931
878355751
796006201
1718491841
-1223256539
-1355259700
-1620538725
295119409
1762810231
16917626
-910659654
-1632202718
1189838805
-1384651491
-1369141372
315394843
1577925409
-2084303796
-499080803
-506873157
-1740651397
1642845046
-475473533
1052020753
-470505465
-1173512614
-700276238
-1387991253
1394968819
117835964
830679689
-6302228
1603051960
-764699819
-631329876
187046946
296649887
140270602
-1991408468
-1293508392
-1449074554
-979915423
1627559973
-831162137
-2064495133
-183357136
-100627801
636416723
-2133628919
1255711382
-1980643432
-2130279469
-1293830486
-34481361
-41848744
1013903921
2046372764
289372034
112302502
803885268
326711519
-1218457922
445479745
-316301285
-860437793
244003238
-706972206
-1653790741
-735808779
-225336120
459608841
1870913291
-1638977997
1136495092
-1247976443
-1598458962
-798706592
-994906900
999842296
-1979725487
-120149183
-1901435048
869676298
-1535508537
-552822246
1038209020
-644381314
1846302609
1899731316
-15980244
-793625837
1192593267
-341656801
-450002306
1793609388
1945065283
-1697157510
-1394163263
-1096314318
408785923
-205691663
-905935058
-1406954823
1441771826
-881214778
1027842269
1764292833
1372236638
1751738388
-559890054
1209797502
1066795006
1595883025
428895800
294271099
799002238
-1544686445
1521440772
2077280251
586774170
-1631122475
-584412162
2144935360
1116686318
478119546
399664932
-1894961968
1263736526
-1441284143
-1545496240
-72548011
-1430599085
-1129061799
905085796
1406698692
290535349
1204208264
-1283830589
2133778498
-1373053216
1388913096
-675935230
1092034882
-354067392
1291034049
1904000735
1557922930
-2046188576
1477562333
1931758961
654248663
-846833230
1609130248
-1244197727
1589984566
-1889215696
1779963319
94008280
-297647690
-14627293
922228268
1377761785
-1135827006
1158367425
-1354107145
1971080593
1292930612
-13637891
408438207
343694413
564397999
-1981456101
155229762
-1890918996
-548216501
649623426
1279953817
-1534700300
1787670392
-738637867
1727314368
1460321897
-1715321573
-81764541
1726298966
1469930428
-1608386307
-1178460642
-1049499744
-635153470
565992805
-182697814
-884861741
-2121524891
1067142658
1018339639
1306210962
1227345375
771192847
-1439856782
-1912731467
-713485788
-831864655
-318957321
936549963
-467731553
-1233637982
-596984023
-381874974
577970209
1175925780
-1409640890
-946486267
794225942
1684705743
-242468427
-928775931
371375609
-257354596
1674281378
794918652
-104110583
1690366950
-1216936500
-1879399666
-1217781444
-458973027
-2079622755
1542367474
-107077516
2059022173
700462458
593990576
-100784912
1842659535
1957855580
203024043
641982212
-240022449
551711903
1685613282
591528972
1449685199
2038267673
604537970
-2091823202
-673566726
1897918318
-882385825
-1209015298
841267099
-1317533021
-1470340461
-1039024682
-1110958784
71993584
-2141983707
1364733734
-2085801958
-142504999
239661535
-78539399
283690279
-420716161
1549153018
138526552
-769318510
1776789811
-1784987605
-972638973
156051289
378187083
-2035272990
448059486
-1951717328
1215301177
839324880
448827433
224887461
469555928
-159532118
289075828
-546214524
-1452584439
558570797
-955637167
1621005692
571607422
-39887007
-279096118
-1871417086
1068213717
-1409406688
-1356353259
-338137484
1174327272
634320601
-361988090
538075266
209204067
-1223198831
-1076207932
-245445431
1414353558
353383978
-1193645889
-1778057024
1641563019
-1132195096
1024691425
-2017521449
38382171
-487632592
-877559293
-1719654948
181372093
2036022674
230821538
-913851231
-115041569
1145024520
-1426941998
-2055816228
-932861576
545517183
-1071436942
-1039825843
-1253664482
927773591
1021540768
-1605869786
-1819060524
685596071
1161916783
1096937126
1368203751
1722714627
-141003561
-1520859898
1030644473
-566452096
-846506004
-322599527
-747872163
1295323960
-616390829
1566061614
405758886
-1261349238
-1012157967
291477176
1915692154
1100666212
-1693650460
405753136
1290439851
-20748861
-1643253578
-76184646
-1597036153
-185466501
-1986907441
2045403910
1662377583
203147059
582497836
-723803399
1461693606
-1694660685
-1254772658
839656331
1211540586
-313891998
-999999628
1484369906
876893000
-404210679
535350027
-484880384
-682605652
148569821
-217583771
-88290359
-1716624969
1259080379
623333545
-1235597944
2028886357
1965766325
-1792859894
-2129064510
-887471731
1388002508
-264985029
-703261269
-169596645
-1892446977
1654565410
1694278601
1967609915
-247608188
1541653195
1321348823
1792967
-1749711531
-2063293025
-925465877
-1167839868
1869924845
-1267467819
-1510107942
1175195064
945869139
-1269801433
940746715
141091327
903204695
-1689479735
-868832918
515386718
-1295938277
45682838
-449976466
-1965427304
951092692
-1147059572
-329218915
-45864512
587828178
-1390248326
-1690087649
-22192625
-1057998403
373901303
52747633
-460918537
-1324960736
-1860349802
582292876
206302583
2127265579
1783862359
358318661
69942960
-1042781004
1554073951
1792219894
283707577
1343481471
-1490970901
1405641054
-2109982034
1026955454
652953474
1688271301
1839902223
-401096486
1678961258
2019696996
892823366
-1051155341
-450291620
488482562
140233609
-1824000859
285986682
799230434
-1140989982
819536269
417143424
1336845020
-1499273845
-1525423605
-228559046
1856502729
-230758529
1578529736
690204725
1536211236
838274381
-1163044998
32447929
756693485
959825710
-1208742554
323256822
1097880016
-1077074086
-509176282
2121462908
405717382
1842674838
-1006388308
-2110156560
277565819
1857520145
-576952698
1230626044
2050257585
-1363625872
-496204957
-401204857
-184645149
-965624793
1012808917
849802022
-1065858835
1165667594
1344310616
-411613743
-350176661
1309866787
-1538888302
-106174503
-1082137697
541142213
-1674304804
912830489
-166911849
2027975137
-860589568
413346667
333225614
1235458199
-848840124
661042525
-1715496814
-545638640
-589611865
1752492069
-1004979609
-1237442934
1161237354
812160977
1130646955
-128160844
-2125095471
1227934914
-1769728710
-1869690821
100623402
454848858
1019017939
669954468
-449660914
1124509428
1675096827
-453650084
1645122790
79623700
-1044530399
228323853
-546536272
46648799
235230722
821263922
1101892867
-147257651
-775722418
1756132333
301623376
742087836
-1466013813
-503526889
511151978
-1335028857
1610978618
-857980263
1811011399
-1144046408
-827887561
1099040249
-1970231544
534662650
-1725564315
-1545083849
2087127606
-1737490254
399368329
-1526706470
-1702026418
1042000911
234855030
-1500946363
1207943807
-2054058368
491252074
-96959410
-786684751
613988966
-1239983944
211785232
-546693431
-592274934
-2065783642
-253393152
1002912043
-1210171695
-430953576
830071614
-920027265
1424289710
384093549
344704813
1213794488
-918770985
-1966809816
1317149253
1835760466
-1507553605
-98826029
574366503
2059211226
1349148210
753490847
1002359025
383181747
92771318
-825573808
-949742125
-1821739498
1085782353
-1856661033
-622342430
-947463846
1318122520
-2004582336
-1073400533
-424946059
-2000486441
47972302
-284736501
363065538
758122061
-1805187997
-68288322
-1655291900
-19526886
-1295160539
-1478447308
2135778986
-1019814218
265137247
198049835
1472276564
1465371813
-259211356
362318969
700736661
324106472
-1849844167
-1740688983
873560570
-973365066
1557399476
240526282
-871672501
-221793685
1334602976
236898434
-1993756400
-1785171776
-1488116509
-858149015
-1721022122
1653871933
864243874
-53527660
-1076820046
-707680789
-681570204
-1270820241
1553034118
-140938676
-763301963
-599940145
-1813794174
956033935
-1688687732
846421830
-1741257362
1761692671
198948528
298085049
-1348588251
1609023933
-1689903018
-1343066576
1854051300
1930236078
-2063154929
340084973
55940804
477880246
1463144928
-654064705
1151232900
-68934363
549147058
-2129357673
1949245068
-1488361871
-1431577364
1366525787
-1809486546
-819413210
128506718
-862986246
2091417646
1602478873
-1451546528
291916224
543771268
1415417827
-689071814
-92674070
570658912
1879515533
744424902
1056267132
-776349075
1533427336
249149268
1937101394
837212505
-1621831969
234381773
1435464565
-853344875
2041361071
-356578534
-1640252240
331695961
-1548489770
-888109882
-782785182
-78474518
2041917161
1624202209
1549834900
-1713445601
-1881403540
-213687512
1643948109
362314784
237714236
659241826
-338992091
636266609
1339455823
-1720484340
-574460649
2083697198
1353801632
1115909688
-147745637
633949848
-1191250844
-1112976463
-893909772
-1923651121
-1812091263
-848370589
-785057594
1688815841
1666091328
2084593657
1498666987
-256948221
-1207099584
1691828679
-285422202
-306988771
1566179501
-1467765526
418392919
1328653963
2121775282
-614598994
-1201394096
1158577697
-810666452
1528558383
-2082342807
999614576
1412402079
-1562646462
-1390947408
-1934667705
-814466451
-420394347
-1104932189
-1547379076
-1523286716
-1512199916
-1354948159
-1031541268
-209238568
-1721603442
-2033148322
1129407
369549778
574505368
-42170698
-1513924624
-1167688953
-1527547215
1776473925
-1727653364
-303896852
1948420262
126429525
-109437383
1923905865
-1747553480
-1258608936
-1457484167
-1810969043
-1495856133
-780146825
-895239120
586596129
-907080320
-1893758230
-741257757
1103493024
257067190
196584586
409142594
-513352506
1077167245
-659403740
1736401255
-242566074
710865883
1574758415
-1121214112
640120481
-1651415677
639173760
612166378
602478740
1990922963
