190357184
-1045549412
1942437845
-89487489
2046576790
1633709969
-331914913
-215940748
-577034950
-1681214598
1542194362
289338383
-2049715844
10972180
2038763769
1715594430
1926248855
-878174797
-1149748462
-2077236871
-925975626
-1802786442
-668379642
-111020013
-1430491462
856852156
-814415548
1970163411
1147572538
1333305302
2026723663
558019139
-1062902581
-832322051
819891870
1073327175
-717031040
-760156026
1621853890
872511600
159690164
259636052
-2072974386
1439525266
2103862790
-330377075
77549042
1270846611
-1694318172
-734303857
1965243241
2139214982
563334860
1760588581
-1589874027
-253592585
-2043935856
766959861
-1970040217
-1564850296
-503349543
884591677
860876036
-1465489988
-49162835
69335486
-1830461275
-38098926
1721561268
311870199
2121030334
-1577242283
-1362510344
591912598
97806690
2008954162
1872476907
1676065835
-513540379
1072930058
-511927634
1647142686
-50443326
1055499785
-1159361392
-704895773
315773631
773246071
1450698452
1744192107
463772494
1844615246
-676382282
1310311645
1108813366
9707275
-797765968
123007365
107579506
-589934903
-781264903
400023820
-2090512295
520967818
679138381
1225757162
-641132290
-1858486312
-1278678285
756755991
-540610599
-564458100
976536572
90404872
1683026086
2085417965
-918118200
1778881241
-600228979
985103868
-1804814130
1532074438
-942102142
1431024653
518463131
-1567048993
-851320082
-1727293543
-954306278
1813891324
-1958953842
1760921682
1188945174
-624264979
-694157669
1398302328
1550660349
-2138391050
341703211
664209003
-1928325913
1434122618
150638807
-1720268416
104562901
614265333
-127429988
343830551
-802997443
-915356369
-1448176122
1554479340
1314184646
-705803858
-1902268790
2062918061
-97612209
-819031189
1394517300
-1850909491
593207861
-1747152951
-1204381823
-165982056
-1537101355
-2055279422
1176903821
309080966
-252911537
538754915
-570396559
1781897683
-919446643
2111937913
-141429274
-851081138
-1918084989
1434263180
-1160413651
-2024284047
-1998385225
1027930124
-1631523021
-1112671823
774536708
-1981798198
-1474232337
1316355095
-327881318
11855785
1288540943
1588908048
-1210676408
800737685
-940140590
1530836864
1129745405
15323826
-572287689
-445127652
1131325067
-895719720
-1770110121
-430465288
811722158
585190719
-391981297
-1765943969
1520440909
-2120926346
582411233
-1932255518
-1157933569
-555050086
-1447954405
-131034957
-2134276656
158564803
1825658681
-352193997
-1050434237
718341313
-874350969
1928472264
-485402213
-1808601593
782639114
31777012
-108059306
1594750183
-678928480
981856931
-1606282247
303954175
-1593336218
805031619
1175707155
1647112179
99061849
-263712743
-182531717
1483635292
-1494034369
1059658066
-2063545893
-523545601
802719175
-1997725096
-1105091214
-1334373567
635490799
-1428666649
649077268
-69342246
-1861829211
1858366047
735477366
-375428919
951744177
-893713189
-890848344
-1574547065
594192081
-1196020351
994278114
1203580542
1496387877
-4753893
-623742078
-1123934020
1759584717
-1825018905
-2146319019
-1902903069
-1854057520
1507971498
-1766216939
1946024292
-1828548289
-1514936566
308826418
-91877396
1187443097
1872449821
1450038484
232149533
463174257
1410562108
-22368479
767531393
850839118
1194356509
-875360069
1624251067
174634449
964146976
1770910092
-127454209
-1326084323
1167095273
-284239675
1469263555
1459171186
508096558
-1221222109
1771890870
-1684458725
234380753
-600851085
-890202127
265762698
-115250383
1749729624
-967696788
-1883071551
531299260
1382036044
-734093134
844849906
1061814728
205448420
-633056296
-1712448151
-938442845
-1258919337
-952846677
1758133161
-423426584
-1674751424
-1767593432
-138907691
-1328069868
1727218850
896605488
916717906
18053208
-838059987
422985596
-753256791
-353376336
432163007
-1189974067
1966651825
-1017606349
1948250668
99441000
-1722017300
-662780500
810332994
-955321151
1694290225
625970282
-924689145
-1806082186
-700092789
-1055085996
-1481534908
1966325630
36047713
-28056512
-1680852154
-781998686
1246195414
755033732
255128035
-218782933
-1115520142
-1400130612
-1345410629
1563231964
1218904833
1559145773
-113764161
1870525730
883326139
-541292678
1075487735
1544834953
1223104932
1442824662
-145959809
1251811186
114541366
377647498
-1930127150
1764718595
-51015620
27686680
-1548364214
-1181940898
1849465856
-1176276848
-2055598361
398569236
735882152
-746521311
1927683919
2074946523
-679197220
-2005326350
543119637
-126339969
117121196
1071120434
131169597
-693972970
1268713905
799726701
-1183098113
645399415
-1375425423
249730849
-1910499637
-729373204
578018055
-2035163503
-698917491
394677542
474823939
1110016472
764872753
-1442151311
518097039
-597549760
137687913
-908737752
-937383470
-761022508
38277037
1036047978
-955679592
770778675
1044114819
1900196365
-752288718
124143271
626674176
82828498
-2046685798
-365598091
-1094557810
1963453402
-920303653
-2046721930
981335790
-845495975
-430809425
437769446
719369344
-432635256
-1871506583
-2031781253
-1503822398
-1733658400
-19279851
1680978105
1673777942
-1770368380
1579962589
-915940476
178063815
1516271102
-33226835
1724964854
-445689267
-1644864210
903603738
-62588302
-465840432
1383934846
-1720559233
1356620281
786546154
1849422682
-1156922007
1354124475
828904881
-1329307937
174602292
2001938929
466414324
-2017742894
-517499403
-679992087
-736620349
1707690707
700355994
-497072798
-1470866380
-2045296175
1418390608
408469785
-17147804
1395429824
807291684
1916228259
1938011836
2134968201
1301943020
237676925
1519320949
-1984561086
-1716002200
1229473633
2037335645
-1604421474
-582327645
1379163866
-1199839270
-420208729
-1361840737
-1637775590
-365915601
-1967234902
-1467536592
-881370869
460201726
793483377
1021255720
-153269853
-1221525235
845932983
1983654836
-1486334596
-1843770804
-1264556840
500399877
234836387
1819577878
-416778552
-368665806
-1158482513
-466738249
-1258106043
1176617308
1543762709
802589998
-1076474288
1137623314
-1411207749
1480918579
-536192808
863750391
1150904778
1282047866
-677505864
46931362
1812660936
-365852103
-590859292
-1054680379
1908244453
-2072840216
-1420224802
-659152240
-1597433452
556675655
1031528045
-1734647977
-986086307
-2136961115
1829397649
1881373553
-1967614735
1439115102
158552241
-1343736989
-1741254274
394980004
1383119638
660203070
-491404220
-1618016894
-389999716
-2001762235
-1247534232
-728380386
-1157939290
118528978
-360242680
-755976130
145892178
770397305
-1721041265
431241996
-2002056723
-353941395
-1597496759
-273651939
53322153
1074222114
61236793
1941681839
782990989
127112244
-1594928854
552432178
1852332204
-1181836921
-597843197
1027177225
-945063527
-1190708306
-1182154401
-138969455
1033243929
2026548624
-1183327907
2012992865
-46053094
-921651128
-1408906573
-645360941
-964517660
83247181
367276041
-641627965
-1461487730
758675666
-626583420
-1271512170
322766258
2011523439
1848657568
1690387070
-566204829
-1864586751
-495056830
-382996485
574488415
-280659763
67566605
-1996808540
2113845377
-556953877
1081890804
167775783
-625691016
1792431841
-11434737
-1215939443
-2026861379
1676437901
704718002
1891010498
-974972222
-2025884344
16044731
-2058591404
486770791
311358280
-1300874964
-163436933
297014705
392318790
6637817
-152717736
-1653100099
-458660512
819506209
169283713
-67793678
944536128
2055914754
1401321917
891755125
1493242236
-1723412759
903894283
-1998572319
506152511
-1917914136
-382671127
325605943
-1914074583
669871084
-1465218862
1389835027
-2099057036
-1687160562
-2137190137
-1051338463
-1974576297
1273910569
-1122667886
1418301646
1361795502
1861313708
-611788409
629402178
-603237670
974799536
-1906391155
-908100212
-514561307
-1295680948
2086794396
1836037663
-791324438
-258473688
-1739065337
-1487052420
-552345165
-1219967152
578551229
1827730736
892721315
-1110249398
244911051
-1293500415
-1174484266
661260650
-633037788
54032996
-1285900154
-1907699357
260214436
-66393551
1418756272
1326998817
1026013010
-1138389607
-1581456649
1579083222
400592101
1296400727
2145467335
64089171
-2129282167
872158757
1340038845
745430424
608215010
853330289
-1267846331
353137837
1138617936
-1161456304
-1515653244
-1209526861
-1119024523
1598540722
1653951864
1735573045
-1831939341
1407643863
941258334
488875715
-994122374
-2008659711
665215059
-2094011967
-1957781759
1974799723
-865899970
681427836
951671890
1393851513
783024620
1791180669
358465228
-602785488
-1600683908
-814618846
1268775268
-1989890585
105769212
85345641
-1523226132
1482581566
-1215926956
-886352881
515506840
-1677159345
1064230242
1120871897
-1519106116
-935054044
-747084698
-968400336
641000922
1802799208
979908768
1813603827
663430108
1143787360
-1043259081
-532472440
-1118325347
1770424091
-1559955875
-1319179212
-1134841171
627347944
400261039
-1857145683
-1174817451
1799029767
1033786593
782980844
-482646568
-1153792092
-2025872230
519911238
-561121796
-331772928
-772012644
246653629
1372344520
1705292785
2128983591
-459987821
-497679730
425932684
853142943
1606164768
1935547691
1395862815
-481876884
-1429583387
1737333900
-1295192731
-1690995167
2044116704
-490139787
1331431156
1198555615
739012897
-1616803715
-1194363654
-591106821
-1959552356
1307908956
-446034648
909503454
-1413849279
-1916573079
-485009171
624391469
-58856631
645859421
-1684517401
-916716759
936813267
-798182820
333355414
1915357015
-461424978
-1087527370
824472658
45577314
-971525512
-1700620055
1421487998
635568704
-1350379545
-97971862
-1721634050
428150932
-563258522
235744164
1839554021
-1858024621
1949554147
2015758272
-451412365
880571817
-296386585
1999858087
-768289474
-1316487395
753863142
1291275460
1790203822
-681621773
-1315297832
91123726
1947968941
-757878319
834901512
-1707663803
1159521951
-1593379420
1448269099
2019931771
90964368
1114390468
-593777741
351975637
-1339415380
-718071467
591611493
-450471022
1480445939
-1101943312
910664232
1740762188
-518760660
-1818601341
1894867232
623346046
-727380198
-643655051
-396010245
-1777024954
-1201825299
-1946164979
-1223914870
-1177699733
1898055419
532725012
1969095315
58796192
302168495
1968140472
1224754149
-281049847
888490945
1515517874
-453770581
-2081764865
-2013471065
-1946030677
499915013
-778249968
251760715
9762523
-1457820460
-413217207
845022973
-498299149
-1468342571
401327030
-1222293334
-2140380611
2081855217
-941766359
1334989134
1524405504
1473462738
-2142497734
1664490662
-999580376
1578177465
-70407025
-963635414
-1121873370
-853826418
960763997
1409821242
329127701
-1514997448
-200946386
604034967
1885881117
990596654
-600282908
-1574234092
715795484
1281783630
2024208125
179106188
289929090
-1488787219
761316888
1028061206
937203068
1011465774
-1406037577
246689399
1126468180
-102346601
1305216069
-1002243624
906062359
1795634401
-125053605
-1705173832
-708384137
-533614322
1279592510
-1214255837
-64180493
-99745855
-1914040660
-897238493
-1790037196
-2010909495
170578903
-1968139145
987002810
1776604926
1741353905
670822018
-520399689
613974864
965583466
1134151558
-1998678213
730934556
1618610230
-1034791407
1939426448
-93696063
-769452717
-1388026441
-1786519577
-2142460557
-1211493814
2011814912
-1635520973
1887057742
-1159499660
-1716840284
-1909787564
-1526539602
-1778803009
642491637
-1768998024
1035120573
-1906186574
1445848732
-912480322
-1135512243
2146669998
353552775
1481723163
1499645415
1345451637
1054184738
-734794111
-956001757
1717427952
754147524
395365181
-1014338503
-1578379732
1353767787
183197344
1078556888
-181922139
1940413100
601486817
-1812850378
-2036207417
-1229626140
225067073
-1609457049
227299761
-724424013
-1434698384
2602482
198799931
-1882283093
1903373871
459280289
-525077958
1997554243
-999134410
834329753
1062724610
-1744538863
1280722519
2004545449
-177042388
-1142990024
-856204830
-682465562
-1319642728
-236746210
1497950795
-1438935433
2143869365
-1878617502
331955722
1416973484
1660333311
143769101
-1111158846
1324794709
-719208503
-509783546
-1671594331
1428214353
1760381756
1714951371
-1353572074
-1397278876
1954243231
-403436450
-1048109681
1401292622
-1159327528
1705813884
-2007405116
667196440
233720369
1760151060
1129426952
1334351024
-1610500513
-645507849
736635632
2108733880
826578624
1316516043
2064836405
-1864836198
-379761436
503596101
-226425890
409271775
-812432049
-1367206506
804563102
-842832959
-1280619909
-1905051867
-1134609798
434786814
-2012773341
-567750785
-864438610
2047842798
-1187928386
33205387
801986513
2145731031
-866511031
1228641794
-2084640457
1384636032
1438582601
-956574947
-1670288234
-486510077
1167772944
-1920870513
1266349547
1929700327
1047067710
-1888728139
1991303582
-473995666
-2042232182
-923802613
1845414116
1712741674
-1759163198
-472466462
-527574940
1265866966
47593488
554575695
-575116004
-1499267998
-2138025090
-34918298
1067457414
1162731343
2118366651
1226650536
1643807990
-48643779
1886546719
1590251449
1913364293
-658103615
-1809563668
868260949
722096820
-82929796
-1479120170
275668101
-828993015
-70032024
-832775228
742039565
1505120510
-1722006155
-507301160
1156646952
-1103037221
682498388
-1063803987
1250075510
-1929946271
-1507480943
-437630753
-243985099
1744827370
1612105447
-135287857
-1799324753
-1772198195
1095781839
48071847
369150451
-1719773433
-430242982
696579739
670468295
206621207
525483072
-1818375054
-1633799460
-771415512
-695027913
-286623420
1894031427
-1890249099
-1418905719
-1667964539
762459423
384650728
-590367520
-1952436159
-714225764
1039302660
1806775396
1011629225
-1464635105
54345733
87662343
-1425325107
772456127
14997062
979380511
611515050
447411442
1448332257
-1823465676
-1029817241
370367115
262605980
26029083
-1878730533
1294515939
532857603
1103981635
-937212078
1760079702
1268142800
-1492065714
866402705
-1927933967
-2001005165
551756003
945457942
961153897
-701514354
-1070776895
1970890915
772771406
632062689
-2050268648
-27358211
794739071
-1792377114
1970965523
-769099791
-1187956768
-1392846370
602428857
-1467965289
-2126593206
762359500
-1191717643
-1263481894
763241667
-370488927
1961617650
2072999479
-1459352594
1547215768
-1856468820
793198532
1536039364
-987217437
180479684
1639556467
-1834034556
2076236423
-957776237
-209876329
829090536
1183343491
1127636608
1719555751
996588697
1869639736
-1347992682
-1605850302
-1094210077
-2048327420
445798992
1834874483
-1562220372
694036783
828356791
-55024331
-721699678
-1689276662
-2018974290
356317753
2130733235
2038434389
1375273356
-26096410
1768654786
-1062574879
-519150613
1185592480
1490719894
-586841738
-684211521
-1958812596
1279867158
30649590
1215575721
-1082246636
-1713480525
-1835131455
-2002866035
-1119533209
1490495012
163341659
-27085727
175854915
-1766595495
1320081484
-1623102136
297134262
-6942039
-706932665
-842305825
-1242461279
-721556403
-2001212274
-794511403
1376247231
-301382895
1532015764
1949157825
1216819685
-1606644408
-2123546397
721807919
940587914
-1560649985
1933266496
138928379
1738707082
-2124627338
-817668340
-1432107038
-980876506
-244898869
-1235366164
-426918059
-551348145
1405010936
1970470060
149068944
131669539
-813504769
1241099872
-1746869013
-1101224265
-2118307485
1203049420
-949638544
-1993381097
1383459034
40241925
2084707756
-1970873718
1778322495
-1556509865
-495458102
4381210
1657042637
-1443341719
-1065900067
-1693288366
236880522
1402630047
-413265284
-397829815
-2004361728
-1390237249
1256303251
278322911
-227636942
-791823658
1684800632
-1963372218
702754254
-420909476
-654902212
2068417476
-2048309602
-514347626
-906531773
-1365085770
-1185035708
-887953861
2082748695
842117079
-2137961178
306165594
-595474824
-1967616574
-1660039514
-1246623622
34023863
-1870015563
1708107158
1686761218
-910971581
-581318505
180109291
-1175517733
-1723827836
-889091013
-1080514128
104274771
-888965401
-56143386
-1335029956
-466659004
827702585
-758038770
-1235112282
-351450251
35726393
-2029981084
-1007358855
-2046859201
-1453471385
-925763820
1630633892
-1616183437
-461267166
-445274037
-7935820
-866143365
-562997007
-687126279
-2007652284
-1079582530
480463136
737891288
610527411
-1822976183
270140302
-479639637
-1668903145
230558379
1088805317
54490059
-669653134
602905631
-566655925
1921812703
1401184291
1263723248
554667319
807596522
333514911
1274369817
1495486470
1038498186
-1300838560
-1833008597
-1260805457
-46989443
-380339427
153803379
971144180
1955742312
1301904186
641117275
-417453318
1118896595
304425857
-742148592
1575351323
1520532600
738170642
1531599205
-1837029637
167481020
-1665382760
1850836982
244122073
-20580995
225953213
-1992897136
95352359
-781551346
170101727
58858704
1917723227
177423487
-941933565
-1500036599
1317672199
1173351713
1564045321
1146167403
-1032704729
1170533960
273777441
-1859052192
1558326201
-535782062
-296284291
730816057
-2053256557
1094506984
1280512840
-790709239
-963744656
839188099
1372713174
98669009
480459339
-1028926158
-176898532
81447133
-1744485904
-585788263
1124308833
1603848045
1683384783
-166319812
-1304041163
284042646
634080786
344215293
1354818978
-2079962006
207444722
514211555
-2050254687
-1908251818
1146337350
1284830492
-76853297
1278029771
-2009671076
2088719173
1583499616
-103101663
-1523856372
881238759
268820051
351490743
754025993
1635925060
-602891289
-1728711074
1502340986
1653626196
1324875853
-684455689
592257993
-80331510
1570033310
299497306
-1549289031
691177179
-664261106
-2041165447
1396721598
742910592
1119291490
1171067333
1364709768
-445654023
1800952735
206073551
1394363104
-330293291
-643140861
255656754
-738821192
-1245782096
1072577337
1946388401
-1312190084
148177661
-1668864569
626449307
713683374
-238628859
680611786
368588662
-1462361679
-826861265
992403429
-1936628260
2090194916
-348554623
-1329016969
-469293409
1615890930
394029926
1827574539
-1444143053
-181531545
2019305649
604198420
1155990349
1940461447
1915468514
-1387348519
1155843271
119850330
-1995334489
-1045272658
1226445254
1410555147
-1549154908
-721119644
-2107284962
-999424142
-1888019082
-412892414
1708477684
2049050863
-2033542411
-110754636
690815908
1544699001
-714697799
-1530756093
1283135205
362220534
1753808863
440560966
1316284971
592089548
-261114355
11146839
-410289844
262279095
1494606770
-299742326
-539732890
-945813795
1712997778
833943515
2881023
-1056490209
-1900944255
-1947231130
1571084140
1764246449
981686894
804342555
-1851201673
-1293397268
-477961309
-934209359
2137605947
1698271074
-1817722806
1353005531
1519546707
506072114
-1411929550
-599638087
1777938227
-1959780706
-739417389
273491857
-849936171
-1565534502
-1635017329
1370632638
-1787635049
1310634534
-1900164550
-901925913
477977955
-588785122
1300005852
1110661748
2134240528
1199867216
-2109495371
-527200962
-1059043065
358698255
-1203480448
-1425675387
-899118295
140676230
1369272827
-1034218714
-2104643344
1130831119
-676777817
-116971763
2143883988
-951450683
320278988
1360644327
-1087672849
14214231
-1670041664
-162563556
-1278319645
-214020833
-432234905
1646499836
1661179131
-625201038
-1062695939
-225876168
-128403312
344203065
-1378342382
2070274707
-870688851
-1623189312
-164125994
1447772376
-1519055371
-1380449330
-1171480938
1989305870
-1729137467
-416471820
1925651846
-788679702
854924437
12985898
-1476417088
1758719364
919419043
503022487
-1810356852
-132570547
-1830952750
-1264750161
-112936478
142005312
-574157362
-1190555517
1561766188
2109984088
-1158761612
1505230931
-193263025
-852535231
-1966498447
598518632
-675565588
471519314
1371730472
-1261250272
672186338
854047929
1918795737
588668490
-63586537
-240129289
-1034930178
-2005991757
-2023942792
-633324401
1493531896
440914945
-1710666179
1392909305
-826071573
1324731838
1996724337
-1121268515
944069861
-1550999881
-467973199
68619133
435993413
-124081273
1188197683
1363980146
-1714010022
1782435438
-1395150582
1680557466
87178826
1230242918
-2022845529
1024447824
478656821
213014392
333850530
1435452638
-1385057127
-461006261
1650082746
932057391
-1463551241
330942717
1662958874
-1846588216
-888345674
1832264501
-1690813986
-960488967
-187483320
-1174908040
481339348
-1419504561
-1288892021
1659516860
692231046
-761635508
457190001
1391664954
-928179336
830095449
-1039082270
-1937862264
1751276461
1862377979
805317600
-1631587610
-462934672
1354673733
45565420
-744777257
-1184290992
-775849331
-213838168
1016277491
1919011179
-895906206
-17248579
1822181371
155525615
619612092
-83982850
-1146750162
229160413
1384271477
1095850957
134369242
524268048
-916550920
-289359427
2133790517
266971262
886461495
937204856
-1814978451
-1030136388
-1474279198
-1155070237
-949524740
1302096583
-1428387883
-699989121
-999476671
-1072384256
1696414673
-182462446
-1227517364
671157880
1723838062
-1967829115
902768121
-1740482450
-1605429680
-17809904
408499775
954151445
-1316383591
-672881773
2000040649
664793497
-164424290
-479391673
-5184570
-1472637596
-328660772
755314581
-1130208003
-371432548
459613228
1174904133
460602915
1348877808
1707910710
1645308123
1119562864
-1848447596
1116523555
948955965
-1262718609
826436489
974941846
-1784425831
-1426539755
-1878038239
-150603300
1104054405
-436930283
1466670274
1729901921
126703207
-1221938318
-907176214
-1175482779
1649929238
-2020690347
1220043634
1346427376
-240243519
-726259936
866482966
-91635197
1866163727
-1366337854
996002100
-1316859377
1322472840
-651893428
936823251
1980651178
-1401970638
1580665540
-646642714
1702134912
-174415745
719329593
-681221166
-1502831993
723431014
993430551
382941742
1924199286
1805600207
1378891964
884531913
-1433191817
305377075
-1540393910
-1419421712
-1948567782
1534135939
-1747172673
-844024336
-30284659
-1580467127
-1871125694
411169497
-1932900342
-1508373235
-402502210
-1945979
1780267664
1953360633
-77433420
-1142735144
-2036295211
-1624840769
-1459394995
-1830233016
-776235910
992419002
1869581230
1463489183
-1680013952
547202899
-1751335537
-320202241
-449899782
-202088538
2051333902
-1617757146
1152287748
-903924892
42477504
1167108595
1259700723
1679105786
1866623497
-605395671
-1827358515
-314886414
-247600467
-1541897615
-2011591941
1915511706
-469525082
1455736741
-1248375748
1590604514
-625877961
-1254364597
-978012195
-699308918
-1086330815
1788473951
1184765479
-1547889540
-1843015468
-1911323308
-1664105193
2020714358
-2017096695
1029332317
-306964396
-1249649173
-110405106
1094414568
875218013
-1079594709
-561461887
-747008406
2000636161
-378872127
-651242238
-1009815455
1438060308
123815451
-1274985982
-13595242
-831050401
1532165232
-114964255
1059235
-1723004712
1770797790
-699406792
-722835020
883180562
-1687844143
859477362
465793425
1718071798
252236971
-353966943
-1173566245
-1477296205
1143354529
-972066418
-392058731
1506806258
1109834211
-1011997678
-678518554
-1419833010
-1935051777
-1670202973
761407260
-1889385981
-1862700409
1155397169
-1240546316
-2003778844
-521037072
-1734439374
-164054504
1800847250
1739421885
-1106633221
224185576
-1281613334
146041820
861782610
1674981244
-1044844865
-1388390065
-1374214592
1571151849
805714377
1795899918
-395306454
-2143423804
-1510611748
389243947
1729366050
-1128819996
-1249206692
-1949316553
-87565958
2030221674
-1079192849
456813796
-332258918
1577771525
-630159755
-173585685
343581203
1052524402
-1121236940
-1613489361
-1319797773
-1064750014
-1200048553
1644068130
662676058
-238545953
1597981849
-815641753
-1728617907
423456720
1487813181
376960185
-1114303543
-1264093893
-1521935551
-1153106166
-1437251557
-2040324437
-1314656046
495917295
-1763243666
1955347987
-742972158
-823894726
2133196709
-762993901
719906232
913419496
273780331
-119086727
1783972583
1825194813
1431257223
329350153
1740471297
374466605
1264063604
319256449
-1558564690
1915577598
106266160
1048156631
-1840027463
-609018070
2066494036
388225476
-1118001334
-946864759
-478146972
-627916155
-2145223334
1651702703
190689896
-531312672
748310370
-1756098670
-1695834181
1602684516
-820231595
2106672496
-1911688926
-2124657675
-1120238639
1030174191
-687538144
1755530375
-1966579312
-101172603
-2134865017
1816573737
-453581788
-2056780774
1059468114
-671039675
-7085853
-1278773270
2317746
1262046758
-1076644065
1457977008
-581969562
915194041
568143002
-169643520
1952960847
-50360937
-1378738888
-2119896076
-1304894141
447762242
1434907126
-775193333
419920928
673820334
549851930
-168731571
1848550180
596242947
1914423724
469263793
68030076
-1613876319
-319142876
1468639939
-629207270
585860452
-1764969884
1061525889
-96300597
1698726952
1519103208
-2086886010
2087156616
1687035791
-1059824837
673636202
-288753909
1783536129
1218907564
1423122023
1606518693
-1657928460
503922241
514629696
-2044922546
1473756525
-284021524
-1434434723
-991402499
-260002619
-995587332
-2070364358
1433090106
-2066853456
766175702
2052816642
-1567591696
-1456024197
-794566428
319160950
-523903353
-101273196
-456778036
2120608020
-1987372238
-1300453041
-436479515
1633946484
-1951709051
-688579610
-2070391834
-488814860
2108756553
-1633029438
-1091476256
902422423
-926009709
-1384337416
-586006163
845061162
-999499501
185884949
-1139281879
1558249640
-684574807
1873902110
987439713
-1600501025
2124387389
2100681938
1670538250
-1913973422
1140287439
1594855473
156423924
-1103379359
551170764
1771629633
1543826751
765731239
963608228
23674383
-2067409139
-1830368861
-2111511400
-247650317
-1224370311
-1727836263
1565928920
-2117189096
-2093157177
342637498
1187963084
107331387
1310046171
-14923902
-1589194831
191764915
-40702225
-191333279
-503284632
369364144
-1938937984
-1214048099
-238459510
-1664655929
-843459703
-918725002
1175031999
120601261
1059606003
1909764490
563144272
-1984549054
173683275
-1537628550
-1599720967
1583478737
-326239307
-1916409650
-943399676
1664332694
-2093605088
1283463957
766752146
-1772405888
-1030089542
1885017424
158357307
1138270519
620364966
1742742929
1074792665
1291262559
1676937964
-1469434146
1869620129
-1871389666
1986348721
378667610
496850802
-1236358436
-1175443289
1237954214
-75865999
340664905
-202066746
-1425505916
816054741
-454690397
2036247355
-112359491
-1474733569
14141496
-898052960
1774868293
1577903053
-640479702
926133614
-1024110692
1622391086
-1057651342
1413598383
2077555830
86895353
-65994970
-1051598345
-104038755
1207697914
-1071951618
-942958956
-1991565546
1260584270
-1972300012
-285073916
255815810
-731815440
1037848042
-1173134937
-1001348409
-655544429
-673445711
1138865077
-2048463633
-480522575
112904136
1912683889
-2043268785
550652899
-1512754302
-1890476898
-502513685
1705866355
1934311212
-1919982542
55991065
-1799968721
-1116604339
699429961
-1066933661
-1342999425
1593607727
614030684
71714737
-194294598
-80274018
-1880538446
165458599
-870321228
-535368465
1753018389
87815756
2779803
1586381891
-450816311
-1859011349
1639414019
1791262221
-1158224454
-1765011907
1757159998
1371892689
1368223987
1175229384
-336880655
-1321972947
1508219991
1566654337
-872572445
1271564061
1287486858
-1901184840
-34798824
53135737
148597039
-1760611532
-373005282
555032771
-1595924648
1211405469
1192145574
663830047
-1800746182
-1583150054
39335509
-714076254
1540409888
1667399738
-510350628
-1428800818
-1470730846
-1793886441
2096951109
-2070594723
-235590378
305159352
944232080
1697720893
772733509
-1464710217
-1975063170
63795420
-1909084831
10959907
2015971755
-1944392539
1646836790
-1010713433
1932768738
856049353
-375738208
566794731
350146476
-91388862
-785182148
1280251962
-1421809110
-1877994988
207140706
797221732
1605552676
2078069205
-1248087726
24451301
-1996779679
-2097812880
156583852
453054534
-1841209544
-851812059
-1937262811
1885849027
-1111382937
111263443
477013880
1353878317
-148047838
-1170848391
1154256025
1575740177
1118832751
-985761286
-1827641552
-502617574
208932784
818873887
506632261
1344008883
1979101569
2081044194
-1914782665
1555855088
-1807593276
1776458473
711704818
1050461358
-1861405959
2123007312
-108876960
1440319480
-1974008622
1259501739
1684520991
1369675692
1971426310
2102705738
333513589
1967761501
-581250459
-143872578
2112898176
-2106603141
190543404
1222404252
1917200305
475992241
-1665217638
476843648
-692657029
-501606514
290294722
620342613
-1001346490
-1735839898
83807394
-383684142
-1958813527
1172008826
1278172789
1712970823
2124723929
828899670
1969302085
-979894887
760002139
439177082
2021221827
2102132874
800214273
1203894844
-477253542
-792296643
-2100985325
677754604
1035824513
1285260537
-2145891637
689863993
-761925552
-476058580
-1691864570
749774546
-1454027690
-1721046861
-949074119
839312720
742973353
1477752408
-1492481887
881406546
1656875581
-1228897381
-1384170306
1462771177
-1662269831
454525109
1078193921
-535552202
-512452857
230120153
-2025913405
873384786
984776171
-1594447940
1018173305
-889317779
1761390807
-24771241
-33252058
1268253497
1402011324
731705835
-1196199920
-1816173432
1976801956
-1328701371
382946486
1043371315
893403070
1921731651
-1041537792
845630014
-1841233222
-836578410
-558070856
1443685177
-1534041001
614307529
-306941127
-1840194328
1074886969
-838670719
-660300955
-243054042
-2107491585
-336822011
846203611
-1402767610
-1055304043
1856431104
-940286103
18029114
-840823866
-1805748602
-1917566528
-1312769864
230552084
845598548
-1694406554
86122394
-857884981
-1246127269
1557091824
822220869
905914451
1033824383
121063023
-1246577971
-1538252090
-901195621
-800522198
-2107112808
-1095028286
-1119289144
-531924083
-996898496
343669631
-345638689
-1907648926
832342973
1244055843
314302267
1392920126
-120480317
1563410516
-2055547709
1797193277
-1913933975
-5004785
1564652839
-211141647
945441035
-2012405065
894144360
438267798
68362608
-1260441743
-1635868002
-45829237
-214863314
2012066990
-1466178827
-589691139
1728818764
-844908024
-1564194056
1030815717
-912556247
633268050
-863929071
-2126960589
-680645731
679855849
182942032
-648512949
890359133
1685018960
-873108629
1927983280
-1957300060
796380668
1361499397
-1854317314
1912388110
1590130027
1635162163
1063909917
1390612166
1410220154
1730782779
721317299
-428459293
-1018732296
-959490402
-1353208614
1472045583
-759308427
-1757304232
1672574995
-929626519
996424288
508559205
-2096536967
1077760428
-1776393648
-1486686073
852662329
-720352112
1555998625
-1995399866
-210036671
-1860835216
2020306243
-662440392
547247415
2098462508
-1137920818
1040951682
1410101676
-492065456
-289548328
1096244126
764185489
281913973
733020810
-568076195
-1800156439
1097941991
1589068657
798115887
429008831
300801415
1975075985
-244910686
-275702949
-621732621
-57015873
-1355782360
-621825872
134882019
423497776
-232795875
-1073043433
-345737514
352799564
325592071
-1151950270
-422344467
-1549927736
-1970717922
1558021738
-1174802923
316524019
1631645455
-512780341
1415953004
1179519055
-1305210628
-775164335
1412275677
1727159138
-939683385
67847827
-466573556
800680398
678582672
-2133631744
-1563111303
-1264754785
-406023301
-1551349673
-1455506465
-1405980
1633251766
102008668
1707032541
1263929216
-2089767494
1832367560
1490660312
1792505153
1529694416
886512768
-1659902434
47591217
1574129878
1540002058
-1798322097
-1150585556
-96031422
-1487710148
-374383112
75526322
1890793575
-1089339338
-623122048
1940398590
2043062519
640378257
2021249863
-368932265
1575030728
-1801693224
82962187
-1216895067
933817818
532582710
504005518
-563210938
-121887079
-2114390671
1014079605
-1995807198
-1559801250
-2101326826
1665584755
474057724
165754171
1353509366
-1065183834
517595147
1537236471
-1833108016
1695209024
941334729
-79875753
52589647
-434499734
-995428086
-1577917025
-1200183498
-1818644380
621995087
-285855145
2031963097
1181603824
-903248805
260094034
-482126642
-1867307536
-991183865
-539204116
561887973
651526990
-84466862
789207954
-875077292
-1519320037
598124732
-833284986
1717340470
-1017362438
-45648941
-187312157
1277528118
-1957823297
857791757
-1460554273
1472837255
1267033938
-1117548840
1196594512
188663831
-1913121063
-121560081
-1809509007
-1732770557
251995670
-1112615185
-1062451227
-279177908
1573957388
-1536485591
1892189947
-1193323573
-1905240856
-1140386119
-1843467214
595319906
1161562143
-181230121
90385152
-174077580
-500930349
-1634078868
-98708530
20796566
-719164549
-1517688088
-94026937
-751841658
803873729
59348818
245350866
-622615973
-2025530962
1440961440
-305555620
513726462
-1240150780
536537160
-1256056998
1957349848
1195854570
-1845357034
1053747470
-1334378036
1226832334
-731464128
-2110451704
-136810137
1301446534
443742135
-692356881
-1224246954
-15866440
-45570625
-492630399
1295152152
963600508
-1863883839
534551255
1721874419
705190719
277142112
1619327213
398804012
-503451670
57463241
-1875617183
-1387033231
-1308218302
153064783
248882555
-64741990
-404108911
-1749386186
-1450758291
-286786928
1400322694
2082450382
643192539
2072840333
-1409404071
-988846397
347849372
-583476347
1194922034
1924562355
-1495906110
1838853091
-251937333
542815489
-1967210025
941318776
1582696531
1325872104
1613712490
242085808
424768661
-1146597166
-1856191287
-1619959290
-1437530279
-1842917654
512324879
-1434882119
-1550082294
2131484912
-1362869920
-1456904257
1627374488
-751663797
-709372813
744013306
1124733087
-1367077020
-1700687792
473409193
-919233080
-1735658959
-1883224230
878540064
-1290794641
93331471
537330064
-1999523397
-1547630202
229020628
-1830792689
-323216624
805283512
1852954404
-678231846
1970734691
-1300396591
-1058072061
-1415508770
-2138909858
1349706588
1616228268
-1652143569
-7313663
-1250155123
-1364130656
-942923625
-154934825
-710662047
1557881345
-1413730734
498074986
1954850819
-552529377
391369490
916323576
-350720654
-625427885
-1950947512
-1464042139
829497695
-965280245
-1199561819
604794996
943515995
678477606
-1456341794
-258957519
774255409
1761644418
-1930233937
413732785
416961168
2002331602
703379747
-405140994
-953559827
-86509644
894785297
1992947787
1266659239
1281893122
-744575767
-499083665
35302507
1485275239
1505736880
-1197136752
1732687833
159673653
893928520
1998623006
1435104871
1000639094
1429167861
677629443
1955840901
525449024
-44995812
1516356888
-570818814
-2123637683
312132684
1632608218
380849326
-1129095989
1646805378
-466266531
704850495
841564271
1786189736
-712787584
-831062152
2122279631
-950935457
-1882952607
1172409479
964981745
-1748973314
-691306221
3431086
-1222904290
1428106713
-266752882
-1259531482
-384998148
1809393093
211371495
-1849237441
1660994011
225952219
2043643072
-1782694709
1872871758
-1060436612
-734088447
662164925
-1000917506
74242710
122504647
1140941324
1770378426
1237878308
-1009708644
1089311964
-315447855
-947494661
748490217
1765445088
-1907705949
1240717506
1801673640
-1182503943
890955381
-1426326207
1193575261
-1812208093
1255918981
-372957729
2071993926
2041777809
-1276955298
-1471399067
-1261805872
458269717
-951217299
-610315768
-1425200051
2036110789
1627877075
-1243365467
-984431132
1247714523
1900527227
-1067038130
302194888
-1926098723
1678349423
63343364
-939756115
-1904190979
-1524323737
1160233158
832745846
-611998271
2005509027
1433227210
245939506
-1470512666
2032146426
1126789385
-1911434935
1060192642
-32392143
-985082367
-552056846
-1364635544
-13681776
1139688630
-1869962521
1366481103
-1932486990
-1700958215
302430300
131587893
-1956897891
-1425764372
1686518572
1306540160
1035750162
2124971716
-1892740523
1569259111
-1380040923
1873763792
-1517472858
-2049677809
265774863
1245841083
-326961738
-206709512
-1737839551
-1061368563
-23589608
-1560768486
-107850563
-647212041
907978956
-1159937717
-1695205727
622558287
1328112120
-1966436637
377688324
-830230824
1271132887
-336653918
912072197
-1409218873
-2054428432
1329788112
-2031275488
-218095486
1340458635
-114824027
226426051
-2018275158
551438176
989638379
752107041
-268744869
1536081041
660951521
-1620703675
-28810318
953594842
-1316997790
1871860073
1827421071
162291207
807262790
1242994055
-202794085
-60266331
1318341640
-1808984784
1061913484
1938374396
-483589975
-1918104675
1920262823
-743119300
1773556435
98764291
974198918
-411047691
-575669696
-387711445
2055552539
-1259141684
-451140004
531302977
1480489716
-97479317
292888361
-244271637
440003264
-952771655
-102657950
-1532995427
1910953745
-1849444277
113238755
2074934571
1045186915
557672985
-2059188153
445951647
1734818140
839080564
2019777746
-1098170804
-230237355
1304109879
889815953
-1488791773
-1295985896
525681724
678781119
1641673284
-856731925
1102330898
-746318230
-438599464
-1689825587
-438306836
-1843648682
1312251677
372612095
-1662267685
-575003615
1743152321
-602590011
1902410815
1798866599
-414275980
-868601747
1602145659
-2135990361
967949496
1777885072
697759463
-1091650906
305669115
222112919
-1155808246
350280723
-808842778
701005952
1979717384
-934298197
186063863
-1802981406
1233152857
828075295
942943053
-732318674
-1548660805
-1700450061
-1773225534
-391629513
-1121514647
2047711144
1197720638
-109238541
1716904589
320984349
-1964482998
-1853948030
340635122
1597444657
-1104678173
264358256
359315965
-2047307091
218447504
755996215
1908482269
504878433
319313590
-1025043193
1437012993
387715724
276124203
-2113515064
34982090
1967176832
-1630771448
1060364383
367000706
-1255610746
-456289854
-1084688336
-1086831733
-1457015298
1764170107
203637731
-1510959141
993804746
-1651014251
-259167893
2004867751
-1478392851
-1212098424
622431812
896613726
1421427054
578036725
1316576251
950846936
1428360322
-820393477
1662208243
927424975
1547617513
-1806958648
2089625957
578567565
1240218264
167667057
-159363928
-27766297
-1789929833
2112276230
-218387790
-1346609815
-1652658644
-1987552543
-1531124258
1726528722
-831478727
-142339778
-833542929
-1207314750
-1618969374
1155909904
-1193604780
-2022502735
-1346762894
2119138834
-45398611
-945720541
-982367617
761316379
464361613
855546649
-1205494197
-1043717194
1308897153
-303077686
1876017516
1885416433
-750274991
-1908303981
840201135
310594933
734172805
-825855189
-1785474246
-1637690665
1046620970
404219418
902969328
1857718828
-150934315
-1788290709
-690853608
-1558580254
-1135027736
1293463456
655821120
1657080525
-1048731885
1674386661
-237872033
138410368
380781597
2102709897
-120992711
340807902
-530161436
-70740567
398642951
-238906384
-312271198
-2105013971
-393931690
-656659209
921733489
-1425419528
685251631
-1622204475
-1690307056
-1001972646
1369480311
-1459221176
1408270311
-166933047
1906595993
74734695
-2075204792
1593087441
-1379840159
-1686135792
2101491703
426961736
500130603
903115409
-2081730580
1367768773
-684597188
1405791783
-1944797609
1013501777
915441007
-14595372
1022216931
1298585183
663089939
-99319435
225105214
436469497
-1383357421
-220384237
1649011929
586734652
457823575
-490058888
1919066348
-87928058
-1493958806
-1441146363
-1428927300
-863163667
-1178548643
-2050943037
1008100384
311769714
-266959894
-1213232201
119702592
-925982091
502517723
-972360071
-148353888
-1155347220
1370335916
128373255
-591969188
-856546609
613625455
-724337962
-1957998667
-1926845098
933292527
13522474
2112649675
-701295002
1886145048
719161766
-614787412
253541448
-99502698
-1011410906
-766672499
1231473819
-1384759621
763131852
-220923050
-1969251700
-304607323
1334900057
659778915
514892867
951514271
354580669
96736392
-1658520672
1154525383
715226864
1840601174
245433894
428001521
-1797366526
1483887260
1140967479
-1331785525
1766793329
-1145124048
1430859649
-2032613823
-1822252870
-1133466641
1994395832
-1396541661
-1812294094
-916573951
-418526075
165506307
-9450987
-1329047199
-552546371
1328118627
-115297313
1054694300
-498965802
-1397355504
1790711770
1533485784
-580682602
-2137682488
1853782776
460724247
-1613263860
-1958303454
-1615691806
-2112308291
-613585468
-2004787281
1630634320
758436687
77987893
-1986758309
-677184102
1637822333
-664073346
-362683367
1510909839
-1881452959
-1675595695
-372315713
-1874972539
-1044619767
1025823279
-1402511315
-928440399
1823826738
-1804193579
-96389195
1081494200
-314668970
1166157045
1109396406
-54279291
-1047406359
-344935383
430872970
1444892509
1164045534
-1179389916
2141077921
-1289307344
-917419921
-90843862
-556075282
-152526544
1668126
1143020481
738476161
-2146208857
-1128460042
408482216
1178743156
-125181691
1091595542
1820249608
77036299
-1362041544
110648431
862246121
1732246806
1698503744
628578764
599686631
1136490650
-485873150
-1306708974
608727589
1479166128
-1428141221
-1964127287
-675555968
159663532
-436640648
-816339750
-250581241
-1759496576
1146626148
1377521818
953443499
1436054626
-1902578207
-988744698
1704427058
-2087738195
1175332220
-1647743408
919806833
-1664439036
-1588263717
205317018
848791994
850609597
-1213977767
395358208
1037681810
1720110715
-654879788
-1659173156
1019588007
797657372
238487493
-1821719996
1731319808
-924934442
130508688
1786652375
-461176202
-2062380132
1808442396
-2084855879
623885666
201984966
1696136614
-1544833317
-705939561
-944601104
-2118558766
-1885090433
-326015342
947845921
-1463627005
461723899
1615986160
-1321771217
356559595
1169008572
-2130515425
-721245342
-1959282075
418280077
1801732696
1221005656
780479617
1428667929
-709696052
-1537825753
-1640234272
379572398
-543541219
2124205512
-341317310
-255967165
-434065137
-1000130894
930164317
1666931900
-1096731777
-1718942779
-892930576
-47875477
-2037489773
721522281
1395783702
1706156250
937186354
-762971401
-16555553
1994875335
-289369162
516378967
-344413412
1271716975
-1136721952
12123113
233207161
178663695
-1393155828
-193605464
1003079889
1173252263
1946954917
1189611661
-2084552515
862328064
-1035895078
200198449
-799211666
106507504
-2142995567
1226843317
114915772
1387260125
-458356068
-1043287067
201224318
630350719
550314794
-1879560549
1922214684
513737449
1188764287
-853760415
90326881
909110729
798599655
1692682074
-322260331
1915490542
-805904409
1250411361
971284426
-945522422
1617064118
-1587688590
421957494
71763129
1648564715
-1990575288
-1729119166
1404809921
1538395511
-1595811000
-1491828448
-896397157
-1450338348
-2013406051
-662532957
381193522
458454398
-1006079069
2024043914
-724585495
-297366622
-258067320
-661551971
508007395
-445974507
-1187637712
-1987065924
1045813117
-1793151865
1350319961
406569524
1874284575
-490469129
229245440
-1895149996
1796733492
1180117353
920103170
-452033472
36224374
-1809982761
1609235461
37140996
639266158
858614628
-493904488
-103747349
1839844923
1501612503
-355162216
-396868591
1600168337
-1827887034
668805589
-1215157193
-1670643708
-706308591
113733366
891006166
933790342
1030702354
1103702937
15974006
2139684910
952069650
-1396900930
345082431
-1065032645
949618814
1430245989
82463440
-989372329
1579010393
-45924492
-1011620273
1470693151
815471988
-2048675874
-210856512
-787391774
1167266525
1268780034
-544133734
-864617304
221701524
-1627236272
-1411851369
-930109578
-1761139836
866073650
1014394315
-1893493808
1219271601
2102170408
-236947720
1335517055
-871068499
-825398219
1739777056
16823700
1014810192
-1741415559
-1686513830
-1166937428
464761511
874594847
-271655959
-1648277132
1419475500
1141960824
1997326218
-739103889
1967044407
190137960
1884282124
499644919
-55022411
-2005912064
1589445670
145834880
-1357368298
594824300
660875908
-506261212
646370955
-1339120369
180298274
-1170405285
-1937848975
-1436914964
-1928359715
-258513655
2066687496
188779591
-1175206585
-1171779651
1700226152
-651393909
-55343942
-1893968841
-1521188428
-1270259602
-1253890385
1893268523
167285135
-1475846061
51155280
82498116
-1537729842
-1905992466
124971851
5099883
-197111953
1634685485
1275008744
1835107400
-993767478
432256086
-2140124579
-951756536
-159453946
-1137872020
2093832544
-1883247264
-1391878451
805163223
1078494206
92313298
1610653763
2025810755
-2137989461
-1749374161
-386439117
859579591
-1823889511
101600604
-29364085
1568196426
-300868276
816497240
-2120580854
-1113847006
-570054034
550670973
2030760247
-756227075
928086751
-173409531
2053870996
1752053764
-1255027184
415003599
1193626644
1348232509
1148230289
1630424419
2146917321
-718063312
43800295
-665081037
-533652511
1042890445
-189596765
1727421987
-1351969325
-1133017460
1169330863
1388864331
-538405164
-225227562
-1043142677
-1420227845
564913296
1760633507
-1823396105
1527712767
-2047702762
-213943197
1794093650
-615905501
-806524397
-1350513887
-170336349
-1735246087
1557897026
-1270119450
498484567
10848217
2061515810
653834587
868308331
1528083496
-637632278
-1544541263
228393354
-829095715
2029233850
483062469
-802913190
-178436543
2003090194
1878271614
-900928494
-903941899
-1286979961
-2046744199
1308375631
1906771769
535460531
410089960
-275632856
-483148181
-1538342035
-165663561
1544291711
-414227252
-986769607
-1850771729
-93462886
-1966496886
-569191678
2010704223
-1800312079
1970560250
-1642304250
1829978744
673393225
-1831228636
2044816145
-39257479
-367760127
-361446780
-602994707
1063841227
1163507883
760200463
-709936104
46975405
-1401789987
1820627315
-1679221321
1090985747
1018130249
792705699
793955274
-551206965
1434262027
197612434
2006603937
-225490462
89358146
1441901374
11429775
1123222853
-385329439
44209391
1676046812
1733064618
1266992071
-1416169280
2067130111
1233736368
-931163892
-1925552034
1970576396
879927364
-837980003
1371192335
611991147
-1806020281
1272844042
-1387660298
-1083064886
-356478355
-183103330
-406906476
1621418324
-369161368
1344490415
-473285230
-1118864350
1850108996
-1746283464
2079960509
-1425214223
-417534700
813542564
-434598063
-1603660522
1985127374
1082535916
1983973753
1481659054
1766511731
1285916899
-1735422954
1772030489
-37249165
2098186960
855457471
10115752
2119676494
1411546941
616815624
-299984236
1918623358
-125387506
369982727
469931569
-862668141
192224468
-707323629
-972943772
-7949920
626269795
-1256931889
-299029934
-1694161707
626971553
-2121088154
-1435447206
1746633581
1032512672
1493139735
-1718150588
-627737398
398606575
-1455602189
-128034630
2144710877
1039536685
2127862245
372791798
-742620469
-1999256610
693832435
-466950212
2086072781
1246639233
807602882
-765087605
1713871959
245523425
1137549407
1773211663
56250748
-1708117333
60748348
-132355367
441767056
-2146891968
201518200
730468689
303937294
-1481675828
1455392610
-1407066646
-1623429956
63437207
-1054444993
1133707928
-1740374516
-644012646
-646961589
530626942
-1335100219
1597686357
1854318077
2113719532
-424567070
1289702111
-718902129
-131192184
-885709894
-1009890498
1050694077
-1754204726
-517609632
-1318028808
-1326488116
1700842925
-1949185972
2137216746
1233258957
-569034333
932365114
1759732567
340117538
912486856
94366034
-2129049789
1266266433
74970714
-898296696
897808386
-1295826760
1697491561
-338231739
-1724173301
-1656877456
212821450
-1011901369
-764614639
989777973
-666095023
-363272252
-1203154604
-83464331
-248141762
-609586475
-1103761101
455751495
-1889329673
545288210
911779334
608329391
407609079
-1195831175
1526955306
-834637024
164879878
1242520467
1497567836
568551233
-1377003862
1426646489
1210257482
752306675
2050036189
-996275885
-446585241
225110419
-1214463489
-577076095
-2105276418
-857348228
1147808269
1244570495
-2117384054
-2027028529
345801747
-1962453149
1789536580
-736982667
1473829599
-339353623
508668924
-1501466011
-1538618633
-1961497774
1207140140
-1067893726
832200396
-1859432312
1454806857
314555527
2076097070
811517829
1112246620
-1826773306
-1226929918
87245814
64191185
542843053
1793582387
1132713499
346405519
2063198251
-1575573530
1614034416
-928164024
1097714963
280386033
2143050897
-338082031
-1864596705
-248629364
1955188698
1856959540
-713420746
1696414537
-88636339
-21478587
2101828337
-1640537023
-1152943816
1367565939
1749851483
-285955185
1981248279
1836847647
-490618888
-281715454
561805366
-263526734
-1137516280
-754530547
1594291098
-538893397
986680332
-722569726
11248161
-148637706
-1879612023
-1999540609
-1901351448
713819012
1795116811
602938152
2136513516
-1186800105
-313112724
1220993430
-1267273741
-40781987
-1209955498
-298937714
-1865635156
554787904
-254035451
924264821
-1315502571
1060990332
-470089135
-420835581
-847965156
-1861160079
1751030763
-447982793
319497097
1064139578
956567782
-2050583926
1736249114
226031869
1502157689
71531111
1176230639
1629596548
-234415101
-1858723623
-1853537240
1271635212
2116119374
122463110
423241420
823450973
-47182569
-743390757
-946151956
-220542694
134514381
142304904
-1719205369
561771098
1415503513
38982703
-1932514896
1794604662
-1962604898
1970432343
1669697646
1279528228
1003436161
1188442022
1511573475
457538756
-1088420565
-348935601
196728623
-1368776710
-1905845043
1913427912
-1387565930
-697485188
-373681372
784308928
1513489759
1212533548
-545348610
-1757020592
1634414591
-2044321432
550910972
1603078512
-1302836105
1877052321
-1573729896
-1270049364
-1147506951
-632080086
1199118953
1478745366
641419473
1807366482
-1231730523
350270334
-497468542
-575931980
-1767244568
-1335583008
1671100975
494917068
-1253341133
1407091485
-957260483
-685012018
-1027335626
-62466834
-567260107
498182834
309237713
930580501
-483270162
-859812461
1359599064
-1323815724
1506094826
707770425
-1195492330
690614435
-1881391616
1358276852
2108429460
-1836681700
1015234363
857437099
242813723
-1252018119
577043714
43137587
649568502
-1476498238
-532742280
-1566452251
1835768059
1373608448
1927938597
1248085610
-1936023604
-2111220810
1874960341
-1249330728
-133647270
-1518742703
-444573504
1891009026
1563694250
127098718
-1152166165
-610694389
1570550491
-1365592517
-1808034611
421996348
1788835431
382005265
-704099788
541279255
-1880240727
1907166209
-1047477399
-1864672084
-1557245026
190356637
999425682
-1928479446
-1529115153
1266042777
1291250519
541649848
1547831086
-1697116991
-1265137464
1354254981
516901216
-1630107603
2112298366
-1089452259
-973636421
-1922456652
768988671
924691198
-1626362192
1486252958
463344999
497082731
1775699243
-1919354212
1015751747
-1489549697
-1790352872
-1356025604
1916889536
-173943932
-352699607
-1446761704
418288388
-304497531
-673273386
-1750750449
-1739961125
-145173727
-631638107
687335863
1840673686
352633505
818948779
-1542028590
22535471
2005498189
1446401617
71594111
2045714865
-387951878
-749685669
1665550834
768280022
914807015
1472907814
-1395312281
-1465619471
348203722
1582702128
-461972141
281931534
913401125
113263069
-967472932
-266367913
1942919389
-2001128584
-1250453621
-1733755208
-1680136180
638540919
611043392
12300486
-903635947
-743002110
-1939090587
-1618515748
21776633
-1304121930
-1454002074
-1986849913
478499304
-1461498715
-772850080
1829589027
2070012699
358159009
-1695595496
-1618566203
-972507936
417651642
1803680558
-614369701
-931058698
-393210364
-1565615471
-1587397102
1010936602
142767517
2036765749
613186807
-866588191
420373741
-195134973
-903908128
735405256
-102910673
911982097
1464841613
-2069153143
1746555696
111264275
8972553
948570799
-941161385
-891557360
1960149590
437889388
-1405587483
-544627112
1505768008
892189866
-1705052036
-1328764748
1121797809
-1930586529
-325703195
919124191
845699006
418308133
284606221
935844917
-263919712
-1021907959
1819575376
-1773353814
-1200170898
1358937762
610376185
-714556675
-1005462455
1775969893
8706825
826898476
1038959552
1319072824
-2073465801
809935402
828100214
854501700
-1805011144
1627250639
-1292017150
1524772366
1247303232
1065859087
-725955818
1911711433
-1697795129
-1782665106
878308578
-892159771
-1354145136
1815436979
303760058
76535275
1052930534
302997979
-1330259979
-1480106100
372392488
1555854928
1142430232
-1129498378
-1856397944
-187426470
1186212148
-1056695959
565713167
-163352619
-1337849204
963916810
-1700134429
-286890972
583688570
-452720393
-1105110324
717238117
-1108503918
958706586
699575796
2140586470
1389851911
-1308341694
-608530
1576517334
1064449613
-219274513
2060331257
-1159397569
997282816
111808877
2015696260
-2033070029
-134754300
-179768669
1353168629
1803116613
422249196
-1663166164
649241509
-1247145925
-365580129
1519021862
-404443857
-643261695
1045775160
-1036558006
-2057768982
1401506015
1724207150
-491985091
1106499251
-1609784850
-1946432588
1921989925
999692015
1097880519
1122668130
-1501158786
-1615533873
-1115931010
-81719019
1385738797
-301531178
-98640690
452166418
-1511643180
-1461057640
-2090108011
-377840015
697640552
1125951683
-67111806
93445816
1733841921
-1448781213
385802252
1127218630
-2105516303
-1484881055
203846309
-1479550222
1031847959
-2094747572
-94668497
-1856098189
239980148
-1800674981
1451436207
729987841
-1957693442
1775056050
2063447359
1801566140
974205876
481194212
180282441
878500941
-1920532238
1312371641
-249491983
-953602742
757893126
1173342512
-664649261
-1845405986
-985288702
-611717434
1937933038
722627497
215825875
1384384248
-1741336865
398142949
480071826
1232044295
34071633
-770423095
-205336806
1719367930
-2080310093
-1262874575
1130470106
-593964055
823520556
1765201022
-2059887637
554523767
-1726192949
-1577670469
-1884161436
-729963616
245313027
731661568
1704794349
-1532122700
628085078
1025539867
-487250798
-1313565790
1362478927
-929281172
702565849
979366009
165131188
-231249905
-1321140459
877089580
-525732868
-1380706752
-2114739204
886654101
-267304194
1739752955
1315493495
766955964
1862231019
72144867
2062877881
-129811880
-1919219586
-78194332
288089235
1184990101
667117169
-241508581
-1221638139
330429207
271790130
-2145427084
-1304549609
608024126
1930290390
1830240148
1665790697
698300843
-69358770
400084090
-1977252343
-300288765
1756835031
1347816032
-2126363132
-50549006
362554039
-179128218
-165328321
282426738
-678655195
423302770
-620258297
1487865421
1900132744
-834108591
967959525
1052951520
-1282558492
902781218
-1881860042
-1350282719
1544331153
-966546445
-1490616069
463865826
1434257197
-1757884756
-1197300498
1123508310
-1460702253
-1493581269
-1212550187
-1258161964
894207884
-1214844240
289882649
1465001691
-692816123
1231546235
-1939047
-458986923
-1338914686
885377203
-316234821
2080456735
-1553691118
875421578
-1699516220
-10151735
-93679868
-1605798755
-8118167
925530010
-476310375
-1926582112
-1143025754
-1102545450
-1812181510
719610682
-1462439987
1943561794
-541622420
-1382230995
-1789089055
611890407
1995993281
1620705977
-1951680220
-364044522
201445137
-691538110
-1561232402
1086746540
-1123060310
1075841840
622293439
1515056023
-1404120508
-1067300074
-1156819049
228850328
-1451435912
-1761585387
93293445
-679864246
-693421965
-64264830
-105413506
1590448482
-610939674
-1309848634
281506672
-1744907977
1410102336
1951314310
-1214946923
-1073200251
-310064865
520802819
-603758580
-1371926931
287993347
-1670156350
1143184548
1690544319
-369369020
1982717551
-607621125
-702640004
753731142
1201424125
129939655
-865819243
-756552470
-648771054
-1828579213
124447993
890726471
2000184482
119530733
-1953038386
-361854055
634960601
1593238462
-838489347
-853857159
-502780610
2135892570
-1090682124
-1899961010
-1658889195
-861503559
-2112852058
-834843901
1672969476
1984150309
133919958
1083001337
566634232
-1653924779
1501837973
-344531393
5208137
-1448277829
-1735910903
-619078912
76675867
-1040704998
-177687953
112964924
-1461588985
983403098
-1086436766
475039163
-1029716229
-1676670817
2096660829
-1332693443
2031107678
-770552937
-1726343811
1514900982
77201527
-930351853
-1857764981
-1105456840
-1219498225
-1081042215
177633082
-1423710094
-1527468716
-1936848713
1680439724
2098807384
2081335295
-1068232741
-434299846
-753654429
-2123236423
-1040615582
94710132
-799349636
-2045256262
-1295588818
838481510
70560499
1651600051
-930497028
-1964677603
1791251381
1826488302
2000588724
-733585047
-631439426
1355514546
-1843187453
177899235
1910841292
327760363
-1539910874
-2022140111
83092820
1228676618
1513544457
-1973132920
211832505
-101858518
-2121995632
-560843662
-1078443333
1520255348
-111957197
-513141039
-980848851
-892616765
-214094384
1276579107
-1832067349
-495680374
255783868
1148120838
870415113
1358606581
-1706756838
-1824288514
-779031729
-912979378
1865300080
-1477032330
291342821
-815630942
1976225654
-952958972
-149987766
1490553251
1392266545
1699252721
-1105112182
-1847338288
-1105262271
-1593609
1309613488
2083382738
-613170058
-1754578100
932676216
1871887401
-2035907928
963075039
1242429769
277468935
1292414407
1969108449
-1307453855
-521948036
-236857808
1700631174
-1783597743
661267154
1234936898
-2026927348
1482364588
1051680314
1740820273
-1812586244
577791227
16704679
18885913
-205975889
799331571
-1188224007
1271541846
1021418515
1955878121
-600742306
-197106158
1293450158
-1048903803
-1740136203
631753246
498463715
-38156874
-1576138573
1834484741
842324084
-123255835
1626116490
207020382
-685959096
-1753467284
-531448889
1163960674
-740105363
-1859239607
-1925557317
1760617917
1854123359
386072334
2099513245
-475439960
-327512182
-1764717796
-1616054354
-743409609
507105293
-2122319088
204121246
-1468807441
15700160
-1330021508
2074927150
-488717925
1782049400
-1595341863
-1281645546
466625119
-759236471
1682298300
404812584
1084561677
1140430987
-1753859256
502081716
1263726775
-1035738527
202127587
-756655570
1107098244
606116982
-1750129108
188329742
-1166159417
-2126172086
-74358228
-430976265
-2043130547
1691476780
370185931
-1282152933
720744950
-573679800
726810500
-1005678627
-606340474
-738289436
-1600821412
1372395447
1256212669
-1650115610
-737291760
1663477853
-993602652
1762348441
128713869
-596631262
151185193
1525620400
-1820794716
-523167333
2027866350
1166485898
-1419589635
687012737
-411265443
316053687
264600140
778917595
868118527
-1394265670
-1898634557
1935725660
657819150
-1622890480
-1834465081
-387683831
-283321784
1802083441
1260623845
-1963018722
257805061
-1526805419
-1077562617
-534797262
1760148363
951924153
444630754
-1297301351
-443191903
-1749273822
1571868594
1198841353
2035802209
-19344414
-82065879
-1710886529
1687668818
1443099801
602285988
36325475
1246753973
-1841636354
1492585887
-1300202262
-1601948129
-2031722529
-1553184661
24366267
-150627769
1419302501
-991088354
-1978616363
1360924961
1407408028
-1425791287
864812463
2007551787
1870598963
-25810192
-1022327136
1805517062
1368374911
-82620106
365598592
-2106743737
-795844923
-51251624
-1217562224
-823223921
1774973880
-1196297636
-1780838250
946095064
-715667904
-1266402807
-748727988
-2039592686
1654480765
-762928231
-1871595014
165365741
-1596036086
164283053
975778145
-795830536
754782085
1968836480
-433328165
994468075
1769434191
-956773025
1437030079
-1476873664
2133681040
-1047763880
-781460982
-656192505
-1452027523
1814110769
-2018811845
115822586
1583925725
769037979
-496812931
-1265165873
28350664
1673068199
1382622987
2115361229
603687857
1728148345
-928720945
1052624034
-919550297
2073940026
-210360499
22604915
974825943
125600595
-605955650
-1478093005
-1187673259
-2111324457
-1692567424
-39573961
1158269211
889109568
666164652
-1095507190
-511281327
-1911355555
537548296
-448182915
-1386074418
228263051
-1734574816
1784841987
349945822
-951441885
1300969390
1619826491
-2004038331
-789412558
-897093566
2007090636
1234998148
2111492463
-1326482914
971552120
-1396613030
-579941271
-476823966
-1429803925
-10256755
-73415681
415340392
-291793452
1444714985
-324157419
-672760207
-1349760841
-1778720887
-999729276
-824184960
-2057902080
580869716
1971937362
1840490374
-1948717094
-1497142326
-407965917
-189390658
-298990527
1395200256
-1117431314
1525248346
-1337273131
-575224855
-1642909198
1327034463
-1206277647
801042646
-307468053
-535837492
-1635963140
-2089281473
-1404758655
1032241922
1504759294
632456387
1973914369
1447574623
1648701558
-433791635
-335038386
-1899059925
-1545094806
-1233577928
471400985
1082995895
-933294914
316117204
-345306033
1667228611
922236873
-1773779030
1732585171
-1835897568
1380273957
-569471714
-914402963
1405367446
-87583290
1773903123
1834158849
166279175
1680638285
224980659
1460494339
-1610191149
-1385812066
1782529135
-1305547734
-1471530114
257761711
-1855223739
152945507
1124586384
-1820176477
-657743808
1935177224
-1742290500
677767702
574613317
2052629585
1661331012
937974970
-1890949621
-1522084598
115579291
232810018
1050634347
260604806
-1093479093
-261465891
818686681
-246638381
-899709159
-1581131321
-2141430735
-758528978
1703047782
-1882673253
1898936247
908420793
-106478633
2087876555
1983593305
-1070528918
1015921464
1165382803
-1391935946
1754758215
-84340835
1311041611
-1223824541
-1913499185
-1766919734
760361468
-1830984469
886243771
-344338220
-1205330122
-1371335912
1901268966
1677214983
2058348320
-284957712
1819880584
-1354906358
-1523744048
-1235517694
-2131700054
1374095681
2068436701
-1011158686
544551381
1787216242
1287479857
1912051185
472318733
-2005565270
-403274205
-1219904031
1091635453
-1621490847
-1689011260
-126952073
782050163
-1888668708
440093304
-1975828205
-1041236466
-1395683118
-1377872951
1461948013
1044918836
1299962450
-954840969
-1207527904
-1965484982
-138598173
1822235347
486816108
-244801505
13423340
-795229620
-1665767369
-243582808
-1767979946
378135626
569211733
558837490
-2027344785
-1724729798
2053205768
328549459
-186735087
-1142657815
2145239498
-1645044765
1239432707
78957845
-2121925815
741068586
-2082538594
997830977
-1070784590
2107644442
-1476735053
-58353464
-1885695182
-373894593
979832236
1404408885
-1824837191
860921140
-948251919
-578739503
-1352294656
-563013032
1431699596
-1112418948
88412877
-1385368638
1286187791
-1351497024
-2031213195
1597213297
-2034424652
364730403
123035810
1846194632
-1799944762
1731556540
-954754986
-2004472264
-2101094592
-1978287864
1333809199
-454300866
-1221966925
-1108736003
1631236332
-1395581808
-1544097172
-439536288
131977775
1389084306
-1075285803
1488665939
-1085449084
567749135
853921307
-1827217103
2146682785
616673061
1238420753
371965342
2070657263
1055157119
-1221668781
-1653396007
411190857
96849865
-533601106
1458802771
466886914
1616545888
-1705144897
-1854488443
-303829715
-610288311
1402550489
30267902
682117399
-259728027
1329363500
1428527291
1500793112
-2083886879
2092922914
-758125894
-1996133493
-924946701
578562316
-1189312815
1051609370
1813426882
-1097644290
1076075707
1967490366
-1171018843
-741204490
-1878855053
1022673669
303486096
-156985277
-549518652
1954259478
-1387659574
418458916
-1895894751
1261897714
194812899
1903334830
-1091344719
-880985732
-1728630043
905800691
388345006
-152860486
2043966665
-430040992
-1678927889
2081069789
2110956588
-379735706
1294080450
2077919870
-1345895358
1967305053
780241407
1927834154
-1293270261
51160740
-1853096359
793963296
1682772675
502809100
299582199
-872666024
304440990
566978422
-2119612350
1138947527
-21330252
809444538
-303097344
599647201
-29397190
987214538
630436769
-1054914721
1825779442
-1059527401
-1631369767
-980370110
-813418268
-1022907598
-704855698
-1518222569
2009767246
1188006070
216841042
651479931
-273130024
-1972557978
-1324745228
-1920297247
-1117892341
573400977
1280924626
-2033986414
-791197436
-1646095682
721655634
-414363659
1230139748
-207121276
1606513618
-1150603760
-175040374
-870097480
1691304957
-1378091186
1255888900
1526519246
-1336243872
743745922
1974620226
-1101922696
2003925308
-465408469
-2000819316
-401920621
-492471651
-1146056455
-1008772043
-301104829
-787549781
-1945935216
103860752
-924978596
846326847
-418204789
-45227229
628664579
354976697
-1622543422
-1043840102
87455636
-378468336
-1189838384
-1218057986
-1613455418
-1358215126
-1421807921
-1762188122
-430881267
-722367635
1030634085
309641581
1402025791
1789857941
54676228
300830884
2146034810
-660658745
156837484
-740568502
1760868676
-176345626
701542004
1961176186
767504370
-580966618
307029514
1835345444
1656571982
498697950
-124976520
1158994175
1058686068
1688501921
2104085736
581422782
140365820
76021390
1150949418
1961901441
-132516515
-103479065
1243762355
-257550450
-1279752816
1002973920
958422248
-1469914560
-2033920525
-1801834823
-1158317155
1997506623
1048115312
-163489010
1709416151
522230513
-2010918434
-1070148755
659328217
-439306449
1836036774
98102825
-1944264354
-2008022725
1072125353
87855981
1909293346
-589632526
1653696865
1624045971
-2012593753
1645854525
-1286011066
-1539681610
-1229665995
1062048205
1350286706
1278033797
1374087969
-1897485818
1855721095
691936090
-435682222
913013307
1688308688
386692490
-180544512
2035723292
-646058586
-1052488706
-441201473
67497836
-1618948588
-2027693310
-1983628868
2000322550
-1487279682
-2081548708
-2014931899
-817391935
478415614
-1260183648
-1388513906
454703746
466682703
353979842
440045745
1242112849
493967086
438737389
-1174568714
-887970400
-1806139714
456361362
-1837057964
-400959384
126411883
68013507
-98577865
1125345956
81853650
140672960
1715392132
1696979970
1656038560
1840005842
1669593305
-1614279464
-602397896
-1646531753
-365789159
-2128324268
-714180646
-2037470434
-48725465
783660023
302437633
1644589812
-1351905296
779580228
171208203
-850503298
-367333969
-2024290636
-99747041
-79815863
-1278274708
-400029972
1706989386
-1280505825
1010971077
1615156529
-813441813
39186844
1679146736
-1981333989
2001134673
921890560
436555775
715740040
-629929822
1764821573
1570194022
-826281517
378509054
-1266079116
2054158778
-1114135482
2017709027
51171123
-1770736197
-1901994804
898024146
-2012581469
-1271446380
1107882731
1245527090
357998184
317986144
-298803728
-2052498059
-1388045048
1644195568
528965227
1245892473
421967993
-1759588661
-142570787
864542512
-1243513612
-1442073483
-522849360
-1943174014
-21332209
-738894604
2108379750
621704049
-541360118
-877317489
-417531883
9935742
1434977128
1741288664
-1067028718
1500690763
-33117759
-243409683
1231356908
-1542070655
-1262164778
-1449901574
354716
1139348467
886659301
-1433501183
1835724026
606173699
-1585807553
-1622134051
361884529
1015253828
1002724887
451338115
-1105821450
691299680
-125736549
-1346775669
769892661
1826372668
-109583800
-441792786
1662914573
601512793
-1812052870
-1745337327
-102634178
-261269123
-810640062
289362434
77645665
-1330093422
2100942971
-301358848
22637079
985185229
-606512097
-1456855232
1958861701
1707927058
2096006358
16917486
1225735423
933298838
-968566832
-1377513871
-1869708541
560618949
1164246483
946877939
670840936
76956774
1991498647
-149547744
-927416106
-1045526787
-1023780015
746036781
-86389128
-1820831888
715635597
149127963
-1980694800
-2122830611
1491695424
-1871331780
1617613707
38828554
-154068195
-2125668618
736655541
371032365
-244212697
-1304371514
-869658449
-180026579
-1302133881
-1362902393
625374590
258278457
-776698977
-1068200972
-2008504794
-899153160
-1472050594
359743339
35279640
-377291278
317039829
1098711539
-1289339416
289663790
793462794
618369920
26501186
-1222801893
2074399500
684960117
1605176862
1246205875
2015878727
601746793
1326417714
1201216733
899558425
-1189174227
-1019499608
-1804341486
1953484452
1696874766
-2118793199
875549507
-2067179803
-85628586
1191619736
-1712516358
-1207082747
714943513
1833534330
1284834239
920785391
-523472339
1713117877
-1101979460
-1692378590
982772345
1440584959
1915198115
-84667961
1443493490
2087892473
1274446287
-1344716282
224680675
1199979940
250932905
840183700
1527101676
246351635
527682637
-720962928
-1493494964
-1437802910
-66180756
329312143
74834914
-1652014618
454243187
-883907083
-1550613136
703627941
-655212564
816064390
-1450510942
-889784312
2115209253
945151292
-1150930097
-1338164529
-1945208050
2066771290
-839074563
1922538308
366528871
1882142400
87618474
-2147203405
-493383654
-137153151
1560962505
1508560921
560874725
856235186
-1945942390
1979650074
205343035
678869381
-1698720418
1214091320
-1443084436
-908921963
1612233146
338097474
-42287613
290258562
-921659622
-1438442231
85155182
-1841524544
680222024
1129046873
-1719329820
1906193324
-559965987
1563083303
804201347
394002656
1572358152
-1510751994
-484770120
1804886215
-717424755
-415537185
-1257068830
1251319411
-1037030383
-288577311
1505122617
1600021677
108305300
645854646
-673163796
1243641933
1668152125
-331615242
383970697
793002956
-994417315
2017952992
-737181534
1858144279
1745722285
-506194873
901469612
2072430245
-536368678
1947755209
421620010
-19646261
896838723
1471889223
-1932616694
-1507563442
217825025
-1732451440
-1942494130
17087802
52386087
-1085478817
-923769874
-1747086095
902928458
-1250491257
82807292
583317126
-972865469
729811820
-2051694071
1360148555
-1799589069
1819270837
1814001095
-1931105624
2059036103
-488880321
379577583
1246927918
394105788
-422319788
497063780
-842478869
963131557
-1073231844
1379478936
-1984063745
-196800276
-1236988845
1887343406
-1243510161
713729814
758645308
-694003743
461769272
-2010140342
-359890220
-1825295709
545555623
1747534611
101661771
-313126135
1295626471
-1879845020
-1783198289
1003840741
675066843
320108252
-760157718
1780640308
-1532805586
-1953530293
1409414638
105434938
857798567
1747372405
-1642670546
-1617240853
207735745
-1509341675
-263364785
-1124930163
-1729893510
1840919332
552672799
-914028646
428841067
-896102310
-387159355
846512874
1637354776
-440172043
429587258
469883921
-1626204535
-1464292168
1812900087
-983557626
-1050528999
-1924805066
1894669808
-59414012
-59946355
1227035984
1579310272
553866676
-2104208537
1443888891
989878309
-949012597
-1221297796
2105326406
534580653
1353634161
-2064999996
871784091
-1173334095
-317380189
-143513743
-447847612
349432450
-988425767
-706425278
1257914161
1228157154
466812074
1889625624
2058359287
1590557622
2108491055
-1418327095
-938365156
2072705272
-1487909657
437416755
-1719170927
-583391758
573084634
-1216035180
1921072511
-872370008
1475292928
-623597799
1013567814
1131609237
2054930658
-537582924
268029633
-252920166
1431656577
-159403214
-1166943281
62546995
1576802935
1681365644
166494479
1175796203
-322840484
-1720307588
-1449252374
-535362287
-460703126
-560597677
1590075605
-958331732
-1976475804
1551597065
-1450734633
763202987
1591875250
1555598741
-838357687
-1044203936
1502812368
-122228865
-1031607076
955237679
1567941097
1959858
1516465376
-987343230
-1416621377
-1367454826
-1249890365
-914657793
-680625203
880711774
-1318972969
1164699389
1739011758
310483614
288889687
1833105459
1439199679
-1890092257
-1003458901
582532786
-1952460285
238175478
561731307
452592661
-527659193
-652986158
-510510431
-2069253130
-158028154
-511737450
-709593390
-1266699101
1319698062
-1785455065
-316119489
2033194769
-2078688542
-582871930
-1947264792
578867728
-2097678110
-1627176416
-461537327
1663270080
-901889239
1592876388
1173754119
340507715
324863798
188873878
-1098242075
-1940760397
-1553090227
1333507555
777692563
-364892842
-786836833
-1588286284
-693922353
505112592
191958440
140255302
2071387119
-192623592
-1413708584
-1718235270
-2147079130
1524231150
-1122855051
189220329
-1363356410
-85160308
1917434047
1084515899
325983557
833532891
1814465876
1779025337
-421185085
-164238232
142867158
1514712351
-999284789
762312791
1845104074
359781046
2077144984
-32644713
-1066214974
-825679454
-796642533
1321862486
543864766
-1956765064
1663077627
-1300184905
-1433696560
1114233107
636777437
-1730497342
1713951486
-2058605657
-318626331
-758983268
-652409237
-1274009834
1965162619
-154027785
484837560
1509930114
1081722961
1182455755
-975048537
625251363
-1160647259
-1470122170
-2005750783
-1105350311
-1622912829
-1711788800
1121567162
-1693637628
-1233892659
-1845611918
1275826770
1892971283
-516424002
-788595800
-1580483971
2086267995
1805072044
-1520810699
-1319470075
720053673
-947629747
2132020584
135614703
1878915866
-1040710725
359410876
-1427436324
-674062679
-1067388037
1198686612
916861106
1634635016
-1813746501
822453031
907433083
-1181647948
1946007771
1108692920
1749797772
1086493763
-19015378
-1914631669
2124867305
-1717202688
-70931968
1182702099
1252948456
1739361977
-1766805029
-1518639889
1823966483
-1842042922
-179887866
-936980457
-2136855726
1248373933
795985230
608379858
328095049
1277594901
-1168968184
-1010982677
-1901287681
1087981369
1326693461
-219824733
-831083585
-939364435
-400245849
933674473
-1931256765
-1052006714
-75063676
1892031176
-1227136242
-391540955
128322442
-983798496
2072167192
1537153429
-2037160270
1843777432
-2061253456
4798999
-1726029096
1688333266
-1579070306
550001209
753248122
835397345
-602603129
-1860297554
-35320129
-2068864777
-241179755
-404011493
-638238789
1143864418
1958361686
1289936686
-1159943951
-1832706119
37354724
260367349
650256153
-1149933742
-1626007482
520361069
1457234978
-1598227978
-615041002
-295716264
-1248585095
-1940900648
303625571
-1225557934
-1472042869
-776576318
1853919192
625767974
1630589065
-1259195760
330470685
-1724613027
-1118076822
1169727714
1394285181
1742266648
1379507765
633358604
-1747030840
922497055
-1420536704
2030063953
298474106
528427065
-240934093
-126523823
336559132
-310486083
2011232401
1853258175
245112554
-2113441176
-612641159
-569755562
1785247157
390206065
31262696
-2008454387
-341838838
1360381659
1768499905
-1427523704
2123036564
-1961396471
1165726160
-1529908270
265036734
2115912599
681493260
-1875082935
-1141271652
-41362330
-1730669028
-249732391
-665696757
