244469498
1964030601
-2059687784
-932300594
-197959353
1515491096
895729301
-808762278
-392081311
1737215373
79542375
1686513971
839063039
413362598
-580602885
186898971
2147273913
-2017852604
1768356074
146419702
-1465436250
-1986920643
1830355638
-499883839
-1668964283
-1194600080
-149394605
368275906
-161403232
1084949529
1345616361
-960030463
-792780882
-780605339
-594912808
504283638
-1508278791
2109660232
-679526916
-1952863869
962084992
-1178001010
1310913585
1742226723
1132655582
326255152
187280665
-144676508
-1199484502
-933798424
1700002844
954786706
1363372577
1233861895
1762153392
133724852
68174850
921123974
-2007924262
-238056516
-1505487175
-160012454
2108289267
248689913
-71990593
-412593909
104050863
1815102672
2039180352
1086227847
1937345371
652304298
1656970237
-71261645
1138076517
-1782378192
776112755
376466498
660509985
-2087535435
1196030269
-201820086
1308850378
-161701644
-1010286922
1839544084
244129990
-1079876870
378136546
530676659
-439812051
-1435839387
-1477208947
-827535657
1031284107
-1580504882
-1660997196
814949218
603198949
1586433667
-1947732444
2106769467
739759098
-995795335
-158923423
-1504283806
-1592027190
71325568
-971187000
-705207739
1744173659
775297208
-1050546441
-1696920751
-1480746566
1251954499
-1099230868
293031115
1085438271
721570619
-1122721684
844072159
1447469589
1642459110
-609125083
-1105518855
-1611544582
-1348013272
1550404118
-1858657709
-1089210814
857546809
1797491118
-1618373170
-1444443872
457544087
-1206680781
-988361466
79886120
16913980
118690277
-1829375328
2012163855
1951217171
-1111965085
2102617061
694128053
1514506664
283632204
1392816532
988065893
543840543
1834968616
-887399949
-951867557
1619965543
-273233527
-1507815385
1462717574
-1482193233
1971735917
1618322629
851034766
-1427362024
-446023450
-1762008152
-1733271529
1242093739
-2073624580
-271582460
-1816884409
1973190540
1999533266
-735428677
1896368518
237781360
858023686
1587962607
1596819332
1683529548
-1744612002
959868119
1323523455
1991812686
-2048387680
1998459094
939316165
-678808560
-23750976
-798445879
-2126451848
1000720907
-1708121792
-1515350624
-1489244271
-1206410167
1371650515
1379752751
-974761434
1000802142
1120897604
422337862
1283824111
-1464862312
560100502
1146863614
-1771035642
1497553781
-10275733
1289977173
514113006
-1094675627
-213077335
1599429117
-2085397547
509689968
-214077606
-1652960400
361000733
1082042633
110831059
-811246777
1935712536
-799352861
1040846616
181760972
510850579
1756273908
-777296258
1001030093
1612422293
366142808
1588401298
-1303615565
-1945506584
-602726776
-1452366791
898973138
1350065368
1860573387
387835416
-574702591
1263365050
1336810731
1928324661
-444323731
-1785673040
-2022168276
-1639901218
-1116479574
131351850
-633501319
-1171137591
1162398218
103034287
-626376992
-889011076
64311858
285954780
-1902253504
197541103
1015984361
-680345427
902049345
1244886383
-1553948109
1122357755
1207745667
-121587004
1230952350
-381200827
1746567705
-555115627
-529876005
1821167538
67413816
-1092124661
641293199
-689894058
-725920213
594122677
-1047623829
-1344297548
-1033011830
692273579
205489018
-491842173
-1444150870
1054233333
-1428105287
483886772
-1533406889
-546250963
-987228692
-552565836
968987072
-1976801438
-1723619153
1545607918
-215099982
72782655
-1107820598
-1970653549
1314788361
759814252
74624458
-1804129123
-1027321502
-1222724557
-1330033972
1915013904
1536995605
1392794470
-408735589
-693803902
741630306
-1013316480
1219126269
1357160670
523671273
-1315950582
-774815927
1143084644
1879657311
-1855220928
1503638077
260959987
-1750420610
-893810444
672410382
-726393462
-400842691
731917489
-527336257
-64559092
963788609
1974633506
-174827850
396478787
1567878802
210983604
143663499
-1930825946
-246671470
-92818566
-1107536605
-1925064354
870401322
876868945
-593978371
110746630
-777459387
1158493508
-931178549
1040157362
-538081919
-243645647
604199748
-1435873358
1082272548
2098617516
1120857400
69448600
1192855116
-1335776733
612853988
-1544677130
438691946
-1668683199
1822035847
-1779109781
-41220624
326627223
-1442062540
-876762911
-2067702967
1988416633
-1250983190
-1107238897
-812225271
-1779168986
-1044271135
2009569093
531912549
-42098645
1478329382
1470132328
-1462869787
-117015288
188725866
-25348294
-789085097
2119846163
-2014787819
-1777780002
-1249696249
-946515300
1604006561
1179466651
-1306564564
-198526383
-1254832858
-729943841
-1898196316
1314231012
-743024848
-1222743161
-2050604572
-1903569174
-931701800
-1368401827
1559449897
-2140907258
-935364590
666658529
-1385778189
48697926
1938930498
1721981004
497234611
1656845004
-820359915
-311919919
-823050558
1195022512
-488070002
-1263954651
-1444523627
-1018326747
-1423074209
134252098
950438703
-488241190
685111418
-398385818
-1493351466
841877666
-1798360858
-2123501983
-1728019191
415479638
-1219652138
-227564016
1270783408
1857561081
977805558
2068751140
-810269291
-878276323
483362824
1281808168
-977468398
-1153041786
-1456773969
302658497
1947651596
617380364
50431371
-460969930
355274527
-711527227
1786297477
818213682
745443866
-1308276125
512343659
839634121
1773468845
-1549944615
-1597642818
-1377620808
419156577
-409971132
1493498570
1346810096
1703948999
-19020535
-454546697
-1945212843
1690420980
-1343060422
-13498017
-1973713470
800100908
1790611005
-220715360
133087056
-2057659940
-96010321
648838642
284089816
-389572403
-329633659
-171311749
789201077
-765447785
97279348
-808402975
-1421452850
-362720173
-1392660590
1739836193
410805715
-466367597
2142271549
-2119997281
364045509
846931094
-1980709061
96234109
2088212156
-1725012296
1717354274
1054208559
1733689572
-2126492121
930302970
1347193935
1405271752
-1216086565
197468192
-1136478803
1234445266
-103392057
641604461
1790713258
1554313490
-513568180
2122023062
-1300612667
63316798
-1973201426
-310010667
-204079498
-554623751
-132250039
394905033
-46411462
1576776024
-88622267
-1784950374
-1649670161
-853290335
442353544
-380342944
-51148447
635496789
1145462060
-1047267899
-529177820
1824855920
549013937
1376237032
1469540515
-1323766802
-1051460299
1619636356
561065849
75516561
-617983774
38885201
-948044545
278891489
-729235289
1097716905
201816357
-1432086156
1496583209
1600703343
537410181
-922482065
-447909124
-1636126420
-1465745483
855409740
901906445
1168647802
288926172
-879828003
-258041757
2008150437
-235254649
1731785359
923386118
-684228722
2089936573
480553971
2034192446
1577455314
1187813712
693131130
-1845920256
814541100
1591111285
200800896
1433798565
588336919
456853143
-610965877
-939697443
-1832715849
1803796071
593258451
-1279460382
-1149479175
-1169579465
1852626949
1696963312
-771234824
2015543944
-112420541
-1290760973
-2072622686
-1120420383
-1076380305
-604529790
-1666768997
-1094216735
-462070359
382033932
115374433
464328087
-1924930027
1534303824
2104467888
-799373551
634903009
-250588654
1158653991
1559578162
341070726
-1021746165
1383638314
-930837816
2136261965
-1700120032
-1706764278
2143523806
-1550598636
-940206377
1334248291
-161950131
1420998225
-247890938
893365189
-1556545383
-935122601
-184417076
-1986716522
-1240078343
1701936856
-1586795835
1099716406
1495708343
2058782890
1885514360
2000638052
-1449667654
-436430643
887585556
-445702177
-825840799
-1494125651
1447660892
-938015152
-699014767
1057923747
-1215937058
1418685799
-1503343343
-1284117823
160130666
1931363907
1896184852
39316430
175528642
1506044438
1907503639
880225167
288300174
-487726840
1211920109
-1279651512
1731781266
-458935460
968676119
-840788606
-108916958
-1270339375
-794004135
-559240691
664801748
1505663562
1724218761
1659936328
914042999
-1843775056
-825091927
-1886452833
-1556518076
-1634700265
-1485956552
372233812
880210003
1479397919
2066800324
-1323110782
-707931568
481589916
737821636
1228668255
-1684670866
-871515271
-948516700
-29582655
-1914606182
1104198873
-1482937056
-1080875293
1229499636
-371277186
471933140
813663336
358439290
1412931438
252172308
1144712863
-1429103866
-114343981
2138872313
-724537337
-1580389766
-833131230
-121201733
-1238909674
-221737159
1543450752
-1743078074
-1231259850
1557807064
-715425952
-653985018
731388943
451451413
1350753904
1712761094
591734027
-2131827193
-912210251
265603896
-254403818
-1028466537
-1402857228
-540860650
1598268069
-651474642
1642093396
-434263447
-2096053254
-1028649297
-294257344
-677649561
-2032864347
-283756633
1009843602
582338051
1279237965
-1151659581
-498643219
-1298896255
-1136573776
1404286082
1380097641
-698551992
-784185113
-33684694
1993302134
2132662267
-166707730
-1125426689
1215645689
1519651785
934155364
-317957454
1480428475
-293712636
-138640498
594054168
565026307
1149941744
-2063875679
1489223963
1388526208
-1957460259
-4710848
-1470203147
2080960109
983392632
-1123598013
1813887642
-2102886673
1230687581
2111050169
-841353867
483578304
807244783
303270192
1968972119
-601146350
869806444
-1252198605
2005601196
1012816813
-2007064261
-1396410093
884633583
-1544888742
-1858659448
-2038519318
1026589023
-1264264316
121673746
784387804
1661852658
115516443
1270753859
-1161755744
-753987446
-271831877
1119062656
-152163522
-782352282
523531789
-797941566
414165273
-1340179494
905353069
2112693349
1517889072
-641607614
1497780173
-562715329
855565984
-1529450188
-1006747432
1951044084
2048619373
-653932300
1525954649
-224096375
1606392961
-926598100
-419550242
-1625770442
391255795
267222236
1155058328
336037759
-2072757363
5916815
852150661
-289623675
-780818040
-1710043698
1676561872
-948489319
1813565849
1603171545
-876865161
-990463983
2129046832
531693460
805985838
-643549345
745547262
-648792897
-1502913917
993605726
-356519496
-2031842710
-1040833214
-2144714257
-1205344741
-17202265
-1840887014
1699631556
465635631
808039808
-1037753728
193358971
463856078
233154347
-568722990
1304795886
1835191399
958660988
793543616
84601033
177231871
761053594
1744250343
-555468708
810020728
-671587595
1113394622
489291697
1415795478
-1993132937
-200134731
-938392863
997959230
549735673
597791898
-1078829149
-1901783680
-375729416
-1199531713
-1258783195
-735029034
1845201800
453248090
2094447390
-1014262227
-2089556856
636884651
-656580828
-1779406811
867626518
1673197924
-1222985926
1009061141
-3410107
400764612
-438803795
-1854733743
1027457549
-773723900
796863007
-1923772498
611615362
-1063818377
83407843
-1400436922
861150537
113105388
445098380
-415515272
450582855
-666297770
1233396416
1774583090
-786958182
112241838
1643342161
1187937393
227470540
-802906856
1724869261
-1560210167
1551309381
-1575160764
-1740412459
-1849309791
-1206362366
214256151
627624044
1838825217
-829960060
1220304521
-328730992
-719289968
-1877646070
1975114960
831447502
1413173015
-1756464127
-1926583106
489649298
-690391861
1639709115
-101288345
1647180541
1302147465
263842399
-727237626
89161979
-342016925
-1791893472
55979552
-2065859181
1548824410
2078310577
1833901545
-634822783
-1986831763
-715000328
898511335
278384385
-1883356462
-154651135
-1957576491
-1601259283
1636586115
2084132405
1060402889
-567904502
851737595
-1069326901
2078419096
-1404851810
-534325695
-76133507
-172230279
712808005
1354265893
749486719
-1293502744
938811396
-658636343
1953698476
1871220428
-1267094370
1571346274
-443969534
917079003
1154648870
-1003313088
-728339120
1367098429
-1127305259
-1155535093
1097174573
1393247855
-98707171
1843507278
391382060
262164586
201290237
114511929
945957709
1811598595
-1370700394
559513762
-1041851979
1925944212
-407218177
-1661760691
-497822047
1026754012
-1667925932
1805679724
1210977432
1332258851
234905621
2081288552
2053974752
-746481758
184578988
1260294113
-849663438
-71466208
1641510991
-994940685
-1681561424
303565280
1314509576
964414651
-1638706922
-1101617990
-226417391
1666142745
-918306512
-1532396153
-1432626843
-754575690
-688528501
527947970
1802467219
250968904
1522102383
-715721365
-2018717740
-9445356
-559052276
-1028356306
-932031392
-1409931852
-1741379598
-609472828
-745917444
1744434714
-872987194
806458521
1591151063
1301092820
601246002
-533788241
-1271187818
-1218814575
1237930781
-1101868351
-378259795
-2046243869
-776703972
507740587
-584807952
-1745731770
1292098599
-1571421943
1255932009
1898090592
-1265382001
1147549213
-191397781
-1524308854
-1017808081
27090165
640588263
-394731378
1971442145
1895793356
2008447741
-1931361358
1748864307
-932461904
1145510358
-1638027531
60401499
-263116699
1946724272
1857264792
404116583
-300655223
-130244294
1869269983
1216216248
775980280
1062670369
501654808
1280371376
-1000347535
1534185962
395205084
-716070998
620715129
262993922
1285014932
-414383062
-383156609
1185715475
-1686023618
1798891349
-271240896
-157971560
-843127439
427196835
1939143532
1659908531
601495966
-642912558
260779145
1274076733
210126744
-191704291
8449048
-1978420449
-1154669483
-332292178
1547474677
100284639
-1887373578
896019024
1410731779
-196173955
1559079684
136547432
-1769086713
-715540352
-560839940
-416776923
1620468948
1563819595
117468941
-1429562634
143408040
492518580
1788365855
-951429060
-1530015530
1608756950
204640023
785940288
-1397243740
161785382
640393305
-1145470617
-20559498
-951972156
-1173984371
535954852
-537253077
335897875
1460004774
1082747437
1101109446
1958080651
-2138531040
-368693903
-1181999023
1178163149
-941514616
1838379592
398109949
-861871625
790556481
-511831188
-1039464562
1689844025
-354095996
397081127
-59737867
1299563176
-2054977368
2022681678
-381586626
-118431919
-1393988445
-1672395411
1664902316
324643473
1281227728
-180531389
1214519585
-495285852
-1305268750
437464432
1945521603
-1886707590
1697416568
583798892
1959090909
-1338998831
1969792514
855286715
510138370
-1475764097
-982560989
1220209502
-448700809
-2093498353
1239269224
-104987508
-1449996846
-919113072
491242393
679787937
853849822
-1487372888
-1836845506
1435973974
1296519361
812634351
-33688732
-491318989
-879780768
1564487546
-1760459616
-68375743
-688612862
-607428939
-1323431596
1797764866
60273971
-1937314187
1093771056
439748005
-724727062
411889228
-1793077508
-1554828939
1370123758
881992735
-1278230125
-305739629
1151880564
-1628399626
-1060486862
1227747044
-428744179
2091813139
516950770
-764892340
1312375998
-2024333243
-490392430
-1477290981
-1078045584
888894333
1774627450
-1007694137
579571082
705146529
-821360132
1605736156
-852084772
1929475488
1350589404
-365772753
-1260843330
671208390
-265522414
-1479710631
-1160853640
-1240576944
1416491982
-1978643613
-1557915164
1889132610
-560445765
659582910
2072981330
-1464853128
1984232583
-1586684555
1328847787
349801211
-1269209693
-566520667
-1117764392
636094102
57107015
-2024589524
-623190940
517924776
1341959864
-1593435745
82497375
-1577321670
-488362035
614281090
1956237446
1890823507
-1651440722
1471055538
1321623712
2010641291
-1239196961
-1126742491
605747498
-480850723
687037820
-2004196394
-1183138506
-442602815
-779181882
-901757446
269341839
2079479674
-1327959843
-1235041417
-367667935
-1279513172
-1983286577
588527510
156556951
-1837648591
776561361
-1062757130
-1822929851
-1685882580
-1840647477
2039145411
27402568
840706909
-931459815
-1010567384
-977628436
-2091226954
845479823
1261708802
-169519795
-781208785
2034455230
-287513899
1959562816
-1881623338
-434155147
2140933891
-1087532429
-1123540951
-1165163382
1669678394
-323890990
-630275673
-1739217190
1231083310
786468908
888837796
1904661901
2066772616
-927177962
1466957148
68026526
1478795549
-714508785
1251824203
1887166362
-1116891038
1516772324
379227835
-217846105
218434591
-725533610
21740702
1418213319
1765144675
1446545657
-1837739107
-4068258
780310199
712154206
304534384
949719793
-1294470506
171665268
874852208
970575152
-1946037988
-285503189
-133439638
-1283720651
-1085743108
1479650393
-1971410507
-1962002162
475029431
581855201
-1774486906
-625307784
-186139382
731979025
-191832958
75446509
1708641703
-1032560564
-513087852
-1865653791
1895474216
709916648
-1461669120
1261163335
1785212736
152296793
1882829752
951669337
1349589043
-336581490
335771630
861583513
-473656185
-203676261
-1119504662
101910546
28647163
468821143
-2106870756
985399267
1499155384
1540928455
844583028
-2077887235
76884934
-2033247237
-360489743
-111807701
2060710849
921573176
-916454792
-1684641198
1418779083
977668502
1970098918
-779162630
912088772
-561879957
759519080
1373355276
957511352
-1908009047
369635337
535183325
887440537
-1953286780
-911075188
-1169458582
1583308077
580299863
386688635
-349291291
-1046231735
-1839514936
644338815
346467440
-381083841
-1686830551
174042866
-1638320601
-1515930732
1240029985
1070249394
-514118044
-1360428810
766300299
-319305928
-1523867587
725147500
-162831203
1268885736
-940895919
-655146289
-655522739
-1545174870
-580567612
1350088824
2116963567
2118439864
-2010378105
107068474
-2057435102
812195513
-1372365860
725835922
789971437
-239838449
-749660647
1737573917
397483300
437585260
1073618603
-1537010103
1435421200
-984516181
-705704099
1812624719
-180599986
-1753499683
-1092428326
-87974048
-117820169
-365697375
1886671216
1468671262
1607676417
-287299912
-898789098
-220824755
-1663460380
-715813929
-1749758544
2064667082
-2023104384
1641500351
895700112
834201019
-2085080515
2114882699
462902848
-570440953
767499891
-1209129144
11521406
109029640
-1844009460
-1533305910
503034503
-627538305
1049738344
632217789
214439576
-807878456
-1711648640
1504223994
-665107535
-1873331634
-853392307
-559975653
1427381403
1057147968
-1979582870
622442576
-355403476
369305476
2114142712
437484660
-1456373046
-191737621
-1256056639
-141793957
1400591661
74788007
-2105926753
-1276416147
-1071552664
1454165241
711644446
1196113271
1500152105
1247901742
-252544416
-610594368
833830975
195271115
-562473407
1454228571
713847388
950932231
1950761658
1964067515
1522452252
924360313
980866186
-1491164020
-1471603131
1579170577
31202578
-396672576
1895757392
1930875468
2126980736
155334119
-490684632
409636259
-2065789392
505203907
329258289
-2117562556
1237901646
-1879616485
249440395
-1209662973
856530879
1345859279
1976751255
-541739885
2101938497
-382958292
1471097785
-1300253712
-1913841456
658450049
-654935201
-1313629921
-1349758389
1153658866
-944436158
-1448772071
-380549545
1451707531
1814831851
82890244
1326444675
-16997736
-1424030599
-163879772
-1366535251
-1979989453
-815463520
-87641840
-1570506589
-1188714211
941677045
82038696
2042508044
33959889
1748881768
1161482054
-675196791
1753445334
-19430896
203724211
-1660348906
-1423371436
1866016814
1280972635
1782394806
682823146
-1636968853
-1926048188
-1951631793
-668639554
472582244
1876417596
1018965970
1274717141
-2123146904
-1620073390
759737758
113600163
-1595448449
463120262
-318313178
960813541
-275314002
1038057667
533536464
1084694703
-1316636550
-786375667
195180320
616592064
-1757918295
-1389976330
2094198293
-1163939299
835436623
-622385066
390910163
-1788983844
-847260664
-1747706566
-848934527
1318211136
1066478209
440060188
1430569332
-156793338
670217789
-1375358124
1971339660
1288987902
976120214
1126276046
-508152610
732321756
-1095666688
1823385853
112406931
-344383153
-1756852331
-448659185
-1644827633
886749267
1523917517
806044258
-1748256683
1260271555
1301035660
-738947274
-194429527
-2139770063
278700129
-603250526
1969766518
-1575746311
1579782412
-622226228
-1002592654
1767172499
1230755649
884763732
1036589311
-1610941399
-1910288725
806120208
693234132
-1099405207
224334643
2013384702
-1067770404
-2060425829
-1329405823
-1097951114
1056096861
-370356491
1916036546
-383958369
-943787939
-1163629266
-54292053
977584931
1850548800
1935918416
1846352574
-975592922
1263452085
-269254446
-972634164
-440437901
1404568531
670352101
-181846854
-1940054536
1667539326
-421724402
-1646047353
415868532
-935867889
633349364
847194509
-1880198802
-1042056652
477181307
1281472774
-533254040
652030227
1735300368
-518965551
-1707676076
1589933493
1905307462
1291306102
-2094207161
2011287202
818331554
1201890919
-1110747284
2125139911
-845753422
2039799432
1431096634
-979098976
-355247516
482552561
-1912239383
935439506
2001327252
1460776178
7312161
-2115684456
-1823245594
-1521271721
-1485243148
526434594
-1989546795
106212076
1540786958
-1947610311
-529580788
-1274184637
-745799125
-649950234
2038034164
901633460
-100732216
442578644
-1628784243
-861082971
419424797
-683320012
547038081
-1901369078
-780059063
-2043449376
-1638839178
-1850627537
-1166939697
-1224839229
395736995
53062580
-928634303
-1248249737
-1278006362
-806284071
2065618490
1352618287
-2140341357
270519292
1989910160
-1323341866
-103854769
-278667170
-2123125046
-1192240520
-1995853537
-2138321875
544432335
-1099435295
2000920187
1290031806
-701171744
777959555
200190504
2124381977
-749365560
926579868
-945976955
80643770
-834214574
661292184
-1258850524
-942631786
-2137974534
871790259
816106652
45400155
-1537190682
2128964834
-108337764
-1456622084
728995094
238604787
-780492733
-1097215636
657627354
148204786
81137327
25866921
-1944878972
-1368965426
988229076
-329019909
-1479536033
-1326246339
1911207310
-413811587
91609823
-1802306084
-831564296
-2039000868
1130077209
-1576474471
1322972670
-1205357474
1891221621
-1918549932
-1225996496
145920038
977978529
-608879932
1831617241
1214351029
171166920
277289111
715285584
1697743284
1187305731
173060829
1966847117
-1586980880
-1063039729
1361509030
-335086850
949342117
-890716352
1794854633
-1955747941
1028931838
1105937078
830327975
-1413461448
129981660
1057202381
68287823
-1757238503
-149005354
1677276633
1526040420
59267275
-584509056
2130863379
-2138127012
1705754417
-156704784
-205269043
-187472181
1056381916
1885071229
1973943277
-1961525312
-247995488
-1205170486
-2020903528
-1635276177
208301411
506040066
726825005
-1683022065
334820920
-288051100
-1396295052
-1895504379
2105954987
1554105090
1834547734
-915044286
-937565858
1791221700
-1386069424
-58662424
1946653396
32716211
441215459
1471281971
-437249396
1519249268
860322895
977341334
-1260217007
-1448428271
-1633353153
1680870180
-29200176
956214783
1145265478
1280603697
1625866347
-1073576100
1420208844
1388783417
-1967707316
2010526327
1808294466
190671616
2137894843
1060331413
1233527452
1348252409
765687732
-2137417486
1798005504
1422690795
-1666753868
-151387643
1629027003
-1914655023
621160659
-188135672
1950921844
774863361
985797399
1254260919
-258318173
-1576603503
1697105158
789450839
-977593533
880093686
-102562948
-1356089351
-1337018171
-692130835
146662591
-416320769
2064551496
709468317
-393022000
-741027105
1393559815
95161085
-441720573
-2098928601
-2036807406
-85238413
1665886673
1386667968
705508161
220239549
515559917
232008822
367111780
287066388
1193278356
-234064713
-96075841
-715313266
2078465321
189715610
348486325
1947219395
12458496
63530019
-1869744190
1410782643
738186361
1419813317
515557038
-1233457177
775753041
778338599
-1340076033
-91913771
1410016308
-16702934
-253339218
1713364616
527977877
-78285781
-1358093538
-2139271808
2033521090
-730183291
1525075017
1418015702
2112760114
-664232103
1930378300
223620003
1685539361
1129717136
-1082000699
-1012093534
-899892386
-687140063
-2004110999
1435906324
-1753563037
-941264241
1906198427
1005839843
731329190
1483772597
-1127346645
1657433354
-873800658
-1129203771
-1657688580
-1837223117
1062037352
29730958
-70922758
1623871905
1066399802
762041340
-149904310
1909070160
985645656
-941634843
818996930
-93475750
-1060425514
-1054207486
566677146
-2007742053
-1365675265
-1642229702
-1856167068
-2054345064
-2008186268
281484582
-1864138439
1533686684
-1368721865
1483273169
124407348
2090698275
-299616295
-965472833
-1218178268
-1634851460
-243340112
-1668437456
1765223292
-1973090903
-244012738
-1278245467
2032533646
-636552055
-1073528465
1398113699
-895269896
-1165107912
1535199793
-1542202186
713743710
498427318
616603722
-434312520
2081390425
941023942
-3012507
271474003
-457697362
1990766104
-388350867
-1177463613
969379522
1625615017
1016723997
47288544
-1742960051
-504552598
1414522583
-997463461
-1505876146
-604590049
1739873461
1792318535
304471870
2132673674
-1958972195
-818273829
1755712648
-839037496
1171448601
-764302218
508543543
