-2054496449
-2050104225
-307441344
-1789838689
49638681
-821757918
-784042615
-1346837030
-1486362964
2121915541
1187018957
1491609463
-693939156
542838849
-954286444
1479262825
-285676363
1055365761
-892500842
168343953
-1332964445
2009587779
-866774491
863714330
1538348832
-1952939765
-524391702
-2146601946
-1787378691
-958955459
2051471571
406461354
-73981242
-1348190565
1527013707
-966198379
727970319
197593099
-1742407252
-1257129673
189739540
-1904395874
-2018210063
-1032612384
1770345857
-1982643251
816346288
1813447880
-1795888243
472255748
858328902
1211644718
-430024884
-2080802716
1823296851
596123330
1037510725
-1830153019
-607140760
144913991
466741314
-262391815
1913414911
2054455412
477393511
-840234409
-1055852117
-306948837
1981032326
1857963639
1698293136
1578218637
-2125425743
135639354
175625748
-1416189637
-407217905
-389706228
863132630
314482592
-1770163213
-548433044
-7954722
-2017470370
174271530
-1493687380
-92233194
1643600039
-1695463532
-470823435
736152057
-1720124194
-2001645067
1369791374
-1167680886
-994340483
1208225293
752151901
1454694534
292755000
-1416469531
1227681197
2087893468
271159139
-1599184789
1621744177
1737503068
1749617040
1779178049
-44684728
1116496303
1615836028
56856529
1697371522
-1375317113
-1374604757
1208603300
1873362530
-524219626
-1149856944
-660532236
1837335909
-2066319165
-1755282958
-1511758209
-654538685
1515995419
778412365
-1584576099
1896026484
-193425403
1314992629
-543272556
2124938229
2064935738
-261855935
2067759403
735792971
-868468749
-2132868378
-1072813956
537958343
739665891
1945781473
1686854926
-1415971060
-1536982681
-1637151334
1500602147
159246542
1945761531
665771078
-1251377075
293803996
1591968240
-1141300340
1243701062
-982802593
669578331
273475179
1079479553
-1525210013
129283664
479772506
-781914372
-1714867305
327377488
1416213936
-2025229608
-1990676656
1759327487
-248806074
-577247446
2061081043
-1001765863
1194540122
1191579027
1738719187
1100918950
2067485622
1780693517
-509278408
882591853
2126947600
1560875912
723674657
-747484507
1632756660
419383733
3065388
1233601522
143752032
-1253813216
2017810420
1656501647
-1384908434
-256209276
568400603
1980595143
-595631048
2119845466
-475030264
1549871017
-1599986505
-1925280334
-1562298445
-578437125
1173775981
1546381126
210389919
212311406
1082200452
-556982324
-851623448
-29141485
400802615
-1311512437
-1505929986
923724813
1183541361
-940570831
388392433
1153086344
660299443
1701392099
770073070
1778787305
-496025798
-2007705964
-1314325495
-424409018
-1232357280
-1323130727
-2145468612
-1666399464
-1820780222
-405854339
328514735
223648047
805860258
-1363786734
-1008575943
-2147010587
925792271
-2114248504
814155046
-1542919530
-793939901
1259187777
665439546
-263113905
1299839947
1748651300
1481190389
429505221
-1533250835
967426352
-1106674663
509070215
1561007045
-1929068140
1324672361
-668553
-1978180175
1347402366
1600635058
1543859830
1422606062
281580530
177256462
-1099267746
-1019676541
1826197980
-694409369
-225860555
-1047864227
-1781423769
-1491697350
2042971294
-36812357
-1471961201
-964052067
197566866
-1320711221
905159925
-1911158398
-346569392
-1630372203
592560881
-1492753347
-2081510766
665722392
-1846501907
-2090489533
580452608
-1924176974
711287024
-274640844
1803240681
431625668
-1210743175
1150483738
268246576
-1364955755
-950054258
119173875
484981380
9746295
1254578707
-1392137620
1247680211
-998878937
430353247
-694349585
215772160
907389561
1811573772
-586796065
-1244712238
1657351220
-173080562
-267428830
-425037008
2005346618
1640893958
-1239753249
-1837804917
1124548076
1587016920
252256392
441652634
495960524
-549026182
460104474
19794253
1324756835
1707088911
1547927715
-1133279494
-765221276
459233075
-920241916
990873565
1557982224
-580574056
1133756920
2076801983
-778072612
-1662004271
1107240020
-1878305037
-1134818734
346773614
-591189616
2067205001
124724276
-1122236344
1181015429
-1069686338
1639629798
-2069468387
-539629448
309355441
-1226765555
1737224030
-2064382634
1790234716
-1280672142
-281175993
-577562559
-759346751
-1450546644
-1931282128
-1204573877
464925283
-1111301122
-234548701
-44054656
-1334284809
1289490429
288481709
834967593
-70092453
-801600650
2019999737
-776006065
-583627321
-1949621746
-1117989094
-411646338
1078674242
1670394153
-910930777
-318151990
-1312856490
-1515233905
-542117748
1928774422
1150874886
1833992013
687637791
-1070824045
37910272
-1116149799
-719588239
419773319
-1541855986
821323384
498992870
-175694257
1517392850
1587523300
-1445630200
-647327577
-1037052494
-23067096
-2049884521
-365891545
-362067952
-1083287089
1565530340
-1122469104
-295338050
1062872381
-2111588770
541216328
1621035185
445303131
449875309
338411427
-1186206477
-1530119558
689878142
-2064869277
-2011875618
333326448
-452046498
432010242
506716806
1355482375
-1429001781
762693422
1170535031
-1086419816
-929027768
2143769364
-587359328
1328133362
1011150897
-1100412704
2061614221
-1988352385
-1507016690
-1185373820
-1097985060
-895900759
-1334879957
143551929
1699408361
-155975047
177839463
1982145091
-2051857973
-73884543
517803084
-2021940104
1384572292
-485861124
1488088160
-1509385470
-41918093
-290474701
1491940794
1439680227
-587971827
-1255248095
-1123905065
-2015008583
-311497012
-444287399
941622445
-613665213
1981456742
-1135999193
31134465
-1153522653
-1161170878
1149244406
17070581
-230914075
-1270522585
-985767696
1589562340
138565183
640807222
-1257671189
799114866
2120188314
-1261300966
-850343293
-877726242
-1774863151
-482276227
1654444163
57964953
2126718519
-404950339
-1700216696
907148828
-1804230946
-1080432929
-12972824
173981686
1803932182
-986390333
-314466609
841919524
-293818060
-1377076839
-1980677717
-1155731036
1336829844
1036085651
-315498295
1769314380
2141326048
1353952476
-1467122880
-383700777
1812827025
935625672
1969877517
320008768
1602333109
-1882537397
-1012919169
2095765586
1499066867
128066223
-598962475
964859776
1279329996
1526828929
-93413595
1698003441
-1881556445
-1575511860
-440224642
1830844895
-333333762
-77821815
1921342545
647572769
-215295090
940362325
-1666375156
-923838971
-1676397716
1001757284
2096121095
-931779229
-2130927067
124334005
-338335581
-602949138
-985893384
1087296903
-1990417744
524667085
-1983104291
1872144395
-255816689
530668393
1067120073
538962010
-442157160
-1649762680
-352956368
-1013179480
755315517
503889563
474707915
602433978
-695535761
-421909165
-1716537701
-419828075
-318281536
1439902841
1309411116
844166007
-1399042103
1446621694
1857497374
2108834570
1966861133
800258385
184416737
-56292137
378339486
-1857530384
-1965943361
1529285624
-917172673
340663106
1859323167
1928324369
411075786
36744610
-597263865
-424153215
721103380
-874966850
-656907806
2005261779
-1106703730
-895776990
1187237763
1615460730
-1074619155
-692578545
-1114504855
-180034115
-757269491
1469974673
-1410529212
1243815408
701586194
1537257680
668455351
1251320548
-1400563760
1088233125
-1577739425
-1060926560
1000738668
-1661633424
-240709100
1920429392
1434786115
-2042610904
-314334866
883347069
1681050634
-1537844557
-786843765
1948326270
952168757
-1865587849
-246873842
-854146515
-711112036
-123804368
-1305091734
1761645278
-1038053796
-1802989821
696626015
-1233496947
-306791173
-1077070637
2055691716
-668776874
1202992591
309351892
1692723335
-1043720151
-465752673
-1551173539
1068842482
1028742333
-186946678
1123151617
-305679313
102016708
1320710183
743627487
780499726
1365624161
1597008621
577666873
21899780
-1472408618
-1680563755
208419395
-603936138
279777410
-482726083
-1297369283
-122551753
-2007257335
1113340431
20393411
2124923471
-1957357100
-450425822
-985021853
1338252798
1466980028
36940512
-2038244240
-1712460288
1127711489
-1743661528
1285063957
1138697233
-2092459392
1073254772
-1796725844
-93818190
965279269
-57435330
-1050268848
518073645
2042981789
908490399
157453744
2103878615
-701011888
1571023673
-1516173530
1644069013
-382578
1893932887
564238343
48490400
-2113883129
-1324765102
-1931034820
-327196532
-1129471872
-875270858
-1379120623
352701317
596419524
-421619804
1566231884
-356849956
-1588985896
-207499527
900799361
1150822593
-1357687695
1642531247
-1403106140
-773787310
-1890549078
1057177859
1419520736
-164013868
-1621452815
-2000637224
872618150
-312140225
1942090818
-1920999973
-62012408
1613265407
2115248024
-1641440282
1599355718
186439929
354747039
-1136787799
617297577
-991444021
-1729726803
-723398009
-724718705
-1553828264
-65773325
730262461
-1409024825
-1960514685
-1616196369
-504782391
-1214424034
1926193465
830388773
-1042277111
-846909127
-1348888395
799641869
639523489
294099365
-614508802
151155534
-740554078
-1481288148
836102580
1054858029
-428364697
2022226282
-1961970675
-787530177
1510247746
-1185780833
-1993930727
-241719450
-261649064
-1936844859
-700067763
230128634
-394211639
522999269
-485765826
-1545805755
1981723411
1524655782
-324834388
-698650827
-296170825
-1621781466
-387352894
-677824180
-457729251
236538892
-1896338789
160972507
-596091212
1011107549
250768136
1197529454
-192273571
-1833021297
897917584
1311033482
-153883895
530417243
-93254217
-1791371883
975811232
31137239
-1513130365
1116095253
-1135574236
698681667
1642636347
-337085667
214954262
-1271591646
-811924623
-792284925
72461848
1468734220
-440513981
1888119382
-1388965677
-638450238
1759386844
1452745486
722384666
-2146246014
-1000606143
-1853193979
907978319
1405922205
683694410
898091686
-401502715
-1689585594
-117469715
389518563
101847271
1412423083
-1309249854
1782570092
-1266599977
-414036663
1218972354
1502084637
1012569
-2915204
890052434
-52477257
-115749070
-1050451627
-53301632
634646994
926170188
-558583633
-1821035125
2012487698
-1779165988
-140523132
-1879423064
-1366250343
1469857478
1870858620
1415745795
380510652
-1199665089
-1386871097
1544193539
1448504568
1694259892
-1730311381
214975186
104440358
1581924330
-1464095648
1866030876
1186676206
901363045
83400091
-197412331
-378758279
1435294222
106288744
133726913
-1966304918
1736409615
-1383642436
1072234607
-919639539
108698881
-611717046
-588193914
-734942511
1754618441
-16630507
-2034104701
-1085579533
-757485633
1192282950
1111111489
692115836
-1753733489
61173311
-534577029
-192339347
1668354660
-884603665
1900069775
2039579447
1752667842
-138437273
-1473916284
-28776848
-852156749
-1819427411
-1257575858
2111110852
-145085787
-2110986800
-734098096
1123969321
307468434
1934270268
13697569
1459633750
1766443617
-1927893681
-1959069038
-801454219
629231244
35533611
-2095503633
403720726
160100098
1683153613
1140275589
-131195033
1076578893
913148254
466165348
-990672222
432036599
1341951177
106523494
533398214
242061610
1147416205
937446511
1482810249
-457350506
1528801235
-1972998155
1643493772
-302943082
1424978627
2043393986
296590800
-1054292843
1469207826
-645811720
258561128
1058370222
-580124705
-1048175018
-1562959248
1467093650
2035636415
-970325063
-1640198339
-1845451090
-33570794
-1678370332
-697465643
-1394890355
353757352
113609603
1328579489
1266927994
1373246575
-583248788
-335159968
731593321
648727214
5161000
-1439487137
938066454
164911942
769903794
961770470
508748398
1168556871
1442084222
-155208971
1679410734
-13842743
-1624888644
-1792361936
-614149174
-1755687939
587135197
433175
2142046863
-1454013570
-290053034
-1325853063
719556107
517917164
1552694691
-939020246
-52821076
-2028851525
-20844146
-864322061
1210099366
-2063295416
955586992
1208468169
492254746
-1738695379
723505464
515759938
1042030964
322902741
-1561488918
803908
496473876
-70127278
-1864983190
-424846081
1146509616
635923565
-1364052294
-498686948
-1174242057
-1618148866
292843521
1422350390
801535994
-881795714
-1076588402
446268297
1544101831
986386650
-672835813
1722764008
32997335
-1620541815
-1904698283
1302444020
1463527849
1924255968
1757157787
1555395210
512615214
827986596
-2095753210
770514301
-1061169305
570801377
-736162903
-1466414459
-1246253748
1895058937
-267755751
-1320601226
-1781847825
952352255
1942680367
336254644
-2142684447
-1442421691
-2003003636
-1017926427
402825684
-1915149773
-1143079843
1690942952
8946305
-1808734374
355199967
230061830
-2132665908
1249108680
157072933
-213306265
417918245
-614206051
-860611432
1371146183
1871519024
1269119710
94588607
-2142914967
-264651097
1334098056
-336947263
-636018101
-1096065665
-196047384
708077607
348230298
-922153399
-1697369303
445343717
-1087205528
-1036865061
1856020014
748199066
-549895013
-1472377041
-135176030
-274255850
321691688
1195419530
1232933708
-1639998691
-803692671
1697081568
-510614873
1845770346
-1905360820
308650614
-1279635279
-661289994
783992916
59727817
524451843
-1578857863
10442948
50564526
1409129505
1639861553
2139029650
108891578
-471616749
-1581048351
-1658109384
1956781027
-510684108
1386821404
-625196887
-1061000602
-342849463
333059266
902170498
-245721108
798422740
-345091893
1134404224
-2038504472
-1472885590
42207299
-1735149518
-893565630
1366669251
1864895637
-1523475473
154093369
-1793618863
969565451
-1830745335
-1194176380
-599628013
-1799691116
-617215678
368752827
-1158881046
-1598892088
-1936355202
823676917
244836268
1446842153
-1821702214
1682521265
1197609015
18729388
1271510332
-1046326279
-717916727
-1393540233
-478765044
551702468
-601638257
2034756842
858428578
1589086107
942210427
-738226717
648233184
1746276224
-490219174
1648417086
957717314
999710986
-1182940891
7550106
369297747
-273485100
-1003467370
-823609246
-392824478
2034065944
-1817620482
420260875
348250997
-1211493738
1530969685
-414776678
-122821250
-1336186694
-1825518446
-587424919
1504734924
-1216085507
1543620413
1280068393
1771417284
499748746
2084602689
346353962
-162415920
562575141
-1316260090
1615928538
-1562730602
53517896
-1976577857
-606533750
-1158295188
163120014
105979392
-924588424
-1064849396
-1615066539
-1674880878
-783427319
-1632956028
-330949475
-1012372342
-1095239851
415369327
-17004746
260017048
-80984855
-1592764055
-732449766
-693771876
-926446649
109269951
-1101256937
490569342
2096587697
324141414
-1496047439
1906870590
1341843878
828105262
-741995707
-835448759
-818353235
-723802569
1677858417
-751891698
283544784
-580478045
1382261939
1031233745
94741867
1468580749
151613264
-741340993
-781032538
1238942264
613516406
-286222527
-726929345
777920139
412386212
-1636840300
-394519668
-942177091
-1267876791
1957689497
1939756736
-2129264564
-1206644053
2131576809
365329772
-25337550
-2036216054
2063289900
753677129
-32948133
-1117275388
633364907
-523773388
-1002875055
-582340293
-1739416542
1780114553
-885055688
-18021580
348361946
891914067
284289793
-1826793086
-337303561
1299059123
-2035420966
-1237913053
832757518
1007315776
-812255516
-2127273687
-1439641862
2004582303
-1661561048
-873449572
-1695940880
-2125030925
-1056616758
-334023522
885370063
1795880103
488950911
1906959568
-185859396
1288044906
897266236
-1494330380
1063784942
503688571
-1220657617
-2070367020
1501439685
-1235999194
484740850
-704896159
-771044831
-1436753523
-1029015810
-763173602
-138411023
1715662763
-775154851
2076167102
-1403276534
-1105406058
12425635
-2141151732
977997369
553288963
231084318
1180936970
-1394826597
1579026959
1324346188
-2140083363
-77372629
928528700
-1450823795
1700353255
1656921500
-888775751
-1551094247
1002783925
-402397080
-1270970395
638119475
-1991957732
-552247768
-594781162
2128530334
1367713310
-1277183450
-1468522091
2138765136
-1835313647
784935472
-215049235
1915735909
-1804650366
699591086
1178601573
1976058454
-577714858
-1530070538
-1261366838
2098311530
1028622898
1954319327
-1778336655
1241319019
-1941888996
1078390420
619875963
-925962083
-1619110046
930879402
1847359578
-354255637
-1439908422
142153843
1298940308
-1191150237
-1969757526
738989204
-3113530
-1367247900
-2039480791
755535316
-1729278484
1603728406
-352723578
95689015
-1148882465
24424601
743848585
379638091
883191326
568371072
683991255
1309415872
-2028025392
-399171072
1948927386
1496156222
1254729993
-1017742492
996439393
-1018493325
1092306764
-909515964
-1067025340
-1507557014
-1409673648
439979765
1709157451
-2053457373
1402504455
-1098510781
497444367
1922698079
-1986546981
1766569821
376719266
143341754
-1433693382
-2000790000
637265323
35232511
933184852
-1188246984
1916695253
1329544631
-1195334621
1889575282
-1165362838
-327368189
-2002365781
-1826179050
-1410397382
1932270251
1467205763
2006383972
1619463105
37385590
989012627
779253500
1657960584
-695802437
882162718
-1159659629
-787950645
-1477925833
434164738
2017443043
-307620517
-1397163999
872923710
1749844195
356238790
1592401276
-352222795
1577683512
-1558566988
-1267352405
-1602907599
1530419179
1525158803
914540362
-89098582
1761707099
-408000138
407621178
1216107462
1397414772
-2023342790
1305224446
537293475
144449568
129442026
1808492101
-1387025452
-1182386947
1902457188
1682189767
1549926058
-511206319
-1451177668
-1533273261
943052980
329548602
-1809580577
-1276087511
-822750840
362269737
-223851781
-1071911036
69197506
-1729770351
16846878
-179333253
-1861270452
-1066356262
1368245405
2137108233
700105951
-692469349
1317078455
2056459370
872863434
-738596600
975692537
1153212072
-1551900430
-152088663
1177488611
-992259724
101499929
384098637
196725195
-1492420039
-798346142
72614717
486069505
-747632018
-146561260
1188030643
-1020425165
-1065041109
1405540510
2112699020
333975315
-1305541121
-186962214
1188038205
336934198
-1748345088
-1862894699
-1540020221
2036039231
2041256994
-736304305
-764697506
9723964
1130530252
1244785726
788899007
622958671
146115752
1939667353
1682967423
246702480
-1863319366
-106711278
-2045062381
-1273579983
1011590580
-1929299805
-548688770
-941293853
180598919
1416155789
693604614
-97987463
1344453181
-837816931
257375018
1168881610
799118341
122313648
-1321878830
1541596122
1598843023
871952506
1203214536
751017531
-1848465766
625107586
-1291043482
48343473
-1314049846
1342879856
981634705
-1641038060
1541320382
-266484086
-535496475
718549114
-1606460575
289767548
-1525655503
1409424020
1787225216
-1681054889
-379817179
384419928
1599877021
-360809509
-1809580470
1440296160
-992208894
1832307961
235231793
-1714448495
-343573992
-1325065582
-774602513
1867908736
-1131798535
496753797
-1131817272
2090842896
-1435933886
1543265768
-2038377943
-653462305
1773312046
-1142797164
1524936411
2070148834
253400544
-522568474
895000694
1387444942
-2031030273
1565926852
483145747
915129
-1246317177
-977332002
71561541
1133009153
-345913122
-810304714
-899081656
1057431148
-134929115
-1500036639
-1372353669
1413965456
29861073
646772494
2100486667
-625350027
-245883527
-700937401
-1776012816
1544616312
-1524177679
1851504375
-1545837795
-1112088463
1190794134
2028859435
811511283
1747001112
-1133307925
131283100
293202678
1834422180
-869175452
-232568851
1589553602
474539188
-936929150
776115760
2001421119
-1325522573
1250202143
1126369966
1812618003
-1468993546
1441102858
-199601433
1809024088
207485415
1218981078
85468631
161807758
363243368
-143601425
-1863911557
220772307
895346737
-1451104531
-54140782
304487761
-1149900038
-341365460
877837992
1604668151
1619486496
1634292892
-492318641
-627068565
1150377090
558468308
-1308601937
-983215810
-115708500
1294024045
-563356351
-1952643487
-938788809
-1665957747
1112577239
1312397015
472600431
1799566018
1626887903
1378121899
580959542
-1831228400
1147503591
721060644
-127128281
1444378188
2087721059
944111416
-371579394
-1121348437
1710497454
1113901885
109311286
-518836075
-1780040370
469796326
151073011
-2094743617
-709401220
-1058409364
-401279966
712439672
1354163682
-1970792437
1446000862
-1747902143
764831142
-2145474897
-1646988011
1187488931
-542340185
1027005167
872144235
-1839670723
-1848683003
1303433018
-1353125283
-384074724
2088068582
-1800218545
-1569113175
-629979313
448381815
1829737202
-780773907
276144825
-1576444367
-1240295204
-123554162
-93233368
-17707683
707727602
-1839478309
-810949466
-889383719
-586510662
-581087375
168255759
469660188
-149818102
-1799120672
-1165833245
-521112202
225267713
-39809394
1848496989
1808067484
1493359163
-303980837
1612973764
1049320292
-1920425664
1803746182
-1682714112
-1386538036
-576225988
1273940302
2145590895
565855808
2049527797
-2010307108
-480465671
134940956
1800912632
-1519114273
1393589601
-1340268946
1414520086
-655016583
-1885153570
-1214682367
-2090698994
1404538073
1533724138
1004145046
-1612712053
774191912
-981851304
-517912972
2016024144
-1528054359
-1556711252
1262898979
-1982544207
271423771
-1431611994
-2011784589
742594884
621163361
1093921568
35081411
331613400
2118556516
1302527769
994188415
-1426175322
375155512
1072533008
-284329238
1908009414
-1480447875
-1412584042
2043151645
-838281756
-714422521
-1122466786
-313818802
515368243
1871720897
-52729321
9170005
789326241
761724365
855738428
-1127523476
-1419761333
934783984
444892970
679720502
-680023502
-176153555
1665147954
832802050
1905788207
-1463412817
1974058864
1053527888
2078159908
-1460792085
1193948956
1578002067
657133428
-411592187
-1964399585
1200421176
-1819185484
238215539
-1077818391
-412788250
-1061609310
-249977632
839211905
-318052601
1214574165
1815032402
2081898461
-897425785
897129910
-1519767666
1957605235
1952770524
230893358
1038921658
-1302742769
809068101
2073727648
1526038340
-761697305
1910730069
-1451348071
-801125885
-720376596
-1763974734
-2075124538
-1187741797
-102101662
-1629551590
-1677307226
-1230824924
1664300722
-2114431833
365733247
-101864691
73121662
-1550531501
552628885
-1896984002
1327955446
365427389
549285017
-1583709316
985115497
-545672148
1945516896
499826194
1036414239
2147253204
-1777671468
886282924
964138597
987711064
-1579539153
1745310597
201488360
-740314992
-789949339
1862609604
313380934
-721754485
-270973215
254694179
-1630916126
200767191
1619682164
82722514
-1299418633
-241003009
-812320630
-503416678
-29920017
933205588
1541690014
195849028
1562766325
-498034704
1755203055
1135196986
574216136
2001450231
1903959923
-1286203793
-1790909230
-968872416
-66244340
-956588420
-1539705735
1315134323
-1810273031
577065227
492398516
-441096876
-909261682
482939512
-1100022048
-34993729
2093170215
-445301068
220816083
482472404
-1433602470
1061938285
-1629443279
258300822
965247083
-1793847701
659715582
1108941807
1148148228
-1773420739
424633460
-206357257
-1478531547
162235156
-1274867433
-1228620683
-1678007463
-1439253522
813486854
-1648218459
145068330
-1279128586
649126546
1405962555
-974980907
-561282518
-997281004
1297980071
-754250431
1964404030
-1102932486
-1155075685
-1450109395
-1774782273
-242877661
1384134857
-1963844951
-1520961412
541254253
-1451898127
397295303
382174753
1308906123
1843299098
-1500657519
-1015196381
-1460213477
1182469407
-218300355
2039996643
1205458935
-1751434643
2118737823
-1292117747
-881728566
-1707254007
-851589922
-61640638
1360345062
1633155800
-649946006
1247899894
1711285077
1027486490
620901933
209075354
1838158637
-585899977
-404702720
1729304828
1619222056
307114942
1687842656
2074767342
-164514445
-292930902
1699892321
-1338907354
1134186182
1490206694
-578420766
1696949860
341973940
822301458
670821121
-1326933543
-1196580284
-1366395001
1058192849
1852198599
-1922610497
667500440
-1608406198
-123480988
205272779
-1472276453
1913874561
939023108
-223939144
1135790119
-1554683112
2113323894
-587159015
-2136938210
1457003255
85622957
822506646
1685478125
1785981755
-1758564446
466237440
-38864750
-1647145362
-613496455
-958199130
-524873506
-684017160
2044040162
1629677798
338257788
-695194410
-1642908734
-1654883066
-872562127
-306123383
1487603217
1729957956
29132388
-604769456
-238673147
-1628702421
638593761
-312693096
-439570576
652352296
-1906998823
-136698701
167272549
-1434367140
-614981843
-1681943864
890836258
-1294160206
-445096213
1938803722
-655447255
1872782644
38588440
609470252
-1190563665
1738020506
11077551
-842526956
2136267066
356070436
-1911545879
1696860878
1518753925
1991181225
-331782209
2046382275
1105495974
1244907502
-1028520276
-1579648726
2054748274
543398459
1208916151
-531881027
-1107207392
-2081765077
332138160
1553081520
35314219
700108996
1177493177
1350962398
-1871916931
-1139916858
-1167675128
-2085650107
-2058994231
1043668551
288109802
-1113975372
594779448
-190273153
995834378
985898690
-532086201
-176260896
-189257229
1657351938
-466182161
641753194
1268981202
1145713524
-1459872251
649045052
-621032320
-428055747
-1326358301
21975405
-62401344
2028107418
1092724552
200986652
-1317214268
709024018
-329244036
428540613
-605775882
-937768213
1447783607
2061338326
279433204
-1164073506
1151828419
-1497961855
-940821029
-166250227
567025120
506588116
290324167
-1132236748
-429938969
66786566
2082797210
-1466123745
-915078223
817449490
-1817460739
1237705307
-2036005447
2079923081
-1962110812
1565217328
-668841729
-1342573916
1539763669
1757605070
1766895151
-1122407784
1310076202
-1844380987
-480783614
1619684142
1329118612
789305530
1253715172
-2033526638
-1997243229
-1071686313
426813911
1176759402
-793469947
703343235
-559613034
-1112634326
-278799540
-923902509
-1574768387
1662398630
-1377953292
-621128641
1748730279
434778856
2031650211
471168280
1901752280
-1409904061
1413474482
-233031623
-918969187
270174120
1944902892
738581372
1789635122
497318455
175498900
-240551056
1219029155
1788881176
-1875133524
-1091599544
2044823733
-855826804
-1159971980
345352213
1003495686
1178648638
-1205937616
1213915959
-1821929102
-1730637601
1968538926
-1580457967
-1372016456
-900303119
1578713863
-1086222085
1704112221
-534111007
771363876
1395122044
535517903
34061915
338548612
1404021688
-502624306
1063122650
1724004283
431034151
1934009095
-1321114243
-1466833859
-29878649
-1395293951
-514967007
1652398812
1409967891
772849212
-580059221
-1183988337
583369461
-322374505
1634285477
933867636
2134401272
1135022834
119380748
-1386374121
1737640833
-278887661
-1780280217
-1711722508
-2060698945
-1200797235
-1087584485
1118048570
1884364321
-1875016354
-636700675
2040439249
264030472
-1864503783
1459743529
1933650846
1691383485
1523662148
-1708520687
-1481901051
-1309206107
-1461805501
-386011944
1079980975
161671603
-353137163
-211712544
-2028384628
1290855965
1111084125
-616225119
331851803
-1198113198
661144709
866062012
1917091816
-796469718
1398804126
1281470031
-900578730
-1241294497
-1886064533
-427546485
-453240418
1538298427
-506265632
-1904743550
645925655
927004563
-68596730
-440438459
-1419303753
-883644941
-35934175
-217612754
1588887257
-305973222
-558090989
-1805291399
1314657856
-104451416
1198433538
-1368230631
-1229012389
296875797
1235170616
103069129
-1241986102
1280733669
1046440523
-2017143712
-1734023392
-1241516007
-1184195971
1416578921
-2087872534
-1348204568
38122085
1584819186
1826832368
-1488133970
-242999346
-856465244
-198353222
-829282779
-1867118882
1294007827
-2037267115
907805394
-48093830
-167935913
896844375
588348865
45091049
1432663515
-735999457
338294643
-1014138441
-1633826956
-161849503
2066022935
-1000062501
242544053
-1448853535
-605353736
2057548059
1370138497
-1508238978
-1345553609
1152615343
-989379104
-439366799
-260280903
-1457778908
-1946492650
1133344726
-1765873566
604625283
-660665615
-416290452
596791938
1481703090
124834403
-679276136
-1424051569
2088175641
-412160945
1127735983
-164842219
-1953490296
1169233319
-1259926924
-2070827287
1999019607
-2025127242
-182038305
1478299300
288540110
1184788410
1640931104
-144248497
93951431
-547019083
-957549853
-2119774629
1208046738
-717180
-1665613356
-1548456237
1061389080
1942853424
177115492
-507206700
-2120039358
-1130424445
1234552525
-862556100
-1771219301
-655233058
1453650772
584882592
1092289587
60589642
845684941
-1946495868
-780161850
-762023988
-587144604
-152240187
-1298543074
127425276
1871719833
-626908326
2014752437
-1762291752
513163148
-1283709381
1612451485
-377153323
-65727878
1866493856
763462308
-1943410377
874915719
-992680082
1419894195
1239061665
1920772285
719849966
1150241910
-623481873
-1621547180
-1487273281
-1778710719
-1118891197
788822579
-1540881651
-1295270351
-1630739107
-1673822026
1694123779
460071826
-1155155920
474860978
1703444094
1804417152
1396889265
927825589
-1945137918
766394320
-2073279503
1070515089
-1622223631
360086320
1436326766
10082843
875725305
1795888780
1422008997
-1281719760
1605600974
-11672141
-16326677
277097976
-322092519
-2137532358
-427636100
458388078
-537657681
860637088
-497522732
927038495
1618395910
131105714
-177378755
-900559823
401220580
-1975172816
821437609
-1674788441
258018904
-568996175
-198973503
-1049971998
-1793868563
-1437912125
649305149
-966157462
-1033614307
-1177575850
-1709494667
1656168942
-2060213756
-290405799
-1578524872
75954825
1064344917
-1221193819
1222036956
980019526
-606319
1367990810
-1170387050
1830021350
1467008629
352522247
-2004228085
-2087224864
-565778253
-1861322033
1037137702
1045978536
-1662539291
1603175880
91713580
542655027
-650806850
-176122010
2044472844
933503419
-237858174
-686356328
-2002011909
-1798219073
1034406583
1316497009
-1730490048
-1562000307
-1566945764
-197580277
1609126732
888554115
1026519514
-122271065
769542413
695967570
-216197127
-1948824039
-1981596541
487959429
-944220651
-1950878
967417746
997256193
-635743408
972297118
-987865830
-1115465906
-453602934
-1177438944
329049924
-996612266
647042511
1765887195
1360287519
-1175387285
-1212275695
-1958807037
631665002
658114190
1908834838
-2090498061
-898521933
-1656199699
-1330743885
-535928239
1471435936
-130335827
270594618
-1808128145
210306700
1796749802
-119822032
-1014661900
1549812565
-989509125
-1442909629
-259781957
1800815219
1743150074
-933249414
-283787270
-842026419
1066019458
1160317614
1055442598
-357944889
-1980172614
805143864
-1734555370
788680479
-1994096494
1319197419
-1742574106
1348083705
-462897332
-666935484
-1019466211
1929954999
-113172930
-1545862176
1370745234
277641486
109986261
1539035949
1479204235
-1596073002
-1459316515
-1314233756
1822417318
477939744
-1172554242
761917110
-685633796
-2015638131
1096740233
2120423877
-1880869502
-1924069923
-1032252556
1865382229
4703155
1040715206
88028579
-602870205
-323222421
-36030714
1076444777
-1206716747
1941493526
1320110011
-707171507
246574994
1760183817
660232946
593290256
-1933870796
-451633361
353089149
-80724498
-371952804
-242289944
-22435320
-1460506844
942163046
732699949
-1141912722
-816515406
-938385475
-414663433
542450760
897596514
-976601200
708230625
-1062263609
118451464
-968931899
715479051
-745508925
37181194
426326062
1127131714
-1530932205
920652578
1532414970
1847743069
1293223710
-139377310
-2072054675
-784947223
-1362234190
1603134072
-1117984557
423656712
608745492
-1023744717
-1007544911
-450131563
960205399
-1045245883
-2099679938
913040524
507867633
-1452386230
73059089
1573072809
289857419
-201870839
-1750835430
-1682286258
-1952685033
-533856008
1715164118
1188763817
-682574809
1005758981
-351001666
-1128101867
1995336829
877825683
2127974912
1356366273
637373406
1977185218
886471281
1510843023
-877406677
-1591862797
2106387649
448534334
-2094375759
1803143306
-855750929
-1864001590
1842177983
163992053
-252787969
-70568686
-1024434824
1462359021
-619697174
-1534993221
-205995541
-1398294532
-1578783274
-202328236
-1842305952
1940043838
253228423
936690874
1451363828
234089579
-1633201388
1815567038
1398949224
-436788460
-1357851683
-1787074044
1942813749
137169708
1515620284
2063576365
1436334307
51900874
36332922
294790712
-1349578086
1761613868
-1182891388
1909689893
-1290235399
-291969538
179605981
-2022728997
1549093669
22051804
-19800490
-1795604661
-778009307
-727225835
247215101
1938311636
-768671123
1468436402
-824742702
-14154519
-1800618312
-1922734666
-1499294528
805092848
1167603226
997407398
-328279861
-570403219
-836597419
1276781131
-398871163
1754547039
-2130898070
1398447541
-480831290
1714003690
1609712755
418070403
-869307749
-249155531
-1666132560
1509412962
-1860128386
406293909
-837965090
940554195
449922503
-944522006
-1301154609
764128560
1614137442
834205257
-1250924233
1303311600
74666178
833907931
1389732803
4763177
333579797
1880244740
-1170930577
31323222
151230393
-1839790394
875863832
-223487654
931416302
-1660588184
66064464
611089348
-107707445
-843506350
737364849
547536212
-1638652042
-1224105157
1288418804
-730571330
-1377303153
-883480699
71246851
-1301906003
-463125780
-371963673
-585266613
-69415414
2135265163
-264820404
698054935
-761008259
-1932367420
-172637446
-1972325222
-2092710349
-1188765506
932178934
2094497419
-2093169182
742033955
380349351
-163683081
-16811511
-143155433
-420559175
-817386926
714985084
167343205
-162880188
-707880242
975821855
-644103685
-1189218516
-1336122641
1538145777
-976851560
-1243497782
33241951
-253218228
-2009019197
-1051883061
1022361086
-894694294
-626880002
-1468444584
1791981629
1063303723
1271519547
910217847
-1847193940
-1719180780
1262552975
-426794064
-801274416
-955228773
-671714779
-880642829
1559626810
646910881
1599275124
2142559417
1315217876
1349678911
14433716
1021377896
-944039811
1350577860
476155277
-1335316997
1629579736
-1154701570
1148942353
917899490
-1570533791
-1286957383
270483692
752583974
-1932864
1664136836
-210223654
-742785584
1150894177
-1189302086
358326360
1131760523
-671380924
-1115255360
-893213026
2137412744
343768849
2072518795
-134060085
1413723809
2029021039
-743426204
2134355810
707293120
80887701
1490130159
1070636021
-592303998
2071123744
1893332328
327480607
1659307286
-1532323289
-776100816
-190223178
556605547
1225545612
1212704136
-807846079
396105098
-1942185836
-1133725541
-491460696
1351826239
799956410
414627265
1512823338
1963292159
195974335
421006593
-1078822254
-678050811
-643638267
-728307496
-1121664595
-1683101763
33056541
-574506696
-1775680010
2087375974
395778206
593898195
586128275
-1496268558
-1422416584
-567685480
106971012
-982317776
666555400
612840829
-1467776487
-807787220
117977133
-1919253377
1078469797
531934933
1244512154
945079526
-181821840
1334169056
818139949
-1201834803
348208369
877574636
-2143992831
-1201792031
827102012
-69311769
-1531072001
2062280809
535227577
-565903441
-923494469
-201353083
-1898268906
-2002820356
-153794691
-1389612102
-649390210
1011366524
195110300
2060015789
-725278966
-1111778241
-268782574
-1337056466
1246450295
1817937493
611140429
-1167724936
1181055257
-301321035
1635671107
236484534
1172956944
-1720094369
916666312
972235977
-824920392
1985757893
1044764451
-1598459064
1087677797
630889575
2074776030
1224659912
-1887664304
326956476
-1287639843
174880092
1401128651
-457184424
1139920561
-862337697
-798121284
1809731146
162751789
478586736
-2087116728
-1880996410
-1007267782
-248337987
-666573874
1072981763
389899751
1841084804
753853718
-789977242
-1796955196
-332719145
1621701322
1384205536
-526245521
-944525665
1173829924
-1961934701
-2054481809
-1537690142
866926568
1079207867
-574548672
1143912776
1180652437
1296525003
1972938158
216282586
-40366634
758674134
-28567450
-362010611
-1441074882
782112048
2053251529
976794111
-2047652811
1646724437
672758275
1568891392
1715722028
-1365295864
2041038940
-1124803245
1371963927
-1226790209
1764454349
-1261046988
678896924
-1775098306
-1139470122
-1693426659
678168712
-410088575
-2134453106
-404379324
-459638782
1065885662
-1233857285
1403463784
326423810
-988109461
-1271712093
1327611853
137550979
503365788
1842595683
-1239611771
963384310
-2058906576
486422142
-1686299408
-1514696326
-651839666
1745566200
-108328571
1652790090
1439230443
-1076087515
1323277777
227187318
-803198098
258880636
1839802303
225639638
-1143072875
-998223184
801403674
-1786699205
1699327385
-846013695
1386602320
-1173102362
942794128
403029198
1788317048
-1020940995
62568466
-428727185
-509744490
1988399291
486571039
-1664856767
329521693
-1474421720
1794686783
1247273217
1403389108
-891565814
-2100954133
-878020515
-2069491907
56589914
1864749611
710742216
-1046954478
-692638597
-839408000
1417055117
-1588541295
-1525042073
106154755
409373223
186278106
-751923669
1183422157
-613860402
1717351383
-1501240683
769462169
-522063787
-1887115908
854985770
-666695256
1816888371
1190006095
1106948957
-320544284
431684062
1739454250
1236859390
824391240
-1679698849
-999904192
2063952368
2069971070
-1757214942
-71759779
-1158178017
425244361
-1708749042
1559551857
1364116656
1599100709
-1794832171
1147631438
-269374087
244154539
-1461331828
1701927344
-325537870
603684666
1707062909
-1013398914
2070397933
-494310061
-2087406276
-1554108849
187287363
694800453
-352316169
1139592495
-1589808945
1533891209
1182627858
-2078745183
-11031968
-328974225
-367637261
-1145424920
793133161
-1710707975
1285259545
-1634635390
-1273422532
296572166
-1856056973
1137357044
1942455159
1493946034
1287670767
-988239411
-2083914818
1900962556
639227472
-292581148
1702422954
-300368982
-1210331580
1293367523
663419904
1495031657
-531949899
1891645193
912421
1408527927
-75356577
1522536490
-1461239599
1071005701
1868295074
-124472837
1871841283
1801111959
-720856679
-284181364
178895924
746515375
2138681962
1158570004
-467547953
238489705
1389617887
782947060
1359765983
668252904
-588610763
184591350
-825580790
-2025657038
2058473780
-663917355
-1398068803
671647832
2144483199
-104093439
-677667160
2119043802
-849856979
717075618
-823860627
152457544
-534658921
1039874013
338743699
1873820972
140715123
-2030861737
-644623424
1315005991
1856687649
876321527
-448550361
1403533657
-1720943036
-93911057
-280481474
-1669977338
-174996331
458658555
1762265524
816373366
773247987
1962446315
611212450
336816155
-275250243
-131441825
-1620168960
-237564423
-1373269404
-584892463
1963653210
-102946238
-1694991045
-1966293287
879325378
20583488
-1241742959
1642924203
1844890120
1616589687
-1445946623
676084707
1678493736
-748642038
1495307015
1665499012
1808035075
-601556131
-145787434
-2000602818
-1829098670
-931377157
-1919680407
161866735
-1397107497
-1537392710
-1775936552
497109611
91076564
-2060074723
573028844
772024960
-158883904
-471915271
-504518923
1350992948
-1778537160
733692250
-1961089830
-2090133168
1000880435
1774118566
-91430032
517792033
1824405370
-1412693245
564865551
197751933
2140195926
1509955574
901596771
-483936764
2122189194
-1228806580
-1403677569
-1043711321
874382979
-106728388
-1606192073
-1060030866
187484109
-1025781299
655212462
164098421
1843833289
862863221
-1652189395
330697015
1773421213
-280323326
-879126986
-332594674
-1738674325
-49465667
293520856
2027875578
785285316
-2000519476
1271259205
1406346657
-974144929
1450512600
1179171233
-2112197482
597858821
1687366127
138732060
-1959534115
1400936911
933400234
-340404926
-362241106
-1875746412
1183338898
-799913327
-75754119
1509661596
1662786495
615873355
761991978
350412952
202693570
1601597838
-1059810131
1406660310
-1109983548
-1820543839
-1203075660
-1381392208
1703581678
1610802832
-9316937
1874875973
2137135627
-1163057414
-2033908676
-2136422805
2086700908
841109288
87862616
1153854179
1199062028
-688628894
-480912779
-918291506
63550963
412456317
740694868
-3428768
-396623906
-1981983560
766094165
-2013779245
-685858273
-1250400567
561522422
-1391825507
2141142466
1271821873
-19884647
-1635776540
2010854897
-223936040
-1363817591
-202869967
1228409753
-1603421739
-1092589506
-1492161436
1932742476
-1969269364
1625027808
1987938791
1929727337
1977956093
-1007098103
615481638
-176170887
1744269147
1930791887
158846782
421844444
-322832164
1591484161
-1576683276
-1744408412
-87868977
842306223
608687592
2109544128
57091314
-846411025
-217081079
-1008884644
1954777861
-1501408802
1019123787
-2128846456
1162834330
-391854107
362634647
-621824489
-1804041425
-1313303491
1015495427
1498396617
-1416172418
-2074764876
462770243
-1235355988
1332820754
-147459152
-500785314
-1970066498
1367806237
-364576908
558503588
-272192041
661832328
-725666398
-1435843106
742248645
2099195724
-2051565568
-1855081785
-651193672
2026925824
1784657790
-764149573
-1744094240
-1059905102
-675572105
-546611282
-40446892
1536129529
809167671
499250783
-1142647755
-1459989430
222660285
1882340300
-2106805741
-114298998
-513743935
1324250088
1753953166
2091457253
493953527
-1598372982
-931683264
1614081245
-1829244523
-1392504919
566679258
384718757
710423315
-1194255418
954537100
-268030288
-1488105679
-2105631831
653876906
-1028689532
-80639170
535702607
1099474572
1896148947
-325132906
1051944994
-1522917451
1352440523
-894826901
1495894634
562827318
-840034388
-1615859512
-994093565
1180353364
1408722843
1353293779
579744592
1309770344
753121462
981150802
2138093935
-1703430138
-1876577177
-487156113
-1822681427
-460676767
-675815683
-275550273
67308604
737554926
642440312
-999775872
1006661923
-691663546
-61690205
1929761570
1764913269
1745992528
-10403736
1050555656
432993989
989166239
-816983457
969847695
-78839080
-396667624
1150164135
-295315890
-1480208996
1882086103
69155321
-1456222305
-1590952615
332146514
1957277690
-1085439906
1961252902
-1775823681
-546494257
-946506768
423537053
-2142387789
-885673482
1862932615
1877790674
758304011
1634047060
-527911005
823206784
-136713201
977017225
363393755
-2022658171
-1849835821
657642123
911001821
1022946192
-2037119264
768619378
465397426
1421340184
1825317908
-1410885488
1257064774
1624328591
-2122449978
-1389623100
1006400295
1187449047
557690413
-2105784049
-2086421875
-1376682252
128630273
849614183
-1443335271
712498691
-1277718942
-71855413
-381027615
-1245263509
437279481
-1058320745
1005511724
-73312431
-1437135267
1813798681
-1863331463
-205769391
140221111
1365342563
-2116405690
-1566972822
-468797272
-281603998
-941257970
1549418553
-1687736215
-1268395729
137999634
-1600207511
2094010676
384045221
1993188956
1925729129
406354658
1642593842
-1589544448
-1259723424
1629740500
1852420082
1334284453
-2129011107
-257698537
-2051974151
1935962435
864158931
1494417091
444551920
1107653165
-216942269
-1191545181
-937390110
-1200984494
503968826
-184428774
681308504
1683950271
1581561726
-1000086460
-246321246
-1937485721
237084292
-161462949
1361437815
-223109594
1975943716
-1681592229
-1981073472
-384813309
-1474681969
-2077217815
157156784
1269625013
46797440
1565936496
168759831
-352336280
-1676918095
-1180399219
-1021305608
-692759616
-18873200
-179526484
-64951208
-787317731
848909618
-480566797
567451480
-1858944479
398244231
171203166
-1234919802
-1302981778
31529167
234010154
-1121993361
-1738994508
934300237
1776466551
-207003272
-912328214
-1367979463
1593822504
-1018052115
1701123802
691685882
-1105276147
-1602382502
1458230243
-1956900972
262278212
1852620825
-1705827590
258168926
1382273756
-1482368980
-2082533135
-2091502855
-969138246
-933260724
761409275
935756925
-1101071936
1707764802
1825935471
-183096076
2064659243
-1410979724
2046189772
-1099661557
1527454012
-1314263358
1814648317
319749894
163772954
1224156818
1034715869
-1759863564
-2104777482
321412649
162876924
-419832284
268912752
-1260989636
-793735005
-770201129
-1121365192
-652775226
2092376597
1347792182
-1074513160
925455900
-123120873
1600686725
672288113
983382846
-2105008717
879445913
-624431132
379471471
-1916072648
613855111
-1799360334
-1770379514
1759388292
-1650418786
521719622
-1592817274
-907855740
-166570090
438574642
799488236
-1903776516
-1222339320
330785688
204308808
-2123411069
-408772063
318774219
2080810895
1238231249
1765660562
1052951093
-1793946962
-1223642051
1926590922
-821623686
924893666
402904448
-641316505
-2035186723
-162018234
-235960130
630791913
-1901213470
-265869907
902920903
1000172968
-1320071883
-444246862
2145304473
-429262329
-1144340534
-1212660212
1146105129
656117482
-1291917500
-906524378
1414733410
1589485157
-1285110118
-417512978
1796530797
751810997
-963057672
1217651693
-2055250893
-946465677
-547229214
-1208218985
2074187295
1930594054
351201951
-1863908637
-2128130520
661046361
1355664852
-2001216994
-152125938
-164120883
145709166
-1853487620
-218356765
196425841
-2044776763
922352112
2046742220
1919457904
1242939646
1523400125
-23874552
-333467702
-1969647184
-283322037
44945457
359747399
-1009007927
5646782
-548611902
-1347190617
647367859
745763780
-1305542183
-703936227
19825586
985581358
951245885
1086147326
1787285391
1806108610
787124129
-1251234635
-1431651974
-459526322
1647441193
-1233323270
2027959340
1034231040
-1951574482
1059715651
-425639348
783451637
-1053895874
1600625530
355753747
-19408113
-1503873178
1387759599
-416920270
281819146
-724354126
-505350001
692482034
1940041681
1151368948
-1593619370
-22211939
231377422
-283003452
-1130950142
584335900
-262322689
-785066296
1342798088
707927265
-624331120
-1222490315
-1427546677
-951206650
-2142843995
-2133439595
-446929653
506863798
-630137674
2017083594
-721036645
-590039861
-1272215391
-772153006
-269465770
-1978964552
-1496514886
-218031412
1051062867
-769107287
1589036327
-826067014
-390872745
1933033192
357060715
-601595513
-1701499765
1633566082
-1985281985
887799500
1757362542
1089278762
966825384
1982640590
-2073317108
59431516
1551529541
-1417282741
589628784
1306162629
-302952215
-1154103947
623286870
-306463519
-2114324631
2061753150
128738597
-1663578394
1328382390
1542164438
1921521691
971321312
-668463571
-823190927
-1828631351
-1691479011
1856156461
1902013005
-1939250750
-794460726
-633178646
1757984499
-1742536817
-1317138211
845109888
528502972
912816357
-1560297162
1118036299
-930318954
-1105495527
-1031291136
-6912651
-1906495992
261864403
-982497955
-685502257
1148286579
-2075546367
-1655427262
1398462692
-1872742247
-181057521
133985950
804534603
918083939
-557283500
-695991871
-548741315
70803166
-264229681
-1189059845
-1909343642
1746694790
1673318674
1925475972
419997439
-2127707193
702639485
1539033755
-2069289700
548376256
-1852582481
1252842992
1821815106
620383049
-1530473414
979419206
1250136636
-714880969
-310583659
377950548
1794388014
1786197726
-441609130
-324675092
215501034
1017375447
-1733853792
-1631331489
1603442050
-927870462
1210760409
358478110
2036118813
-1330190130
-2112837728
-1541511004
-1333890802
2050567863
2015329022
-623414381
162311714
719118096
-1981243685
-1330636771
1314234169
884404738
1803758770
-595246171
1273302295
-833082924
-1025790584
695657381
1113900923
-920309653
1131234073
-1280104238
-2104847503
-288061164
2093461588
-1508878211
445000420
-1657578879
-1366756086
1596444731
2063016311
-1176611567
-341282591
-894754872
-1952726380
-1364444844
-1034108530
1406557480
1724333252
794542798
214224963
-1636755698
616476225
1508834041
-1005600155
1325500801
-637409591
-516278128
-479805055
-1628702531
1451094708
1825394442
76992128
1886541399
-856374456
113357412
1168643098
-1624861533
1657178188
660640547
-948736888
-1784394663
-1510043942
-868206951
958271101
-678651786
55490937
-1398272154
644781398
1762217055
-591272598
1811896897
1315821711
1774905420
-1247882942
218252024
133777017
449245155
-1116055368
-1984571979
-2112637399
36865827
-1525605952
-2066530174
-1994595149
1116699011
812504792
2112301326
-404287080
778047322
476261024
-1041622351
-1356501380
-59222655
783573168
-1159507795
-836413924
1999223606
1102219173
41377974
-797999490
-319804861
-1160769411
962103731
336435817
1242955102
-1593929948
-1465472314
-419160553
2050390227
-925929394
-425122167
660020008
1155311968
-1299597177
1848456859
-353605670
871812447
2129928328
1668772698
2064418167
-2085311446
464790219
-1151364111
1701247502
334069690
-1659384224
-48649580
1368789349
695227537
-500600063
-979345142
-1452721875
-56884262
-1505133980
-1326974613
1660710007
1990863821
712770256
20584235
-2129239449
-1648178600
-1654845709
882283606
1068397606
1803836923
1686593265
586540828
-1424593379
-1346981645
-1033419072
1930288016
1330888799
498905754
-114027086
1711383980
905364070
1241514765
-1000348845
-1452109928
-227148287
-1558768369
-1502161548
183945259
-1560365683
-216987092
1197749127
1414534577
-1660216990
-1369395935
-1213932755
219443439
-1121853296
-376295814
1968433677
1763101795
-1221969717
-1014134915
829927655
-620852273
1006256547
300001094
-1950202904
-329224200
-1334475017
900910643
-631620545
2022963883
-1644941653
-458703999
-9077008
-777220352
-100479592
-136343241
-1059513113
-810692126
538318788
-1247243710
-621895601
898043598
-1983062062
-1474945311
-2091885788
500802778
1561205180
-1407151293
1924369158
1867169784
569889982
568847469
623928912
1566630523
-395353963
-797943967
1733650025
737280730
-713944599
1417023100
-1351326887
1076838836
776559110
-1529403105
846025887
-1079542764
716973522
232276369
857983809
-748012043
-92096517
-646769372
688486691
537450760
-857640337
-332627307
100227484
717988788
1319256849
-840856904
-213627066
-2058509219
-236214359
-1429129388
982076181
-2096026392
-1745912549
-1121743797
-167751510
-2067518849
2103119323
-1869879554
1719725033
588459409
-350940256
-1566085137
285338568
-1823052260
1819123799
-643923289
-1025935766
-481013714
-1515249062
563752921
1625410155
1124674728
1228863457
-1760739898
-1827126915
-1407425979
-1183889992
-102610205
1771137075
984019674
957023538
-1567164742
-1980350692
1785737438
-272597667
-530172659
728496404
-620150483
-1189241994
-182309056
-1828140331
-193432312
-1475027297
-494905352
705535956
-1045315488
1161349838
-476015362
38127690
371839059
-297330936
-691887255
1500181648
-593132042
-243529009
-2069161476
-1417866833
-2025858731
1236909785
-1083462196
987945783
-1883477833
2031498498
-950493914
-853461425
-606259162
1360952194
1831822511
826583565
2144757037
1649168226
-1844370741
184125704
-1721576733
-502336981
590695746
939827242
-190246360
-1616959775
-1772118751
-292061494
2035288622
-689862097
2003719390
-1223119879
1712792891
-2061911581
1694778558
-2069275365
-1942092372
946077595
748958075
574063033
-1237055684
1209024
-1278639840
-1216071530
1598558342
879084980
1306808888
1869873663
-841647928
-1092013498
-1260560089
-125877401
2121467369
-1791215250
1697144791
913240114
-871020868
1569466934
-709778538
-1560646703
-1360671354
296395765
1096699197
1989736718
-1058730307
-1160935485
967069589
1160399528
67430418
-1881666264
1647441911
-1740699358
-222948431
1372843542
-890053326
-1543282217
-2101146681
1631378969
-902145872
962261842
116859460
-768622388
-893784613
-522278180
1589170401
-1867361394
-1435745348
-1134401707
-5601948
945766006
1594070245
-1598982841
-53121501
-1760706429
334805393
1552824376
-451540282
1472949016
-1138348023
1978832191
-809859761
770810022
-1612921016
-1068240167
515839839
512215722
754307041
394715644
-770375759
-2084668710
-971442400
-1609841556
-215692309
-631313510
1804218480
542049358
-612042091
-959605836
1877364988
469545210
1642740073
1844822344
1922777495
741381397
1290191820
-648056831
731310816
-901178915
-1872583268
-1274032503
766918561
682920902
-1727076820
48768830
1244662135
1517655110
1286725516
1178476581
885873592
-1735066387
-11844083
-1633450465
427544720
-377221193
-1074617341
2072188761
233043053
1523853477
1698385356
446365961
1601209244
-958575479
1142231569
-1162541994
1171873332
1060559137
-1647236533
361199255
906974770
2005049960
1986473865
732532928
261372901
1396445479
-1819404433
221823512
1763495052
977409745
200899969
1769208367
-15702211
1542195856
-1135887199
-630383089
-2125157369
753320859
-1588486954
390077617
-468620965
1645774026
-182150834
708990642
-1157923929
2006945131
-1155726683
546590022
-1099201725
-1880595626
1699578215
1084935276
1072665744
-1860818370
1909832915
-50068381
1150633566
-540500918
1324493282
-1836038564
530301582
-1024428061
-829733241
-2036508560
2041822456
1176270543
-983120585
831427796
-1452444530
-1816780162
-1287557973
-778352566
1645421249
273095076
406892515
-1771043878
11566371
-1605068025
1167540846
-81340991
-153211571
753428889
1663577320
315989418
-84778238
-1128571447
916989380
338751515
463856788
-228116459
443888203
364199217
-1672527482
-397768477
-279391260
615460496
2093747058
-1037909615
-1662433899
2039967892
-817219283
-1072839990
-1669165623
-1027253556
-324921304
-1746568165
-887592877
1186933671
1209233432
-1644334907
1387154611
-526005393
188660953
779302356
1699943574
-1364899209
-581066097
-2118107792
89261731
1127386768
-1018429426
-481524878
2032355700
-1989024831
52773755
883355450
-641596702
-1968610250
1817175347
-318669121
2007934853
1230859128
2114661611
-673411353
1917337210
-706443042
825337111
-928131816
-1500537498
723756355
-668671856
822402574
705945787
-805679112
-1342343568
-59234834
2096604218
1710384892
-1704699840
-1765597797
-554516552
1732611690
-1507269035
1848553800
657230884
1082010418
-805738890
1407394895
-771296057
-2078223093
-489045822
-1772399040
-625813298
1009152936
-481384752
-1256274629
1558872325
-723616983
-1494120169
-915873406
-575197723
-95159340
1988361872
-1162246583
-1259142704
734492932
283083417
-1447842864
612944794
461028193
1938337052
-1804818765
-1165527733
-81063344
813385968
-1767929728
808917794
443136173
842460287
-1554156150
-558231843
852054199
-446039896
-1777531908
1772374839
299019083
1024664037
-1156057040
2107120562
555896405
-1194334288
-959974847
-1935737706
1832087171
-275735006
-1077419810
-1478363335
41177146
2035346909
-473346719
-690684289
-1047837747
-486674900
-1926638305
991760292
-1770868500
2124496232
-1050254335
-1766778056
1837491546
-512050275
1190069331
1395784299
1828690658
539544428
-154708005
1719006346
738617483
-526828238
-796062163
-1794598711
-1720544502
410732649
389999677
-668471230
2000416887
1468872526
800340277
-1915466691
590730052
1168550084
-128080759
-1760021326
1974087786
520785016
166066503
1728199435
-641436444
1956265284
-2099629389
203601197
768589408
-348824104
1122354707
2063312057
693332788
-1406641257
1974023622
1643204238
-397134450
1514519486
-16891493
-349288814
749686255
-1167812917
1407076447
1591079858
-68671270
-2067732964
-246108489
873254950
-2145848376
-1654618155
1865441072
-368186887
-1186929314
-160817913
-339429484
-537303096
1210768609
-1098308082
-1573161089
981472713
-791018263
-112393927
452887601
-431210737
1997630804
-567890000
-690383452
-1656203509
1466355837
646153362
920723680
-135776427
-1717569618
-88006051
-433253490
2057434540
-2128776494
1117350547
877343947
-149973445
1561106286
1986741145
-1187627201
-1073537507
1195768530
-2052106015
-1294202771
476760611
-1923294325
976632139
-770815669
511405524
1857498651
-1849722936
1985928213
-680313163
-2083700501
-1638944192
-1893629091
-1666740279
-785699968
-2086296907
-1193636249
1286881627
-608338707
1804377768
-1962742093
-741611270
1586879880
-1110628165
125801178
1888744900
-873752608
1633843351
1957894813
-806857497
115817710
1168514319
-1444005830
563501668
-1324886135
1234246789
-1653320958
-220794346
-1612487905
-817612916
1217347367
1363959027
770406818
-922799665
1116085978
1791491728
-436572993
-590789328
-1543978859
1063321322
-990101931
-880073932
1247940277
-995310494
-364237788
-1451415395
-1265015733
108431881
-175717691
-1630361768
-967582926
-480012770
-1691112487
-222991719
1998841700
1053152468
-1223054459
-1909270204
176608137
750181207
-1741782755
317610638
-9112880
1186043665
-1540645090
411230436
-1746756606
226569512
751038050
1303887627
686637524
-708850101
1150685326
-1505023097
1683045500
243827374
568055246
-1655237055
1618614406
-626314670
-1347495484
-42257309
1195933415
-1813877367
264600509
-851351930
-1849292206
1233041849
755672613
-1914708721
1907400138
150169183
-22668995
785293014
910954616
1793928791
-1842205430
400315911
-511556930
-1420088998
1849114256
-1077377203
-498667381
1918292423
-623625152
489133868
-1296706320
1600135845
1358890414
750207406
1891037939
-1674636825
-532770170
26241089
140384163
-122950926
577508544
-1290970657
486009196
-625717923
606571026
-1073088145
168302764
711644151
41906342
-1986697621
1839302021
590063629
1511166733
-1635578942
448425716
-501185300
-1393680526
532887806
-777257182
-1038946396
-1176928750
1497999785
3000570
683910927
887397099
919248621
907217659
-1191538671
757372595
-721588358
706267982
-973954528
-1445588213
-1851936340
-1485758181
217683974
417041908
-2074975253
-1431748841
-917280539
755073153
-1154173099
1213010785
418237819
-623299378
1428578458
-1165717362
-831498841
-1969846480
750883624
-2112621566
1794757164
325846701
648743559
-739664511
1201936051
480520366
-273627643
1543064581
1894995990
2037220339
-2136581483
-1982999599
1558620891
-1724168506
-1315307789
1345823173
1001612798
1190812787
-2113161716
1091543028
-208835086
1886320118
578960285
-848605325
-310727702
1142254070
-1016096998
-619173005
1146107220
-1977835534
1611757776
-821974638
-69474395
331315897
941081933
847670125
-47874981
-2035943905
580776703
-1661569671
1239308607
-1353847827
-290841062
62750483
1288151275
554087449
1529804479
-799428651
1128941451
-351661002
-256119462
2087738922
1576349671
-202362323
-203865781
794272548
-1907256160
1986231853
1724110280
914675596
-1195490887
-1361786912
1846997249
-792900038
-1660525991
155120350
-1808774780
-739778649
-1200560434
-1156776346
754779618
1009982144
1683080917
1462522955
899977875
-903008516
-990469096
1820365611
1399878166
-374873168
-1034120969
-259176473
1235118940
773075105
1186267018
477973070
1086110310
-1750709286
-1432609562
1895215387
1376134956
2018263232
1547902112
-123367135
-533846336
1838048355
32848014
962001860
-1419023693
1309817622
830892244
-484380501
848396983
-1007836351
833034270
2074818227
-1393527675
1367431541
2013812778
2088259622
-1296339455
-1167119936
-605005175
-1924334036
-500828773
-558800318
-392744539
1388840833
2021211383
2015255296
-912253435
1277376103
-698779185
1677469431
-427562033
1026671070
1200449816
267764340
470099086
-499149293
-1760010141
-1258007902
1427052853
498610197
177836422
-1997256092
183306340
1521680590
1240032379
1364691044
1876354281
-1628533968
-1810363513
1983038060
-89816952
1235399086
-276908642
415617524
-11002113
103147245
-507051259
-525093381
-2110671548
1088959931
-1260216263
1355308570
-1831577328
-570272705
-1993921777
31953621
237348000
-372885902
23119388
798068532
-2127621446
279040973
1710227030
1931419538
685348589
1669076036
-970070277
1520458164
1385428509
62855282
496734129
57033244
350724926
-171814636
1930442990
-403639649
-587717537
1819941307
-1922307431
1518409269
1394951146
1031391933
1502236913
2049232399
-842493399
-609192340
-1031011411
-318417937
-510985460
-1189624438
910859109
20704691
-1822985175
1997514491
-1372702416
-1966471631
2092697347
26789564
249652365
-2101772470
-1730495602
-297074668
1640653702
-30961351
-232773902
201604872
-1879084782
223202092
-1878154609
2132772115
1105032635
-943585003
-1665044671
-2033515242
-1631639936
-1520471359
331827428
-972060019
1204596219
-2631640
2069900826
-980770813
-574995514
-1995571449
1192779851
754985159
500061723
-884034132
-361832467
-1258331680
2095983034
-1551384816
885123333
69369405
-1711664113
-1611076566
-253217812
3101232
-911166573
1758262913
-1692991914
-1261256163
-538785166
-926093309
993075344
-417863570
-1707630739
-1673896939
-2137279736
156706505
979110145
940131819
1400440850
1181259397
-562788664
-1250629608
1710423528
933792857
-1857221344
-1166100120
1665789171
-149675178
1447520010
-1332677907
703444552
950993687
968053331
209380183
-835013004
-71117514
-1421231624
395223945
-1127440260
-123986431
-1070157114
638386280
1106609438
-378573716
-223076799
-58348043
-1878554019
407704906
955324358
1369380765
1812207420
-1749488201
-366964749
1830445519
1210808265
1256110297
-1857308090
1159557327
1645493596
1823685831
405483780
-1592391479
-1767776480
-706923832
1528034139
-2094638295
-307863854
-2025814336
1479778762
-952330967
1232270793
1572444646
-1976984384
-1090763861
1482165813
-1573028678
1052830083
-591814584
-1890251605
-210807754
-1469513389
-617342040
171748832
-905290173
843706062
1824438547
647691444
1266895214
364010902
1616514888
1207313522
-449129509
174358576
1865220749
-1378639018
566683001
70316079
-167343097
-1568693937
-1602840202
-2053313391
-1100733877
-1792250107
277408501
54762088
2115868468
920416540
-2066417410
-327668804
-980386058
1072233402
-1927408202
363401391
-281906061
-1340284346
-549645105
-966617374
437440205
-1115570317
1324059969
-2116969705
-263611332
443234684
-1500184007
-1685245672
-1411713504
574342832
559753042
-981965354
-2056060327
-99437007
-1110854654
1559986132
433075670
-280264456
74545750
1474716101
-772363156
-978147557
-973490975
843314036
-2136954392
718576978
-1966751759
813741283
302880871
-686846281
877441540
449109943
-879618076
-1067911476
-1756657798
1501870802
1935733521
573855682
-2042505845
105907265
674106731
-2107076360
-133023622
823367001
1623826056
-2032821823
1048506634
-946952932
-1092399437
-1364941718
-556899023
1559186656
722077882
1546186106
-882214901
-2002767054
1006015749
627555131
-485954287
-544505609
-1250143766
-341683847
-1743107446
951420116
89955648
-1633362551
220196673
794011855
-219233487
-347496820
1331777399
-1079337418
861374036
97504757
1686342939
-1421286465
-1943497477
-1399190456
-939139272
-1562310160
-2098102328
-824158685
-1629979474
1247369664
-19855994
-1591884415
678100516
752664958
-2102474699
-2034064579
-655725764
-317510670
-525156506
171412693
-1892260087
392537537
722533321
432452209
-1248317507
1268053269
-1198157820
634155299
-172137050
774866813
-305810747
1256246638
-635187877
333306385
187199002
-306212340
272793906
1581957081
127561727
-1630726421
-2104474124
1860119150
-810168264
-1938688903
-1488062765
752834786
-1970282655
-1905776863
-738771812
-856583971
2107396931
-55023852
1152058408
-1644902905
648438888
734967884
-1509922792
-1936731219
1220915441
-403081523
366215616
709373086
826144934
-2045353171
-1209739933
-931584682
-258603442
-1184533674
-1797829215
-2123154338
-870098368
-5149813
-1465386452
1553794290
-1173525959
159024040
-536934974
2078644195
1453623920
2077203629
-1787783337
-76370241
-887761945
-112801156
-1480224112
-831337170
-2075747324
-1085393439
-198481032
-6415202
574050656
-786785581
1105265005
-948511198
-1913204259
-1576474887
467776859
-2147182953
-752054787
983350383
-1083232468
-1680647928
-204403343
-1247945527
-278034817
246600531
101820656
-1166884777
-611532137
-1874394868
785747274
-688464470
1249240469
1966516384
1948736444
-1578146473
920712937
-1713240387
-2094531707
-1205242374
601669894
-1286714383
-1033604935
-1921446787
-1679280555
-426192751
-592327596
-796904294
-737627797
2131698396
659523986
-1466286690
-150502275
490165087
1094839420
1220474734
-1867215853
-2014960742
1054553542
1559116751
1152563451
171375331
-326909992
1777616865
-80820864
-938228342
-868329174
-983848468
-147879461
-583458243
-1687719980
-848705698
-1858952214
1116045742
1862460005
995049236
1019176479
287841394
-438990350
210086872
-339394118
-1523653844
-37432974
-1746367702
507125818
-1757360918
-959975863
-139506621
-88055792
1782851534
1314623010
1330301782
-1520211818
-477704208
-1675489791
1804123416
-688584386
1022914691
-1335390569
1619250818
428152846
124072757
-119375400
-1274053419
1477444427
-1734245924
1149128138
817555934
-401061260
494779982
-1652047712
225849467
1453986418
-748481393
-1485925881
-862323363
-24688372
-404174031
-876438082
986279951
1714293664
130266616
509018988
-1222473674
827475215
-1469600068
-204507219
1521591065
-578898183
-1697826669
-1920396691
1633733987
-870260182
-397692626
1796288121
451144999
948339283
1855632515
158477907
-1565587419
-1920298756
471045804
1959213637
722741835
941294521
729159694
-1106949192
226144382
547338651
-855525442
1727601093
1484389273
-1461826583
1810319391
1046395660
-927084619
-1652705776
959228367
519114948
188408747
1695025367
39243971
194793236
-1432460074
-1183343402
684488624
1239430816
-146050275
-129992664
19277228
1193530213
-1394222800
379444063
231107093
1065735369
-1298561776
1207380408
-1470139727
298963693
2017625301
-1850826609
1622761494
1307841862
-1970173013
-975203820
-564200372
248163947
-1350221027
-2068244673
-1794328656
1590427951
1666247829
-42111743
1662521370
-571997454
-666036445
-1275236165
-339491262
-812986572
-1558745731
-1058344973
2144830815
654073962
986898502
30654276
-484974320
801276436
751415443
-733819754
-1884959360
-60338161
-691593558
363045007
-15010364
1498928935
882295052
-1168637111
1588237446
-256660752
-1754019915
-650725307
769962728
2065621
1242738593
816154014
154399138
943341681
1167338130
250608257
403456109
1735706909
1264074512
-73422628
-1253890141
-1794978615
1368712369
1253164629
1148225574
1705199631
352559258
-539924355
1002501505
-1738719355
1965942341
1182584901
345050702
1044265554
-1424473981
124745904
-1732544810
-85110269
1468565188
-485368630
1157192190
633269151
1193517718
-1622464296
-1001417632
1763864056
-748443285
606096080
-880742984
1912899908
808406686
693048843
1746928769
659940331
988279224
516648504
-1553870881
-1802551135
-2125214482
-571495021
-1082401857
1577677239
-115472402
546355799
1432855356
-57627218
201241306
2033811313
-761877180
-1275062003
1027141012
1272495221
-793161861
-399795852
1396555580
-77111083
661928798
422266352
-265920010
-2034440625
1996437931
-42137457
899745520
942300839
-177620992
1252410679
286742179
-540268394
350751938
1028168115
998650200
-1962049534
-497642176
-1522922738
-1175292947
2077777262
-565308905
-2107493340
-1478572840
-1432397645
1391912407
1361267061
2028121452
-1223261456
1803491814
1244595772
1505985371
1598778302
1643204004
-1357588801
1618208379
1662764456
594080720
-203959319
1164367564
-703767079
-1551728087
867197973
737126073
-226403561
1957459800
-49900244
-885502562
1650980848
-169321716
-1947237391
434888330
-231134158
-1109844889
71918747
2085300037
-968230497
-1058114920
-97058653
-1422017644
1742557153
-883743800
-2106278433
-346951493
-2117420101
826168890
1494123216
1220709698
-1954261631
1604734893
1033833527
29438204
1072210634
777340676
364283885
-290408124
-622567581
1363618856
1905232116
-253024886
817062278
71404077
-1038702392
1617084429
-1295053494
1728374707
-1967494661
1059491561
76286813
-58111602
-1833029632
332288340
1934636785
1118682025
438591558
-1588425436
1197799156
1809646631
988872840
-132550508
-1309051261
1470620874
1506240099
1229556806
237727904
209161880
502975528
1996466572
623149857
562113467
844291827
303382754
1136999659
-682777688
-1170040324
-1795599169
-1036625056
-1934164605
878773036
2062922892
1716251413
-261159742
-2015847181
-531174412
2965448
-902228976
1618714968
-1299357090
812644240
-1522849165
1098406481
-205361481
1325628758
-1805078864
-360043692
197419892
2116927107
-313817875
-1271324627
-1395075369
-1682896902
1117149848
1585648914
372550512
-1220657591
1496665224
-1083782156
-607281946
668329242
-431994015
-1384479977
1009865975
753773039
-595271109
591192292
491408572
324494862
328418181
-1285011203
951778865
608291769
1788133415
444460690
-1006884364
-1250282846
-454030105
-1220593678
-269273779
-1197852771
-266208755
-2145302683
864150638
1245914007
1064796488
1076870456
887158011
1580486086
-843035182
1871775512
-760521525
-2010583775
1558127315
1546637475
-812109584
-1891824366
-1718631422
-483235524
-952272652
1767938410
621823122
488780574
-1491701147
425375125
-1730813877
-768446541
28051604
-749808882
-262946058
-1556677338
1248232601
-1797768428
341598717
-1278158538
-1149519463
-840433762
-519287725
-2074116787
886911307
-908294261
1689752721
463693776
1866341559
-1408685539
574699873
-1041275208
293670208
727158184
1440100383
1468757857
2103032293
-585908858
-25430596
-960147550
-235973437
445590349
1266469350
-1789402083
621819101
525733699
-256247707
429162455
-447752161
1500896273
1653527752
458047754
896827808
1913305527
-2022355904
-2010509510
-1674971097
-315278400
-1522060853
-1945215355
-566023952
1962460854
805677204
-1849207745
-835931472
-1248438057
1254248601
60760254
1422826709
-620844536
-958654066
-1075076495
-415514863
691132169
-461643775
410756663
-1787716327
873597929
391854270
1848072429
424917673
-107880004
1319243380
1895677513
1715055564
-1702993012
1280177559
986857702
1360487769
-575672691
845175432
-1433751650
-474246720
-1100193389
-1338053133
-71353313
-1290277370
1685606344
-343673991
-985444680
1296298765
1643915929
53630606
-1689828492
942296857
2084411120
-1390696029
607151209
2044064655
-1753456216
428110726
-1287277231
-1218725122
1329973053
-755667191
1998939225
1537862499
-91749693
1844355298
350221369
743905448
819681305
1746626513
-1865190524
1008610158
-1407906466
-822809849
-1389210304
1364037644
-1718876254
213027526
1086766777
-431238698
280887008
1446917956
1614569106
-1280039263
-1669366484
-1881353771
-968351460
-894325114
802168104
1721302088
-2069473814
1130916838
-753943620
-998180208
1448942244
1118255023
417894661
-2085713242
-1539694821
-66177572
1997366413
1377425070
2086672030
2122944066
-450211651
1957094744
103377547
-1330090616
1197066639
-2064700279
-773127640
1439994486
-1068049785
1228876345
1367028659
841935731
-574566429
1801070494
-1475464521
614074440
-447496431
-2028696950
1195020192
6513706
1346151008
-537437935
-1056072559
503892982
-1595474950
-81407122
759221109
2011653309
1393374226
2062043174
656300372
-649597
1018439257
1775076973
62184167
-193634492
-1806855499
-964259127
-2116125075
-543501769
734291252
-1648983563
144316095
-1310800043
-1259271874
2116722183
159466402
-604569828
-249349110
613235156
1577601884
1290878608
374477395
266851987
1542027657
-561174654
5907786
1584365504
-521726162
-1507536620
-1363338546
341868866
86790158
929555579
1188363481
1667029967
1598462268
-1876606458
983635005
-233628785
-2110362383
-845450656
611924625
-1473678081
1722773407
612919313
1800394597
1807961112
-510832058
-776645302
1492778172
984975791
-737933819
-784098847
662197947
1809867550
-345565965
1540099481
-760028515
-479496156
667759663
833759911
-1933270807
-116692215
-409836747
589356145
1528018663
2017875717
1661742195
-1908476264
625324879
-501298974
-1394025701
-1987733448
-739841468
870522336
-638862790
1845690222
-1365828480
1515810008
-1555713783
-1996975846
402447823
-245473885
-85274493
-34924315
-471568703
1888457404
-969234889
-1373076091
-1727660646
-1006597853
-2108004257
825664831
-147160435
109253252
-2080551120
785557165
-2086294743
2147143064
-213340301
1734435265
-909211373
-1346027317
-1991857580
1462545673
-1979189259
1874230047
2016642681
332022580
2116349622
-1446748337
673121878
-36897580
1954820075
-1619460809
2132561855
1537827429
-1304294004
-253321870
214972606
1774377613
1058419690
-547462331
2111245734
-551094107
-1957777440
1356114107
1635263591
449884023
-642210743
-638813936
1286525220
-358257591
-1084595535
810929490
1442156546
804937242
-1729504434
1673555781
1857648707
496004395
-182085584
-1017141625
1059671186
-1126586688
48609207
1998132212
1886698655
742596903
622697030
1077632843
633711598
980065273
-312592587
608148241
1049006572
-1026072417
569658636
-1360887115
-1440331965
1682056983
-826482451
504428276
-138750866
-1225784584
310231376
-336241538
-1746266737
1063296179
-1120469002
1881784537
1184384896
-1496302821
1908250391
-2098402939
1632227879
-1139646170
-717312547
1517728097
-1071193074
-598604812
491663381
359290957
-10177742
1620090129
-1474646749
1143712015
515995418
-896688906
361476663
533076346
1643999275
-1370226219
-491842627
912476364
1896648762
-985393514
-701703655
222330968
-1369335709
-2142527972
-1816083052
1424562788
2121056280
-1587614004
-1724670575
-1200229548
175454588
1953088078
1480441603
1508919559
-1282005263
-971588203
1767874082
-1493652352
-1776495121
-1892092643
995372892
800647625
-485534953
-695013005
-1534301303
-1993209325
-2105562233
-1402275846
1197630307
1634063394
113340271
-2079024149
1906677301
-907186457
-337884700
-74196067
-1677099055
1116015214
-118504972
1224625670
-1189441082
1127133946
938047737
-1132256127
1559038930
1527558765
-869238222
-984939311
1643931541
-2143935507
1073573775
-1427308699
-202814585
-607216188
54579147
893789661
-248563412
1322521992
2071288256
223708620
-255169915
-1650171269
1791914230
60197823
727290569
-999423436
-1273548932
661656190
1204713045
1943405438
-1064288005
-940662127
91983328
1163344767
-1956127993
-463165947
-813946638
1753032988
-1538758984
468948079
56083350
-1889588580
1026535289
-374514895
-1516731570
-806950517
-2004243681
-1876064773
504893255
1119297760
-1733873859
-411178092
-1840957491
-30006943
2052728758
-1290607910
1893212416
-426657722
520495762
-404274169
-1752046393
-792175588
-1609743083
-1937720779
872407045
-249707540
-1821442547
-1842796253
-1693835509
723471516
1089407339
674376505
60267853
-323039084
225483029
-740037687
2114604119
-45034076
10139386
-905387625
134223361
1856320804
-862440346
639380891
149245409
1749000796
-1172915561
792240644
1538803201
891794214
-1597124465
-1337805440
-1004209455
438193874
269478443
-811080006
-199554466
1853925193
-1200302988
-541961180
980380356
201269364
1489900340
1796705270
1715377121
-623851042
176882636
-1504323467
618336331
1601326743
96196932
1306758264
476031363
914980699
1614792099
2003309607
-1296325782
963959540
127657089
-1586573818
-209536269
480295132
918403802
1166012465
1966201881
506591781
-104505308
-863240727
-1003175149
1513120925
1327539362
962236750
1980234950
2136542253
268552442
1618312558
211155579
2137222785
-942564603
-1793749890
-1465570094
-452320019
-605680666
1327914598
-854042123
1406292110
130257757
1003170690
857842447
1469785264
-4131747
807825318
-1399067393
-1229900945
-1723189541
-1581072029
80060488
1991729312
-830936344
689658248
-1546455988
1567727345
1334118657
2108100331
-830654022
-124003506
-1460468826
-1481586072
-1021847485
-709248378
-1231495640
1869920042
-1190464621
577899822
-1562551097
2057941801
555674495
701701573
-600727045
-166542349
604187514
688602392
-1711878894
2921390
-1540489907
-1997328153
-217682438
2026322524
1339708166
1333684425
1949164128
261936992
583253041
1593777484
827977721
-570835134
344980037
124435808
-1439616994
-40681042
1272506465
1504529908
-1884217186
620121026
-1379882441
1289789409
-1656033841
-1731761527
-500869560
-215580665
-1170585114
-1130237503
875073361
-164411979
2023875976
1190939364
420659461
1015571278
-1667342944
-581717914
-1813974021
-1238049496
-2026261902
2034358586
1296526569
-856962377
1832295408
4413594
-1377662190
496977386
-112439476
-2028095993
-437085699
-338662188
31492558
-1421835889
-627668377
-22324849
215413991
-1603475378
-414923143
1209021533
-2048247931
732138806
847287613
874038287
1853114536
-300897774
-1581399730
-826531671
1573967668
-2018853689
-649365809
-215454650
1893587721
699942109
-180712291
2139403833
583770960
-508209859
113421512
2118872181
1789851159
-312869316
-772992962
1854930734
626857248
-988884009
-1333607991
1149803199
591576054
-1154673600
-56124357
2111773646
-748393664
1480340121
-2039842842
937075117
-1194879655
1194772990
-1624884399
-1163566333
-1284931553
1023229129
1796653865
1795729579
-756944886
-608402416
-666905226
-1254944037
1679618176
-93064334
-1326214130
-709129080
1182289256
-903023341
1395204685
-1672113911
877040125
707002852
732656133
1943119866
-2004705052
-1169008089
-399283277
1599028067
1956395391
1153188402
-1795168780
-751621096
1861680771
1373620082
1823547447
-1681340318
-1707421241
-673427022
-615205710
-1985410850
-936535713
514557085
585774489
-1486997595
-1514421783
575157633
-1351095923
-92772948
1112936998
-433555115
-1370858670
-1767288210
136356812
-1875112195
242266309
1237625287
-170388071
2096146891
187890956
-1108624349
1812941483
1439817801
-1822490097
1509561559
-1497806066
292733749
-853863130
-910519602
1595414934
1907056844
347478802
901965672
2053280495
1695856715
-790180047
944611230
-738153998
-1236147790
1868286445
1464408937
1885246777
-950178358
-1532953995
-1370220700
-598949387
352207465
1769375663
-741954385
1709940734
-956860684
553667693
1550904087
-998270165
1220212006
1173643998
-1868140173
-847587869
1956569615
341996358
1824565328
-204506892
756159326
-116082191
1303872208
-1938379613
-1001646878
1780938853
973793742
-1924821245
2142863949
-310458922
2117416262
-1561674870
288209211
-325848354
-461285388
-712755232
-1997592718
-256969619
-1599758022
1508301306
155433323
-1699837443
-1305593530
-844268697
712453393
751112970
64011124
-1229484567
1303203015
-1900984383
-1955294480
1227089223
560879280
217925879
-1387135585
-632436127
-453241815
-1660273828
-834414273
18852741
-614308454
-1990336016
1686544076
-982516224
891176558
655027124
-1528745947
-833477386
459443551
-1654396763
-1160094737
-1282510474
-1699615498
397679077
124271545
1041338312
-805701550
-1665625797
1219809377
-548080119
-606916569
-1538829379
-1855618891
768026617
-414819319
-1338412085
1015635548
223601683
-1531464726
898127423
1596740855
-191263266
-1566794271
81630946
-942954622
-1436915325
-190249940
-774356959
952786944
-393380706
-412252296
490818048
-339045033
-1537464232
-500166305
2073334861
1790618488
-1181298507
1331465009
1172492313
-1498156606
1711023402
1703132406
979635300
-826653784
844357234
1169856691
1666832919
-2025681008
-2045311583
-393447956
-245679306
-1319081986
1802311801
1423376746
823382357
1004077809
-840524037
873391422
-1222443189
1935428493
1674774081
-505910011
-1906380251
-938808839
832099466
-238048660
545965405
-8755830
1028950678
-99623434
-1496435124
-1445542624
947111476
1673668604
-785343780
1892897232
306674200
-2131245579
-1707077759
1578262467
450973426
546594807
-1322708887
-1899609763
1983742395
38873726
-938348047
1640745121
-1912876207
-1641422741
1506864219
379648723
956259654
-1475290802
139112126
77650526
-847880204
316129255
-1489851075
622291704
-263692844
1477356777
-322593157
508515331
-168159217
-1099716094
-559293362
1944896822
570179669
-911679209
-1683448910
-32388
726856686
-58197036
-2035404801
-1972358117
-1513008114
2009954147
-206647970
-938773479
1459998572
-1723928454
-554664327
1907300826
-89591531
-1340363877
1913799025
-1790653683
-2060859268
-1026105961
-483164140
-142679863
-653246762
-1542490029
-1054976177
-184873998
111078820
-1716420658
-427138591
230710241
1101220497
1298738018
-306906543
1296337731
-1996735363
-783263927
535242786
1568585537
-1555272231
725813858
22064196
-213130015
1171189813
214963253
-199040820
-1211369301
2056914198
1502021428
625827815
329516175
1141186572
-1581968573
1693033996
-1468198906
-123439612
1219921018
-2088623248
-1864057226
1738386906
874179113
-818646849
287799258
-717322702
1748380188
-814376184
-2095974494
-1258847096
798557215
255507192
1560438231
1835663748
1771030980
-1028175030
277831298
-1101388142
2020494947
856027774
-1869771954
-1270173518
1599886177
-567823416
-274549908
-1416524660
-792333131
537967435
840918454
1242668998
-557327960
1899575686
-37314282
-1397271654
1445408219
-207879666
-893575383
1100657826
1994499726
1064558973
5252382
-226280458
727848990
1889787562
-1998717212
-1162439304
1160404943
465951513
-802649980
2008872813
-611605044
-2120333643
1627154890
2086330192
722615147
2020268732
-392304597
11093986
1121622452
-1351774214
-501845278
657632389
744047651
963920953
-1886630565
-1232310838
-763915347
1915798263
-696255531
1850305352
-897339904
255599961
-1822337470
-1365514577
-728617713
1809562976
-1280809615
13239324
-975947059
1028456538
-373526930
2096724910
-296934088
-272554854
-843722712
1963741272
-2004963688
-108501398
1336776532
-1382965256
2102631944
-1250416576
1041755281
-1838489432
-1526442955
2123784752
1792327885
-1644748972
-1758893979
952636578
1853119462
-862252147
1022136763
-2081967548
-790384236
-1131012965
1619550392
327398721
1133420677
-1602126888
-649360123
215274418
-918257719
-1562877893
727505775
-1853978795
-166879632
-943941837
986243121
1738792060
-1830381199
-652937547
1244864889
-637158329
-1052726323
-446704488
-350724571
-998300139
1987337459
1415913248
-802685747
1300696119
-1304022682
1670965975
-434706683
61261798
-210550372
-407336541
-2068949789
558848119
204856105
-1220968683
-2063774530
963043788
-451899364
-222108162
716954425
-695525875
-399484759
593435464
-228898945
-308496744
-1852003577
-1835220478
-617691185
-453855179
-227103333
1689482428
-775128518
1272223374
905373526
2033301524
-1702976085
-724798755
1743458906
1627325072
1922664232
1347066343
-999557917
1507192239
-2113261738
254700840
-1046649756
352838714
-659082174
2102930255
1019795184
-1969430049
-845923490
-559264788
-834328869
2146899967
601202633
-870817177
967077025
323718086
-574506798
1976351795
1405817605
951976316
1618052286
1515007556
220301693
-469776102
-928334903
1411040702
-1253820211
-1355399136
-1692823702
-825274386
229350897
1457986725
1641060827
225897853
-2080329921
-671754833
576307672
-1928125214
-2123370547
1906228420
-1156901210
1259874328
1418712335
655465664
1073670230
-1752415855
-308976955
-1810435607
4104266
-662922135
-1428414189
1263013696
1453596152
1878645727
1819594993
1679017241
938318830
-1308477952
1388348101
273571054
1018978581
1541801380
341046093
-844824977
-487144903
1443825566
79254210
741986780
-494258232
853653294
1717885498
-500206697
-1374516263
217284026
-929901747
-2126541580
-860396432
1128769981
873199099
954312276
1742843392
1995464959
574046412
-1975220623
-1317098960
-376438266
1722724153
883798778
916367073
1930078412
-1224838582
1039656546
-1835425424
763284145
-1668509824
1025674996
-1731962312
1553407410
-1004467724
-1317950678
40148058
397885147
-1687881281
-2000775361
339459519
-1331180550
1899050396
680501251
-555050146
2038293653
803959500
-1869254931
-1746758214
1740981789
-1011155143
260744054
-1312075346
-1884063902
793541086
-1503449692
2071806316
-1281509558
-1150407323
-1904329244
271399362
1095934653
-163253999
1869012508
-1167747169
1536411107
-395070498
81561601
-902972970
-1191539567
-275900955
933121189
2106118945
-1504229888
-1613712379
-1073192621
1971411047
-1068486721
1637878208
708650398
1233555265
-1712210966
-872870558
-1383074121
-483000134
-1824487780
34400871
2105107455
771937366
1592831649
972258846
-1631479587
1556698965
-663911056
-1829340535
-1996025904
595407928
-1097348521
766595975
-258678073
419765892
189785336
492853812
-1881322320
1564407493
121950963
-92558704
270676046
894675669
-338182940
828428126
-1088505777
-1254992290
493840015
1452818510
1629643933
-1535219812
1989537370
-210624931
-2059462412
2142555239
586059771
596103804
-2127494988
-267883664
2142789233
-1536789905
-306160649
95841738
-378656457
1853886456
-1077245466
1570184364
1248002231
-1077914060
522249288
-1682417803
1480461820
2130909507
-398376869
102426095
1563406764
-1032733650
1909795047
-864277801
149233204
-474574587
673326479
-1331037540
1675551044
709072712
-664362135
1450613351
-1591603074
-1881391992
-238791983
-817943717
629345641
1147667276
2048003706
-883489251
-599518037
1175335992
939302853
-808531306
1974537335
-268894869
1920922709
2033592311
-922401212
-1088379863
1160747235
274964733
-1904269377
-1889162054
-1570075314
-448933770
2085678849
910892177
-1120156171
691401219
1885144580
34618031
1583345225
-2015644898
1553963347
1174106697
251019421
-336687010
-1139907072
-1516356696
-1848146113
-1429126407
886239963
1257516880
-1221354804
1804075659
-95246112
213755748
-1638403648
1102225173
1891335921
-711421112
1016534348
-1669351609
1812147396
1331716487
-680390804
1436978945
1085413662
193471479
-1197332936
-1589032425
1286764353
-1766829541
-38635399
628723540
-454080606
1038863816
398348159
-1556752447
-384421922
-851571190
-2082325968
1800793638
210394607
1662424135
-147110556
742482641
163965594
707530661
-1154423440
1370683285
122318635
-1805921623
763061504
1383614485
-99040668
-1537704160
1008856362
-2125647294
-2068639566
725421121
-1782023489
-1444494559
-500448350
952601363
56055011
1513728977
-1107891054
-1689170676
-1366632225
-565935412
1113269931
1439715578
-1030508747
-630827667
867836942
-1333257690
-170082828
164515249
498621005
-1429318218
-678597554
-333877183
-1680965092
1806299731
-1246491801
1526707887
-934879673
307858955
862812271
-683537920
911441383
1362648695
505170930
1595859306
1560931792
1262941984
1058220654
1487636830
-2065429171
-1592815074
557517349
1405900487
-1758660081
-1158430974
1903657524
1919306388
1237075809
-1754555403
-2112325915
906553716
684782752
-2120418016
-557205696
1626819552
-939469078
-1976359345
-328835097
-513562018
-1320654315
-1077544240
-2145446109
1092676098
2039626979
1873397665
-1195411911
1984032056
600599667
166661065
1422930946
-631853887
-770317575
501998342
907601082
1785945339
-957067855
-1373702489
-941792489
-1305599132
840891920
1557534907
-295684451
461643872
-193320388
-1660883605
-185300176
90100026
-526303042
-1237694812
1635749354
1988038248
1746289526
2123961848
-2114829521
-2094847470
-1139319345
-897312570
524429821
1293021909
997927474
-1194220905
-1023917944
-1341350205
1476876991
-768661045
-36487675
1011212974
-1531135686
-194872716
-931981882
-1516455514
1724822083
-558845055
1741756294
-1656905537
732684234
-86674914
-945209082
2083867415
-1562360128
1605816155
1647219928
-726920682
1374764050
-1633086453
128813690
221357559
-438426414
1809794798
-144905307
2046083719
-1729067593
-1126958830
500085479
-482677715
-1086777913
1313338485
712490863
992508201
1740556370
1294643439
-841059801
522808096
-1488977374
-459623602
1919780872
391109847
-1833603601
-446022974
1407829416
-804976577
-557243368
1802952827
39733271
-2068436815
762059152
149491088
909938412
-1124680327
652151318
1901751074
-777350246
1562767512
-551333464
489730241
-3505657
-398645819
-1088722631
-898861811
1802298975
-162925131
686422689
-503192416
1817666596
578165148
-2070298668
-1983151317
173492873
-1599862030
-335044266
-645571873
-1594320384
-573613190
-1632909330
927022605
1798262545
-473167489
108369305
598408976
80348781
284185696
-507921983
-1300381078
224546371
854119759
175166638
-302395604
787495121
1638850645
-201826756
2000454043
1315701821
-2137689704
-311508018
-1085127664
675408804
-2020640
1256124802
1073000991
-368478861
228861271
167688870
-1788524037
-265104650
-1864459376
1267127657
1459048473
-294509266
175222730
-144548395
-1980142
-841368858
1283576436
861869052
1075621325
554802184
649759988
-1998141071
597343709
1999369772
-188894045
-237129222
-949775321
628833905
-131839460
-1102541949
-702029369
-2117591920
-1592293194
-954674860
-349965517
1972532013
871164494
-1918079354
-792534111
-504751760
1872241481
1316070323
-1967709530
1596004820
343038680
922162156
1331900447
1969392190
218506110
-1749340945
1018671700
-933867183
-410781745
1066229401
1331317337
-1179947776
-1367654535
344380825
842713783
1911000676
-1364189048
1288154470
116569164
-713810225
-2035900187
1786826098
-1767563921
-892468704
-285221857
-761141857
500393815
255765080
-112307859
-1358545422
1845323197
786059373
1238535667
-210612858
-1540760386
-1545050530
-807291068
727665858
-1914799866
-1768384889
1019984423
-55494962
-992172501
-1321737162
2049909150
-1941508542
-278206634
1413398909
1929697827
-1541703392
-1253534168
-1849020855
-158440140
1252689924
1122249690
1990145203
1710571794
-2017870695
1934260390
-1728489835
1427278020
785081167
1606905189
-799424416
-1463676830
2056688714
2023185273
-1768532691
-376143473
170651549
-426651924
1858398225
484981830
-684889929
-1465555239
-342870348
682164186
670225693
730746890
-2125891292
2071109687
1742484057
1688684002
1105369830
-606909587
2125322033
1280261501
1328181582
305013615
1960969244
-547610859
728072976
-779669481
1637779185
599077287
-554486506
1351478636
783574497
-2135548715
72904851
1842084391
1257948583
-1431984883
1611011671
-1003378060
-88768771
1738114539
2009256805
-2003664139
1540036433
903024348
1006971586
1900011531
529862840
-566860285
-318519153
-686797481
1498465571
-348613281
-217091494
117854590
-303677232
-474036692
-148166480
-1246645716
1126027266
-1138012534
-1962127882
1301443675
-927714317
-998541988
-1745492360
-2005590827
407417609
723718258
1736394178
1295250679
1629452360
394354922
-913851090
264329143
90568200
647811539
-727834690
488327911
256786407
1602845970
1262235435
583866
3248128
1287166601
1839416893
-91857529
1916365660
-89309835
522769501
-489914931
-921560664
-42662889
-879329688
1177368694
1730176040
50961814
2133522629
-942773921
1709166571
-1146467805
-1761218887
1239470104
-122828992
1082833246
1369082617
-1786171672
1821992552
2133256951
745108864
881710611
488038284
1382151576
1325161123
-667213986
-537875983
-997206014
-2144710815
-1894408750
-104861591
-991381386
458073855
-954661440
-220663028
1508259413
-729215532
-2001792763
-365998040
-554585590
-1899823775
-679877745
-1014929291
550809383
551280036
-574508001
-1218882931
-1882540850
1259628461
-1643266736
23400858
1109807186
-1092674191
-932398377
1133445968
225517085
-2085557539
-294553845
2103097630
-1744241453
269632558
1579953319
1855565983
1622855351
-1871489665
565297359
-707879082
1727884621
1381701539
-95545008
483214746
1400222529
2075287092
747574060
-862978865
-677986169
-932629780
-651567788
454784214
-222307134
1036390963
-1231766601
1457280198
90938346
-1349264136
-733251973
292664027
505030952
-1050897469
-1286276727
596809646
-505750524
975974155
1141172303
-739508058
1777826753
490219716
391915968
649598382
-1685727993
-360871108
1729605791
715556392
-221608510
-1456432857
581764093
-1262927584
-1247665334
938894072
1432898560
-1757938492
-1680597308
-1248731791
1658316517
-619691756
2089094087
1563643261
1861077575
-1239488043
-1691079359
-1255006915
-16829280
-281324598
252341404
-1964609952
1817146128
-1716803290
587144988
-1680278089
408600413
-1070792388
-960938614
-2133513209
-1293780421
-483309704
1834611222
198328353
168576460
1906318738
1657249913
-1150929360
1375323241
1854352639
1876872282
-1362775983
458686370
-872834133
-60784142
-109454231
465156995
455448549
13378802
-1087478991
-947111399
-1230884965
1959578019
-611928939
-1612565708
-1654200634
1187019855
1493910846
390005869
-1509834457
-1067312417
-1036742291
1799380330
1236775731
-503012155
-1583154934
-1500451744
25603659
727262491
-537933572
-759509287
2059385903
1554422540
930416059
-592852298
-379396684
2012054642
-1506882782
-1121348745
-1966235467
350678720
-1531816567
-2001952838
1323868487
2137600546
1415841811
1399608065
1477405232
62569186
-1076427709
-1866760264
95512728
-771914483
1943414485
980452725
-228464896
2003054166
-12616245
-1612935295
1324893044
-1416904135
2027457477
-15091818
1623250172
409183331
-976032619
-942534422
1674720343
1975467344
-1759629549
-1472340116
1671551979
1430474038
-1742931923
-600342708
-1372695818
-98891487
337691457
-148389695
-1195091958
-1610652065
-93269074
-462046202
-1278755145
1490892829
131476392
-1152294492
-1405094775
-1106443439
1911528523
1650477815
829645108
-740709157
-1993456910
-1035432214
-1310976499
-901683738
-1014233143
1401790212
-2005696324
2125363860
-1189940831
1492086952
1492784432
1847322330
358966019
-1011059048
1790649042
-269232729
-68905849
126561978
748439805
1177841227
135520357
2128103455
-1505018196
558470167
-156454068
777168192
-128720524
1540389952
918566514
-244400502
185843637
-966509048
-1837037844
1819224348
2048889356
467714335
-836727233
-1901574706
-1442686965
-2055492027
1573965878
1201757301
-1065022420
971589172
330613237
588621668
388571905
-1514323267
546733646
1593578294
1399802288
2073437745
-941888686
1407497931
-332982369
-89940734
1571267883
-1889056881
-845437078
2147407272
1184711209
709758466
-2093200611
223736520
-929217510
-723706253
-1147154529
869923731
742279901
-213001714
-961281172
-948900244
1829657657
1603468313
1825731718
-903620147
201348330
-335956102
-74540627
752557931
1628886781
1216391292
-509551923
-1090959977
2023704925
721788626
-1584059209
75954918
1650769068
-1929935909
706425875
-1599524844
929810775
-129375961
-566156395
-1438356443
-1438270748
2101070649
1455540591
423542476
-132473715
1264333966
1797357574
-1509690096
-1704002798
-1773015842
-1797458456
-117050323
1419997131
2056114337
-1415053060
254631608
-1585886980
-747508524
787083514
-791877627
768140140
1004575484
1636308253
887880140
-615806664
-539829910
-253335273
14913546
-1306269212
-104504383
1913756997
2123525924
2129493938
901795765
-544936412
1841234
2127328823
632631829
1378975490
-109567942
545056298
606867466
1217670136
72207323
1375304319
-1560829792
-100530409
-1812850772
725537459
-399662458
-232590112
605850884
-1187891607
-1675081199
-1273684999
-1756788292
-1123586506
-2078143610
-1792336866
-2147033582
-34941512
374162840
-1209909163
-1932401456
963771117
-1034055633
-540204955
-17008212
1420189377
1552986986
1107453320
1551921650
-2136790296
-576615705
-228153761
-1325434016
-67637010
-269526719
-937193947
497517904
-1299200373
-1647816742
-1441938649
-124643300
-1979886789
-26325287
-102875021
-994623811
-855530738
1398350198
305862351
838002357
539808444
-2052474252
2060896493
-1826235857
1070917884
16135407
111982300
-1385580445
-1634701035
751738199
-1512813376
-253652929
-936924492
769050300
1707862213
2015822147
952656640
-1840140213
867675216
552470188
-2139763988
1354710808
857713783
-1653092140
7265995
1106595869
1417426355
353325272
417018665
2133419650
-1332341036
1079007867
297220823
-940541410
-1548998860
2124709961
-1745462713
277785149
-995197905
728698367
274881562
1581832355
1693647314
487834921
-635102473
839282897
-87135535
1016741901
-1939704674
-2119049338
-1598575682
879369927
1108728380
-89489784
172717432
1572496053
-1228402176
1401092259
199779040
152083476
-1293484563
1836280306
401853907
-1798124053
-1999471630
244760668
560103251
934882343
-112282825
-109109151
-719343865
303765511
540893881
-47885802
1990198757
-1025179974
1048904984
1978890861
915773485
163249733
-1658462801
1307288762
546638488
-1180273494
-51756315
1257169010
-1127524655
-1796547258
1059109314
-550373579
-253304028
1837146234
866367173
1966669581
776855924
-864372339
-665053197
-1769779976
1860643186
1199986385
1135127603
1453689763
878313996
-855517181
-286893095
606599800
-1292071390
1864027895
-168180097
-782559014
-2131767169
1530455668
225733147
565526959
-1234994426
-1628056740
-1476614322
7338782
82509099
1832956944
-700369158
1396965017
1014007205
-1219657198
-2143951594
-57721571
1139403617
-203982357
1675666628
1931502520
901689785
-699949746
-623160925
2140644428
51223525
-591481987
1696576098
1476707985
1626571697
34892779
-755461995
-429472417
1725720432
1842579234
709622219
1982954541
-134028496
-1168823834
-367002145
71444692
332499246
-962871654
-1954775410
-1275869799
1813826956
414189795
1440867402
2005958505
207845697
-1941352566
683002957
1248709734
-1917921200
-2102148954
1736705008
-1277892958
-695527620
-2106166278
100885820
-206459095
19104698
1366077339
-676108095
-1054982843
-367680344
421286614
-287276890
-142500356
-1941349059
1028492112
2099941633
-983791651
-2008313982
-964282259
1569331560
-1069086981
-1685327359
-816996107
444982216
-934386374
-457831237
1514364661
-602649484
-2112695607
1500025182
-1839290909
2092988289
-956787986
-166886729
1415137029
-161675440
632860936
-708255899
1117526034
420685931
400130514
1570423759
-1304911848
-583661931
441939172
103626583
-1042927967
-1238368485
1430977151
-1835722545
-1858682607
-866114448
-404717175
-623845845
727341650
1913906936
2143539670
-431547528
2089660594
506591011
1567639208
1077019916
-82094581
-1561807682
-840192647
84173055
992263715
-1190936699
-24523529
-1482187815
-560281770
-1498317572
-1397565361
1329198220
2007214450
733652862
-494447954
-1662061660
1882615521
-1296352618
-975165692
-987520580
-1416471539
1611485325
-1848510454
31142196
-809834241
420201795
2143743110
1190137632
1283928393
1113305666
-1934459955
-997159037
-983695834
1195972623
1293352585
-1705137988
1487261407
540297411
265095100
1207267903
-561872017
-137173029
1341704708
-31827320
99650921
-941583541
1520045344
1094928461
-1108882663
-1425503784
1206351794
309336819
-2043776790
-1533877593
879636806
-2132722110
-1423530745
-2081084912
2113609874
-2046278309
-2023247549
739211191
-1394390529
-135085848
1201532733
282874333
1737822824
1154466966
1463472831
-202706445
481585696
1329844160
825276006
1566621296
60826681
-565834388
1435258504
-1380446749
1012858371
-1887625350
1165485649
-381712565
-1965614381
2009131290
-1319974097
448705446
-1105528827
-1379267458
709462639
-1009150777
-406643389
-428929072
1082254632
-1055500948
956042502
1264213350
-1162371497
436561551
-1889257124
2082706228
-1571453109
-851599876
1531838700
-1721117310
-102207933
-119330269
-1078593481
-1456203554
-1048587435
344551215
1249772320
515348306
929728400
-441638569
-578682195
-722213670
972790373
-1643827085
-819782897
244799248
585513282
801003729
-1489840673
-1248480215
478504319
1889430857
1811391658
-49914588
-1488018307
-1890996594
915965871
-8493249
134024716
-1498037306
-959062810
-26322771
-2014028531
-1199888291
1473354564
2069003398
-1758337448
-261151978
-620134851
-1392508417
-467953185
134060642
-1882593910
1900567258
-1344572909
-1084532235
1149791532
550472991
-134744698
1394515349
1224835504
-544642036
1438691025
1330967860
-1813744461
-1558385591
-1406157129
856348225
26072488
548144991
1129311370
-1582666182
50860760
-932060565
-951527219
-673412475
25601706
2123377678
-1356253670
1223666048
319837476
-1468013145
-559862714
-1921611562
357645745
-1389818940
1415399874
-1794063084
-1814706908
501731797
1993647939
-1587192197
58432508
1342006562
157491621
1216362263
1442211049
1398106878
498257420
1178656272
-98975857
2087235132
-268039092
-2137375681
1349696393
1721282530
-1440359542
1715992068
-69797969
-1578692836
-1899080413
-459827626
1395650972
-1784218509
950890956
338745114
1764575594
1626745918
-223970055
2141821624
2012282303
1018035288
-313599357
1852271340
510977037
-1605058285
1304363652
-468086567
1670963476
-408785557
-31664251
1446255203
1136502187
-1616180610
1727183579
1451581629
298316736
-587943365
196674381
1367663680
-677072995
-572128934
-1825719814
-913075842
1428570476
-766167925
1467007353
1263715223
848825085
1758422257
-526857407
1673041866
1861023173
-273508399
-120078517
-1411553713
1010457897
-1834183290
-1853130250
568816739
545315068
-539247688
-821951447
1865888675
-791106490
435044045
59156926
-347626851
1647303751
1903136414
-1950379490
1977328291
-517721157
-2042965394
-1531330776
323639011
2053355102
906276887
-511994282
1212801204
715278514
-581053819
-1462478814
-658961102
-1998876673
-1598889112
-1902040666
-337786868
59002522
-639243227
-1004104574
-375953509
-1178681238
1617449485
-1146642175
878782007
-1730561113
2088493520
1381101182
1425169606
1016764901
364158515
-483889660
856642197
709766480
675038720
-200498380
-1661553046
-878885319
250856766
1168150379
17110233
1122340049
2040399266
-575034589
-857153578
127906611
1761792581
-1128296039
676780939
-1436007513
-1364213098
-958971216
-1881668500
768642852
-840408943
-1671028971
1548173959
-814645226
-961151440
-1467612509
1176927776
-1273866910
236645922
834019591
106424700
-1236170330
1987318714
1068140711
21074941
694053573
-61931990
1524002751
1798216302
221652386
-1381367056
-1788104755
505579680
1337936426
1190595471
-1538518225
-813121483
-498398312
-1315894654
-1492166391
-260900677
-978075404
-2048963731
1393234796
313994492
-1664849444
-1084157291
-1535654988
-1855026797
-1123206266
1435451282
-996091600
-1453575998
1174764036
-1054283966
583235080
1859905411
765141450
626727169
-1726341541
-1067057188
-464181907
-561822954
248624551
-1481173897
-1439349843
1347349103
747007598
-1786812047
-1529693771
-1712150127
565022741
-1654192526
2130138528
878553801
3880718
-1083122179
-694375105
-1158803033
388068153
1637389832
129989913
1048446892
-700946297
908838351
1163621298
2078826562
-319466016
-770130716
1044507920
1302267884
1800447558
1736058762
1436705402
1390195389
-6721478
1162355780
1464046210
1637776910
-285800610
-1970495832
1641588038
841578858
-281050021
-1560149128
-422719246
1185630925
-1848350972
-1310678542
983319176
1321493006
-693848389
-1492103578
1802325731
-792891496
-964279021
-801564151
1506881528
1343296096
-2096236873
-746114039
1355666015
1175318802
438908553
44255201
1271822097
1290056333
188282638
1252125933
1917136243
-893875822
-594483704
-155059392
240871827
545277879
1497609828
1627052469
-434160976
-84857951
709862486
836311364
-1452349953
1904991857
-104032318
976810390
1656547756
1685542014
1290766557
1381200602
300067870
1012696389
-926086380
730628313
-556246145
993078941
-805363156
582806344
2056044923
-787540178
-487537238
-258656420
645926727
2014872611
466859636
2053828260
