-1466781296
-1618414887
-822425230
-1581133755
996965095
-2015030996
-1185299078
809684795
1985047539
-377283331
1489237790
136521835
128582565
942551790
534797639
112678163
511407138
2033967490
-395088645
176650740
-2095744093
-1600234952
-2103054622
1295011981
21653404
985669595
-207769338
315420556
-2055100896
1010550296
-246869799
-246405503
1746372995
-1231579568
936026492
627794132
-729603520
1532374447
1476555326
1376535545
501568285
-768972675
-628704926
844725473
-1489861748
892219060
1328932644
2007658675
-329608108
-1679755823
-1415027458
2088551611
971569776
-1532228625
1114146087
237367714
-472832969
-503840752
1983604315
808343008
-524710724
79674302
-265433119
-114918547
-950394505
2017665490
-1463531062
144606398
1571348004
-633059693
618526070
1408431343
1876542187
-1638427390
1104013916
1394689852
501582016
444626291
975641353
-754316875
2073868300
-321304225
-638384536
-1230147790
1736639884
-425799560
1439414596
-934638461
705239417
-1914418434
-657071093
-451365652
1870210281
-2051609263
-1709176619
2111154640
-716379787
1238137030
1589118371
-1025863253
-974514406
1078070717
2065202923
924117573
371991652
514689778
816049748
-1587549660
-2064579384
-2129326573
855333309
-359791295
1079009618
-1366988397
22738563
-549877505
880490367
1228514238
-502842109
-1301380264
-1883504021
-858598644
-981913507
-1599116967
1676530223
-1790907463
1017175675
83439823
306378116
-638430572
1568758865
1518522690
-1868949077
-873903849
-874921371
20930594
304809105
1739818679
-993858158
-1746322368
239226157
-1355705475
-1402861560
2144337023
-1990871507
-673138730
541859478
-1140189749
1295060688
-1842113114
1748452907
575040584
-292176363
1119010466
2103055769
2122925006
128277525
-950019106
-6129764
1340294037
-2129527379
-127190363
-889644773
-1981251284
-1768614305
1408553608
1985410989
-392640848
265819257
1586436281
-1631136674
-238450631
-335013001
-154454887
1103400625
2067086487
503349413
-1099208306
-1593267223
777719101
2005790216
2043791898
-974221692
-158002819
772165502
-665941975
277357063
-377845515
-2020610524
382891689
-1504051455
554092873
-248226313
-1302359969
-1427682487
827642642
-1870519875
1901762552
283433609
-1672822251
306850085
717104478
1784632064
-1819308873
557092141
1222685773
1352161922
-539441488
1421487811
1165264933
-165998652
994401023
835132335
-1887340287
-423078954
1582657821
-870064721
260439559
1453303792
1801384308
-385738781
49154305
554804080
-27173614
32183915
870549293
2079671843
-1777144679
-367709106
-1100637360
-1559647549
707537530
-116442211
215016720
1736564160
-510231454
-1157684265
2111072643
-1565467582
-59420685
581161615
292811010
1472724847
558423735
-635452852
1936846403
-1493542935
2095365457
2139927471
-58178906
679198106
702786037
-1481192229
-1569164337
1878693811
1894075929
1583336208
-294574476
899653873
-294000788
1582377625
-1429212553
1351560225
23792647
1586391272
438559799
1956359398
55573986
-211368705
-758759646
-1450080070
1498366344
-1539825136
1101288846
578843698
-86610930
-542445465
-449934903
1726406789
1798069313
1917403271
1678625902
1525169486
-1873718498
2094097555
729951226
1459557008
1088659334
-1295596560
-2073933410
656946939
-1158229710
-590756569
1692190550
-174807443
-1841912093
1332343311
1570374457
432258234
-1819399202
-1129072086
468562962
-893396816
-484525929
-1628604593
766327600
1448323925
1842989740
2081265801
658030458
-810633358
365684756
-1783752897
2123523526
-95173292
-1504312936
-824206700
1883257450
1653886673
796264577
-629084912
-110452718
931669897
1813425042
937797759
1467111379
866182509
174681912
1524710425
-581536128
351063429
1036883199
905556194
737401660
1024805101
-755399096
2077741140
-1465058480
-1218370016
-398215623
1983942970
933369662
1220749944
2017668852
-1891766562
-527487722
1199683573
-1815134710
1255902822
-790217721
-1114862787
-1394019279
-952248710
-1475236552
107075043
-711955403
471883050
-1120668200
1874082027
-1355608788
2083704847
91670131
-417897587
-931185683
-2003191121
-263365753
-149857735
-750964798
994758437
1228063575
256551387
-376185252
1850905857
1571171582
-1636299937
-1256443129
-1098145171
129275078
-180601993
-778828514
640533392
578838970
1474890395
203784640
-1591888842
2083309689
1844635985
-296813373
-800305232
-929298611
1096447150
1405246696
1560173304
-137572485
-494680292
206739280
-1362866919
-1030459428
774607196
-512168401
-511985203
909677740
262553550
-647829826
841630311
-1941655391
1502982128
-1961547146
-602132237
220488511
654719524
-2025928838
-1985011301
181235818
-559148107
-1290042284
-1613537717
-229040836
-435794661
1568357092
1054134424
-518650344
-759369602
1827630740
1889971677
1083752959
971244664
1484755408
-1560591961
1860364065
-416975073
1834462901
-601654702
-115522377
1433417026
-353605880
-1689773069
433808911
1206579697
-1488289943
-1320632968
-55856408
-1328717246
-1778947641
-1515523058
1360576767
78311762
-936672490
482758850
1551215337
1206268042
1418065983
-939518870
1964539939
-1313568733
1105561176
1756609990
1883447911
-1869747221
-1005549036
2022954465
1865163840
391944264
881463933
-517955907
-727810848
226302845
-1919358240
1971882030
1287660849
-1243664596
1415630855
1763741446
1358754345
396109339
-801291091
-287249806
-1542176670
-1671433670
-594495186
1580510115
-350403351
1934493412
909245054
1563505584
-515958955
-1847878811
-1177740197
-2110479430
437700891
-1951592004
-332639546
-583488688
-610853343
-685996639
1538289326
-971417323
550681232
-1175730232
-360189458
-286928480
1020975598
-654030489
112127610
-95743837
350872427
-750011402
-558816044
75962446
1420980090
45902133
332076483
-1688915211
-64974173
1415350131
-1969358009
1697262319
-328957545
2141195788
1182129351
740400321
-1208294780
-462107086
-1621085556
-2090088580
-1881645142
619762672
1145359474
-786595997
740511534
-1734913172
-283512868
272246480
-1975548882
-341268884
1164435688
703189335
698195221
1362501146
1373588195
-1085541077
-2046794961
1526377739
1208564735
-1183232320
771755903
-897208963
-1068586941
-380773710
1488750800
72697824
1811982274
-2034365979
-215159031
2068987287
-169221105
-167210004
93063109
-1174987777
-1618679569
38308782
558260259
713628591
1685736528
-1090414010
1757951961
2036936705
1891950970
-1485142997
836143503
937954001
1628007300
-380085104
1375716458
460331140
-1416461560
1110379277
-1201272090
-259737524
976790297
-1948121217
166595304
-1153026903
1703514485
1006268459
-772095213
-333561806
1459721719
1422253609
1670367578
1865480853
1046230350
-698115073
1916331733
1550500315
-1809227021
-937680245
-2136007464
1556304880
-449880488
-1044840410
-1574934719
1808991330
-705646755
525438470
1669386258
1801390697
1731261959
308484068
-1985959873
1162750758
717914483
-950969890
1076689351
-674806737
1725030920
819361950
1249675016
592411211
-349967637
2042091450
1113385807
-1277816711
508417719
42431069
1211674798
-805819593
-108625043
1938790951
606629650
-307821568
-76875351
880885842
1980647572
1426018581
-1516260585
1515924757
-2063837425
-775363200
-1248111580
1115867468
-1457791246
906087765
-1141453576
-160604584
1750358870
474507835
-85322334
-1883049917
-1169246382
1949062186
-77858411
131208744
-1520285554
-1801059723
861840978
-1463913263
2025742102
-965639925
-2141589146
558481313
1509719664
-519522823
1707051415
-1884200012
175412208
-440534222
-1238071462
-1558625980
-1536311735
-1254092654
-69267321
-945940658
1591442023
-1998804448
71172943
-1515158155
16796028
-1033429357
-2368403
-1409038299
-1018420135
-1342375401
-1114813285
-496397573
-1453436930
-734365360
1862218055
-2052674205
2138531699
739061918
-799087482
1860318594
1025617625
1500734371
1780684872
-1223971498
-1667038277
-497364735
1370140877
1840395804
-869466455
750384744
1590317655
1300864497
-1611326969
690688207
1220056609
-1384111172
346550818
-738173696
-1085007217
1041372490
222818947
-1103274918
230548134
-1917408326
1740178568
-1806097966
-2081048387
-1760310758
-46132433
1147792186
634226804
1717338706
827750453
-1466266938
2036589541
-82279360
-291592609
-372349750
-979032038
517004068
-1865898730
-1587477048
1431696574
-905929410
1074409785
-734358358
203483926
-1787924043
-927492306
1967301963
-1538463695
2029916347
1825020474
902770491
-1805636002
-128507411
-1898054381
273001667
-414699043
-1146020609
1008566194
2013308454
920976602
904532120
1824220780
1105997098
-1554882922
1258845050
-1873027517
-1083175722
-1338484249
967205861
1944048249
-1050234500
-1206941982
1220999485
1740769126
659295481
1792891861
-1065579542
-2119528821
-1614808262
230134139
2026968959
-289609754
1999366915
-644016534
768613149
798385287
-401355029
-1910094384
-878470119
943169122
-1030317398
-1502259874
-257151268
1449990503
1579339927
1743466115
-6936053
1308123599
1437066091
2041849565
-1226020889
-1141097543
1138061386
-847033364
1892366837
-800868364
-1903848188
1141519880
-497257760
472203806
-830478697
-1104767340
-1980781922
1228930029
-946418696
-979503756
1913659602
1063451084
2096709906
-388804165
-1439964815
-1378667351
1118782990
-2090231383
-663351385
975062285
-807960875
1702964692
-1092060421
1123367788
429967058
2070799268
82240177
1097607614
-43860740
-744080637
1112050543
1135620686
-1796961261
-1350321323
1035143970
-1156632623
454128425
1752673190
-914657502
826886841
-313601437
232167970
1173430419
1339428811
-559955968
-1701812535
-800576754
-1404314642
1778280858
1431422306
-1332819583
-793661114
-1995192916
1676110512
-109814445
309381505
-370348
1401575651
812004299
-1340311184
-968812967
-2042626223
-1914126926
-493078055
355439982
1089479013
727326006
-1431508597
1268592823
-646072105
-1632293360
359374001
-859782515
256853789
-725980183
-85095061
-914944898
1854294561
-799646983
772669850
1322912407
904710195
-1720494351
500447739
1373877988
1016801088
2145315867
-1000292745
-763690697
-439893180
-1228333378
-1099785288
-1326317784
575993852
-1528412986
-1366661633
-873949091
-1748397600
1789023652
-658893516
1375154955
1051384400
-1923165069
-1114763714
-2034686788
-1779518707
1252178011
-2073236076
906423122
162493674
1387657018
898688788
-1632865717
2008188354
-174549376
580308755
803727430
535681452
-1310759334
-942923596
1052895429
-1991781523
-2130785518
-651782787
303562291
1720727598
-1037158219
-647683545
-901857239
-1134024082
-1164622603
1636002996
-1146023444
163209273
-518163631
1336283079
-1751759558
281282713
-1806557326
808927023
-113171131
-641592243
191506904
-279928380
-1318703617
1499321784
-684897611
-452430730
-18386024
-1221645284
-970903783
-1710929246
637075012
-480662009
-2021079986
-1004732505
-649552319
279807757
-1400744571
1509469625
1241545752
-905184074
1010261937
-1308574220
-1825838814
-245707078
-1311031374
963732916
2004497485
-1286543765
124001974
-844552925
-170686688
-1055258254
683393244
1489509139
1039142652
1182172093
1994136089
1288716813
-1167984989
-1546191688
-1423585953
-1830557015
-1383664642
-280761414
-1619199493
-1337915617
-1159827942
1474518977
295369534
1164778526
1653440371
1709641314
499777119
-1091638564
833247349
-1898455558
-1054240097
2133862509
998032959
64184105
1944688558
-135080360
1585045929
-6100607
-1160040883
-328527769
798829192
618352505
864915252
1422353343
-132017360
-609264217
19328053
1442775855
-1866383302
-1290888914
-259539040
1180593356
-1429536634
-464719500
441003497
1841321149
516473219
-2094573288
252534152
-789976750
-2107472979
415529507
-1331500768
-279002021
-1210215593
1452276092
518705123
-1955455561
-1991243350
-658375263
-1803384780
-761261270
480041453
793504916
-1691740019
294852980
332197638
1644074258
-1393010014
1759963806
866000191
558708490
-1813132090
654017942
677964877
-1017897139
-1214737010
-985656578
1946844558
-201274751
-24994381
1703330624
915411602
-1163607205
290251836
-1150289435
-1556744227
-1239699444
636055772
-804496857
-735848471
1983922939
613910680
398100676
-580076943
-588053835
-61077332
222213908
-1954991124
-575595231
-2081813585
1851738973
-161052329
-1477920264
-594658059
1597192806
-615658441
-652509069
686915124
117696073
-1710083362
1203192901
-1616002199
-1519544691
1787179244
160959947
-872789764
-175710860
984290328
-1197084287
-882735070
-662143344
432482608
-2009830728
-926052990
1727310492
-984961698
1441803653
22124058
2010489992
222039980
-1937529860
-1867901340
-2036784171
1248347849
-337016162
-941322316
1385105443
18628365
1323851791
993712099
610742791
1140368570
1973984267
978827058
-277637854
1002540676
369287579
1655504999
1932580718
-417346478
-1035820925
743475004
-1763110437
945937990
569170430
424122617
-899054054
-72951813
-186516308
-746661025
-1392681545
-1245858803
321719243
1898362312
1416414829
128441309
843154853
403351691
-1713307723
743827349
2123152713
-1057212763
-142398048
975297129
-715744387
1120945557
-122354458
-805675232
-1707541774
-1963452538
-1793088451
1667680466
875828153
-559070285
633745135
683924467
1406773749
-1388687098
-267453274
1989518223
1433400274
1214240514
-1903201654
-3483945
-1433900363
1299204323
664000909
-2087546149
-174720075
-1766142204
1461569029
-735220584
-623817912
-1015033217
-1163336582
-718332107
-479133631
993009434
28262337
1295407753
-970503687
-1587429535
1944278089
-478906912
154473932
-118229234
-962100044
649530111
41330631
-661782607
1940898729
373407076
1876200095
-1757779060
875792103
-454643247
700386020
-409251137
-874293346
-391087605
688501109
22130340
2117506041
894990559
1423929654
-319518852
-992266753
-638516635
1407155200
1570429002
-1604668517
1121631368
670954201
1975864575
-240890888
-1131347003
1589831012
44252886
358503954
1783715890
2050315418
-494890239
-1377475446
1633556161
1097280698
400580485
1878610617
-1361247547
1836214910
1151498849
2105904902
1331061685
-1475944561
500193014
-1829554564
65125168
-1096070599
-1416637022
189322646
911824705
-255085470
-1887376979
-1622875555
62801123
836390328
-256558744
819807156
243951303
1801925929
1304370323
-262178318
-230247340
1080485272
893885695
-2012070735
1654121710
-2111424052
-1972281996
-1477271067
-95155334
-1679410260
1850247892
-2110512593
391636514
1393111721
2027830143
1540099699
1845159509
-1436703366
-1917853447
-406435161
527250705
-961854705
501329866
1906991598
1899706212
-596580673
299704741
-267040795
-303671505
1644309443
961738188
-1776460997
-549776339
-1591327769
112350130
-715424377
654876979
-415169154
1746727905
-2066918315
1784582584
-970300267
-839224546
-411957375
45702040
1499974508
1288385482
163844296
-271666924
1186858529
1459450250
-1538789221
272037661
491369902
-1030919382
-1131357130
-1220453423
-424182251
-949762370
1251588337
-1894493883
-1038851111
-588016630
2002909398
-535531387
2051148976
-104099549
-1331483534
1571293400
1923209077
-1125870251
-177381904
-1928470712
1715797859
-1598994873
-440039069
-1855856032
807353984
294746973
1430439522
2018694711
-1197694122
1317925725
1264318169
699940013
-1110274584
1919369300
1960906526
2036858356
848234468
508366266
1580747586
-224422574
-1794577388
-1656675116
1051256233
793560612
-1020882662
964416345
1602364125
-1749148379
1333259100
173906008
126273182
1896071664
979130940
64240472
1760708157
499997891
-1248095092
903328192
267275305
1595544709
1899784257
1174763129
1034182858
1943791881
98255206
1957115857
310430861
-251662956
-1100108718
1272709026
1442383679
-1839126628
410994460
694761907
-1938208609
-1589373486
1372051023
-1943323555
977407533
-1437260958
-1144950566
-1284294799
355969608
1812237177
-52365494
454733145
1026764919
985559303
42093114
-2131568004
-1417325818
-1423561018
29160457
-642208025
206636500
2137531257
1198340557
1125924393
1483537003
2082831993
-1140275320
267700605
1507346769
-1884172179
1435855769
1638451246
-390079331
1133667416
1552651637
-530345417
416772044
-1330928424
2127924118
1898484009
-945669931
-1836510805
2042072243
-814867631
1635028602
-772765322
1736200240
-1645716199
901324768
716827585
-343631401
1775170734
412717409
-386902202
-166734648
-1284627485
835949217
500336746
1140779438
-260129708
-478101025
-493085685
624018483
-1496438322
1764290701
223984252
959658933
-764264722
-992240351
799436493
1827558201
1348118535
1854322221
1615900239
-2140994401
-1496569783
-24249683
-2083924906
402656023
1332741406
1225231263
-601156032
-307601197
1281639383
2016903897
1019687862
550659070
-379609721
606970646
1861248817
646043372
-842642129
-133860015
168712896
558706578
314252315
-1938135210
546841863
-658118089
-1425387381
-259604587
-633171318
2008208235
-1199414636
752712248
301154091
858684728
891853640
-2089000072
-938654735
35345303
-856292844
1922368300
666139914
1331692581
-1196737431
-1629475422
-1141855213
-1185534698
-1844427873
-698790478
-2140538219
1493206889
1340019989
-962872305
-1123245870
54329437
434552988
-890390560
477738178
-2139458013
1457944853
849990799
1996973400
-876540972
-76117160
2054222047
796075529
861358244
-1504747689
1721502532
1334611598
1396536920
-929241213
-1928951954
1783100135
-1487146251
-351329683
1287567654
-2112620637
668494265
-398552400
749979742
775792222
-2133776561
-1392127729
743785090
484624011
-285409987
366976217
1535765780
11173491
1067542688
-680849772
-2018988681
1719173245
2067263515
-298987302
2054658570
-942716753
708242701
-523861123
199395448
651832948
704721921
-1639994127
-1873040051
1365266079
-1606201238
39181803
1106125005
-1938976336
-1405335665
25815877
2050186496
1670337109
450565828
1224892964
-1663432431
-396990414
729374938
952998492
-1367497256
564697828
-1567686952
-1404564718
-680267851
1250410819
893478890
176211362
-1490155105
-577433369
795681945
-1045415229
1343800700
435905005
-185155268
729001449
1455988146
-2016187653
974386093
365034218
921908221
566311296
202696768
-457928220
1182886275
-809866688
-1069487631
-1383477923
-266181595
802743823
-942089764
1777600170
477697303
-1374279972
579152369
-1239741291
8590514
1325877489
-1969467673
-1712594887
1383131016
-2072875912
-1945510543
-240329679
957677752
-652596416
-26360145
-796218895
-695200380
866395841
143550439
70560115
-1707698656
457962077
229597556
-387600619
689201100
-1939612184
134899965
1537227713
-1791951836
179922026
-1379497238
-1959554226
1258815926
1158365987
-761426156
303125797
-405902891
-1826915122
1059484859
1766947623
2069295020
801623337
1521957308
-759373106
1257557141
1580683445
-1522573053
445957266
1356686763
-992713542
-291509187
2085600653
-1837187427
-1900674162
1075625170
-571781279
961136069
881598741
-2050060270
-168101287
-1446195848
-849949813
-1598289234
-1483975218
-974403937
493360256
-910981271
1854524107
231280774
866977316
677813518
-2051287821
2026566132
-1304811324
-2065461340
119729571
39260026
333208724
-1030217504
-1771928237
-174165232
-1791554642
-691244070
-1114132671
-966133539
1493497946
-1875118077
2105303888
-1820314283
-324981872
1700630358
1147304492
2000365705
1079101370
-1437899826
-1969240142
1299534521
1042727869
-917626857
1488385935
677051950
1994052154
420904840
-2111893466
-114961850
1850013968
-1662293681
289783735
-208272432
1020108069
-1128133907
1283905468
2086516377
-649984410
-392649243
-1835689322
1760060487
177053707
717489327
-1518682263
1932614756
-611288801
594201331
-1877716925
-738610755
1488898367
1936266483
1093846659
1507797229
1202552225
-1584784824
54593912
1104870452
-1737747880
1504495568
-971295928
-691500916
936131541
356746470
-1936572397
251738110
482092208
-957442092
1717111639
840711473
1642087336
-1158423163
66666389
179696707
-1276768792
726517886
-617276364
1644952795
-1797715572
-482944241
-651872858
-361209474
-245889950
179704005
45061065
1403478050
1310749428
-771495134
99078799
-586635264
-1220396090
770119055
1706961120
1102454958
1722708699
1419957393
2136832446
-1978167700
1643628926
-838814661
2079773610
-64247875
-1354516930
60959203
1153106502
-1328254919
332896569
-1738662632
-1750526405
-66196319
-207789923
-516322350
1692600156
-455900108
78606699
-1748386325
61330699
15311680
1152637054
-406733874
-1775974181
-1643744517
1674250188
-413926291
38125430
-1104299373
-1705597974
657227384
1170643905
-306102910
1344349653
-1839808309
189155389
-804771033
-726182674
1134972455
1463675568
-1341820014
-1504649914
745525284
-591057405
-929163873
-424311268
-2100568730
624346734
-41043387
-396309341
2071721743
-1319726127
-1481035473
2046682887
404580724
-1194523035
-128736628
1332900786
81593362
870427027
2017757731
-1370597174
211410114
-1785136861
-913715287
735811582
1855230508
-1745361767
540184662
-1385096574
-257179271
-344873765
-851153483
341293399
1811784524
-1817524201
-1465485893
-1379858993
-2100165646
2030475235
1967781915
155424336
1563364055
-702399067
1702550744
-1521951912
-1733393093
-323794636
1640386587
-1659584320
-548362202
-59408961
1820317510
1607442244
-479953511
456001773
-1948638392
1736393282
1265463557
-192378810
-1106627534
-496761407
-1687113984
-168525616
591438346
-2063904588
-2004071370
871378173
1504583391
121171840
-1150982243
-979909436
-310016483
-1466101060
-1525040148
656319501
993987874
82114103
875844685
-834014383
-1970968304
1383101502
1659656272
-1017465215
-445710875
609683742
1894785827
793732647
-13473080
281742055
1080957440
876836555
-1331230812
1091705203
-1825573402
-2143980905
1289168890
1329990310
-1867221877
870484285
-1913440525
-813574410
209626256
1760606744
-1471020876
441600557
-477019914
-1165034351
1327217909
226131053
-1669345328
876939972
436383444
1788368756
1441167418
1512223330
-834310682
-1321882591
1186251657
639160280
-328979313
-6906825
1640414659
-968599632
-2135715949
-480355233
-2046088879
831918648
1418521324
-1926262157
1831647730
-1043862176
428144605
-1862413319
-543192333
-2059728664
755980359
68815085
-1521269603
-412622662
-494503110
710653634
-111303443
1161574804
1895085775
157644715
-1409785974
-1973898263
1517595444
-1272765930
-2073523981
-1227216631
1640776455
1166304376
991232247
964245119
2034689256
-1470178993
-1636528022
294427577
-385308088
261019492
718515733
1176587758
-1268928633
-2061598127
-931324178
623207996
-769273538
497999682
886039944
231820815
2108582616
248967679
880817356
105696713
-263132569
1340679721
1726503401
-1404837473
-2109321804
1020233923
-148254328
-50759487
529325208
1588827636
1999502404
698647229
1572779145
2116984586
-1650907559
46526245
1452079479
856427714
297391770
787252078
-780353576
-2039021114
-1029072728
960867099
-1413479423
-234806922
-931940768
-928471526
-808041800
411598570
-2107009899
-491013779
1162184454
1373567031
-2079086849
-961985012
-730463920
1467318770
363409266
-1848317431
-1463321688
-1552800014
887635026
-715190283
345587552
-54542248
1925880389
2001178754
-982368288
370321875
153857323
-2082059671
184590009
1942877728
-1942068150
-293940083
1602542841
560523216
-1645101619
134393440
-995209792
1118614093
-1470788241
-1399352699
976461331
-1407269090
1995995763
-1215443017
483100143
1483486057
1498638551
1067764712
2044130977
2062471609
-1998208568
-585493075
-951100844
-777169919
-806793384
-577656872
1033943275
-1346147871
-927228050
-1010023578
-1556031983
-2077259993
-1652153859
-582024293
1565629581
-1529344361
-2104658313
-1800564629
1320053466
712107247
2133040260
-1772448996
-1935076106
1007595557
-1329595409
-436711128
1605676922
1488537330
1954248672
-849505945
-477530134
-823454573
-1403125424
-1423888531
-147952050
2098033870
986602680
1187053872
-284527615
1206275122
1447825163
-1969294610
-1696070712
201285795
1034331623
-1839628979
-51128538
-1844693483
1214566150
2092095939
1718619373
-1538624617
859894522
-1517512392
1213900056
2014647443
-1261943015
-55344920
-1428199976
1671621204
-444298571
1670500750
190479852
1080897991
1491592080
77356222
120748085
-549240443
464883086
-978252654
1059411081
-807627760
1360613804
-2132557431
-603072058
856339036
877328432
-274683221
14906666
-524238191
-1464194526
-388400145
-1089979678
1648279311
-1047366150
509945569
656268256
-385181262
976120730
772798847
986948849
-717107370
1728840574
173295460
-1867719922
-1653461091
-784087759
1133642024
-1159722767
399564015
1218928898
119397893
459608555
-1668101950
-1983663881
333904830
-95347212
463089691
-1739762430
-419686213
-33770749
-1327440813
322854514
-618148744
-1352560736
725560350
828292780
1751999008
1977817782
1152133321
-631739110
-2136589964
1972206765
1779641282
-1122797470
-1072049678
1459926456
396351581
388331227
-1175919566
706626923
891907540
-1914500548
-1564070510
280311695
24294800
1733913238
1996345877
133278265
-92008026
996224131
225867912
674898201
-1850118237
-363153761
1449493734
-795461105
594944908
188226103
-333310723
-22046973
-1458770144
-864074944
-1525111984
974590197
2139797855
1596633994
-1449429953
-180254638
-1141458353
-838976203
-1117114011
-1441732982
897785597
-1287098269
-1517463743
-1477237538
1280666049
-1721716689
1841846551
-1414018
-1606544698
851256029
-2018533608
74359762
1244343497
-1401228975
1855832768
-783680233
-1516629471
-1931048507
1771416959
2006407726
2030591486
775477686
-724206181
86153648
94680565
2140779295
-625453740
1238901061
-1417402437
1254543593
-591169464
720517430
-660005072
2126655137
-727885032
-2023224001
-1569376097
-1763596437
1601407308
1158375082
-219188412
-54194122
-817986189
2130670488
-1579382770
-1973993168
-1029634162
-33280095
759130277
441565820
1209154991
-155762273
1504979629
1493307426
970519260
1789158087
-1585978548
-276125369
945274936
-1274240264
-1793837334
1355374237
-1115116444
-1964171689
-1026711241
867144732
696835362
-649922533
1046460785
1785752049
855326523
-1240224091
-645728538
-1011613514
-787265373
-409068333
-1419003464
-365015836
-561563430
-24527724
-768959520
1802186117
1589345172
-349241665
-791523724
-993478099
1601114523
1684851744
-2134407380
1614019626
-213179404
1915519956
-270286302
-76839174
590751040
1576471254
1885068248
256812029
124593509
1997717721
-1897412737
1261897067
1953250157
-691311017
397993334
1028011143
-455530067
1375895529
262192656
1482632980
120692777
1211572953
-727571302
-149428216
-1238318793
454760181
71501467
-143286401
737528929
-171816539
1586850653
-2130557454
472912783
-1530360256
2001889196
1425563304
-1624072603
-1431697510
2060061149
1109792107
-1458298902
1514149601
-1223196143
-2097185921
1126572649
-1910643799
-1690760517
-1486676016
492342683
-609955516
-643869345
1678997097
-288560378
-983927465
-1161789541
454738733
-1020326753
646898601
443995243
24542144
-476120650
-1543806146
951311783
2059556037
-799914478
1995366564
1737787857
443182670
1775318875
471773580
-1368692211
-428911728
1209425080
-779649637
-282964880
557695446
-1994556232
-114073470
-1180387716
1640458936
1910046069
1450678603
1142490091
-366402164
-766301450
831347446
2126917035
-2130820069
-1707933739
261001796
-1142915798
122158743
-1271770079
1142469841
911716307
1204497100
2139985541
-345707160
-77246761
741716630
-464292951
684079506
1900166960
1937800594
2096959448
-76329872
1180093922
-82197992
-81938718
-745846070
-542589821
-1532038808
1082336835
-660491161
125768190
1277997858
-2146577020
-1425076578
1315681171
1073652731
-1675960095
1191781421
895945249
1476381614
1238333995
-1654723000
1068119975
1764228655
-886045713
-824083723
-1430740728
739351590
1139489496
-1371249514
-86913011
775317147
1482953041
97889991
1175515568
2021218797
1644896622
-199877526
823096471
-729889784
-1446848244
-1321708801
-1456174114
347277782
-954743754
-115450056
1530108441
1005834229
466131402
-1093505332
-1143486312
-1864992085
-324014501
1626395531
-967094548
2025994518
2111549785
1330029490
-1435685206
-943517785
-440608657
-2109109376
-588224658
375297489
-1256465108
-1304255480
-173283549
-1375053060
-1390087964
1599038280
-1714242944
-227596609
1151929048
1106835835
1270890965
-2002548657
-807455596
122924971
1002204679
1094412593
2093201560
-2137187447
1347963352
1303484215
-1477896390
-160875392
1060328299
411793833
476636618
-1210329593
754870791
820405697
-874447881
2020383542
1570329626
-786348452
1129026416
-1618346084
-1082908287
1145866991
1296514510
1851244879
-802296314
-1439329865
-1404185424
1040416835
2147403817
-1518206668
-576206809
368768735
1578287139
1570948311
1255894868
1240770509
-975674585
-424828679
-114409648
-1653271279
-861591830
-1096314353
-1882715061
-762850211
-466187931
1102670620
-1016678153
1560614050
566159577
275474278
-862783450
-667850518
-1231464429
-1415863444
1496122545
-1961956252
-944770319
2091823382
1714582428
-845933632
-1756072156
213433134
-116620169
527286205
184755511
-162468849
-892824570
-1388878593
1736715727
-1163392101
-1986882268
1684888869
-1704972493
-560560015
1742975972
1846195483
1138788110
-823828385
-1286240520
1694829740
-1457750924
-145187818
824996694
636377946
-1105164766
490295836
-88988136
19770993
357380361
-2021104378
-1583134557
381498457
-153130227
1541566693
58839819
-227727060
2053912073
447781888
-2083544906
932214920
-1070201066
-2033631549
1867197246
1945184421
1776440845
-279013640
931303323
-1992826199
91889993
-1505166796
-1800453759
-1831654342
453536177
-73581677
-1643179769
-1440733611
282454773
-380159833
-1525324151
1684006237
-999189482
1777058220
1343871182
-1423853961
-341212116
1913934081
-1277722260
-2122586604
2022739811
-1806023213
1113764714
468835278
48795718
1259247131
2020669479
796893048
-804648641
-826922039
-1993771397
-1557128337
1827002974
-1161666239
-1821235173
-1876643786
-465170599
-1007660794
2081456450
994700610
-1438709293
-1843336012
-1808109940
190743313
487754721
-970518733
379505956
1521402496
2145019593
573046313
-71646943
-415744674
476631564
872287920
331583021
-485598149
-1809273178
1003774281
-20785561
-1424884346
-1549256045
19785999
-318938230
-1331990058
-836962155
-50777553
-660939186
2094492039
-1512583116
-2089444457
-1744365554
126658441
277654022
868612077
350997162
537496948
-624882640
-531117630
-1741950290
-346696482
-790004948
-771387641
1446520755
-1615459856
250979019
-615657537
-1163553019
-1605133513
881298301
1080026101
-999848827
-172649801
487743440
1331340529
-1616546351
904088645
-740194762
1630043558
2099669921
852213014
-187624693
1378324077
65785204
-64937838
-7547179
-1182541832
370994027
-998105490
1421577420
-636182144
-1727120781
902217209
1724902813
-2031251903
2134748842
1993915061
-476992918
-1008265689
483383291
736366120
1275892757
2120832457
1504683274
-1188707596
649360062
1073703318
1244459095
107767077
124801417
-1847015347
638860189
2126422986
1797800612
37834930
821837179
1909585862
1956437896
1605369470
-2094258858
-851155993
385878398
186088086
2068298108
657039927
205172324
-557647232
337425293
-1414704494
21206448
-2093145326
700382998
-510591368
-693667403
1923474028
-1948795266
-1369045468
1587736869
-281578201
1524972069
684772061
422767830
-805696818
-915923511
-836523381
-1987523128
-223822452
-1025726420
-1636458356
-1684318361
46256423
-417025805
-1874747448
1818100236
-152605396
-1812879151
668531202
-1480822327
1985300076
-1660160028
-926652303
-1659890331
1266871206
-1169727906
1691650447
1906454949
374450565
1556757352
1734076464
1227676877
-1029686836
2001198658
1612308437
1785835109
2131603919
472663470
-771820991
-366663872
1582851108
-1682312818
1265132109
484054458
-1151555173
-654267700
1224353784
1502116416
1602405738
-643930759
1729860034
-1778405356
1017796780
2141823288
-1316214983
1162600017
-376104692
-382276643
-372530989
169014573
-1850097987
65104464
-311883522
879606654
2055429549
-2032628809
-637904267
1476767871
-544170503
695421652
-1765855275
1149814227
-1463187550
-1586781782
1359370351
1276130761
1197069697
-1326771354
-1852348833
-1993868832
-183958664
1807446141
-1948349987
83404174
860392426
1518156049
1688882642
2112727356
-1832852
1693925785
-2094003794
-1404157547
-70899268
2007596479
-1257956232
1289721600
536918769
-687401588
-2113387226
-972369558
1970611188
-1839585086
-1860719570
-1033231288
660479790
-1147804536
1462071900
-1202972964
-1076717950
109170508
1896208614
-1460892490
577035133
1928556260
1248810685
-803777923
461418188
1232710902
-212455643
-304074001
-27407634
976199066
-179151481
-195504091
-1501305303
10652733
1717037702
1659698459
1345871810
-669945144
2046230095
1821487983
-1677915033
-150323456
534398005
628932969
-406137360
-1966372305
1519350652
-1662690245
472523334
2014816004
2114916724
-1214266743
1995847075
-628086345
1597358281
1568242474
-1866988549
-1820373392
766685721
-1655423952
1465394617
-1754865175
-1911289401
-1621508571
2024727470
1426231377
-86814962
-511508584
1685360198
-219824525
919681112
1699855575
-964455428
146493719
47278288
1044586493
-209646833
1487931048
2004611894
-1284575954
35103349
989218582
-1754024463
-1003049183
758918672
1658621437
1852695658
-65230882
263340575
1088279302
-2077732457
-988640824
1903858166
161846413
-2115940395
-1106494242
-734263823
-1116247932
-1345504774
1973630013
-145507162
-133941354
-1020069462
2052790248
-297309351
-994736497
1184505577
870368972
-1877421644
-1055297030
2030722290
-425134851
1655714999
-190824437
-1325039546
-1646007739
1316951277
-1937331009
1222783495
1125131488
1792775136
450253889
-1648419707
-1362238336
-693617458
-1307058288
1303069977
137486742
-1981602661
-1024927907
1310306097
-420105005
1190302986
-1486798535
-1501324116
-1245138196
-1389054169
1481861871
629014376
485245085
-54857465
-1808627666
-1380192232
1718805233
1685121716
1561527915
901856858
-181825601
-210080159
-587089147
363163144
-240713097
731027429
-1810018391
595113421
645208350
535431014
-189820681
-1646144773
-788234858
1504250708
-449150107
1185203868
-1587863773
-199887463
-783850909
-248524858
-1301135318
-2052124658
772009408
1565341491
1765874746
747299888
1906092364
-2131902447
-1665308080
440977939
705229501
2129187349
1844133718
570880662
-68677162
-523456299
-794159891
1618108631
442279621
1084904535
-58394516
509118185
533076684
980268772
480781863
-2140571196
-619841756
604810274
1870566643
-1638600579
-1875294691
-303852191
765343209
-681868618
-1555275127
2050524980
-1663964054
-32449961
-1668163237
1498592324
-2088992156
-2019373955
-1019526774
-534957728
578821330
-943419982
693972538
254371543
344585353
1486648671
1354080030
1482081033
425350960
-1056570242
-1933667561
2007663163
1453143183
-765385837
-628842207
-784621653
-429409267
-582824996
466860911
-138132508
1504956019
15372230
-406159149
-1767160749
-612743178
1873000099
-1996046237
1013811225
-610703757
1903157146
1067717465
-931633631
398774268
1371824094
-1922059973
922964085
-1064239726
-872230877
-1287462341
1871208653
-1585181132
937983308
-1180191777
-1402955159
691160600
-491278232
1795281892
889320736
34389559
379126239
-1263553184
-173374025
1911359503
786574312
-2060032986
270882678
-976172636
1356009533
-1580422547
-1224029448
-991652409
2083579154
734031027
2024246851
573408410
1630715202
-528785442
-573406696
-1961537454
-256778293
597327269
-861200245
-1424688578
-742153604
-606217427
750729429
-168412151
-1207321620
1072481782
-1565518745
1927563579
-1319026514
692341496
-94611133
252224773
1466417090
275024905
-1324008057
653856829
-254725554
-944535679
-1967464374
923259814
385921677
-1731054048
-838542421
-1143477643
486616582
-326425810
-1694931930
-1028992752
-48593151
-565189917
1273399593
66452504
588437814
1806502665
1247177447
1865038761
-1913465401
-1670213153
-1615824533
477597408
639593072
1942533952
-1983442705
-1124324451
-485873667
-2092442620
-810416275
-210387319
1239227387
162261926
-1605632138
-612882598
-1281486414
-182305753
-1565420477
1268594005
-1601147310
1740310577
528397065
-1269487596
-1755571093
1500899198
-394807919
-1992820599
-873252190
687008122
-653192697
-768364990
597131681
-1069009369
2116138001
1156859118
1811649871
-250193600
54088483
1369826847
-2104773311
-1074553951
-506111471
419068753
699170927
367595237
-1086049307
-932717526
-881475542
759312208
1118835186
1562647811
123366989
-1483063313
-1563984087
314163622
-1316066638
-1944009475
-83143510
-1889150887
-1559391256
415285384
-1188109410
1125007643
388970274
-580086444
1282435139
-172055251
1122765681
-1333087233
-1331881401
-2072059181
-1314116555
-1130531227
97873498
-1623330469
-690633007
-469578427
-1973723906
-1665629858
833384349
-1773231068
1979564705
1240653125
-1784917472
-1383260303
877735148
-565064178
1393275006
518527209
-1390958243
-606697392
2139121199
-67273155
-432117485
-927079044
-829529615
384464369
-1712239128
218328421
-622900481
1558802054
-89017148
1196225537
1727186307
-660636709
6230320
-1714696336
-1288041912
404203215
1089809961
2095901246
841532851
556864299
-1616041930
-746506779
2113958387
204414911
1919644860
1318863253
-826630025
90760394
557222545
-1359021770
1271522976
-1090014050
-1961426994
1791021229
1823498680
144343684
-1870974744
-2142642338
1474692641
1044272092
1111868673
1607774193
1886924241
-629530744
793748347
1792460889
1534007805
-1628520565
-979685682
1897606674
-40018924
1457641708
1912592539
776628905
-1001891346
632610272
636642049
1011864705
-430415547
13078055
-796957906
1606688723
-743309725
1649908150
-1697457865
-276726794
1413581341
1474644373
-486477524
1342554336
-1285741825
-725658870
-563003033
-1031048980
-38763064
383138039
-242279900
-687172899
-1020692200
52027264
1769388630
-1545689054
-493698969
-1649789456
-1216315976
-35699877
-1124677063
1129192157
1124620321
-1936915685
1522699663
-1959666039
-1662963172
130872559
-818656608
-601815158
1858665143
-1144478561
-1222040887
-846905939
288064155
-1406575693
2048375745
-1934721256
-1076923299
776557880
-701144560
1082590126
65666578
1784539587
-827957567
-82349386
-53805016
38401974
-747539370
1197887166
-1323510413
-1040708671
-1443252485
92781501
-825227130
487591339
1765880831
-1402928265
410815044
-1059818158
-1435886465
1928690725
-377012810
1395608560
-1290573981
2018030932
2146692381
-910721633
-410444146
188485389
951647307
-1996800226
-1114649776
1636572981
1391160366
-1377530923
-384453089
-1334539977
-1536228435
-1126629354
-1182012025
-389600289
-1992314442
881234853
-195803042
-1381119607
707165335
-1318913926
-1244604613
924552826
-2114088307
-218390075
-1972078297
291903885
-1630777446
-107956431
2063304597
1490283281
-415413093
-380274580
-571552369
-1805099535
1786629017
2102711527
-2080227790
2098433813
-1044966050
-1365165094
402923100
1072617224
-196633525
694347914
354981283
2039790043
1542125673
415772366
-2100766072
-1070763704
1096618173
1628408782
577531371
-273189607
-168426017
874217230
258349506
312845770
-2138983987
-176394326
230008581
375586157
-1804676868
249373155
997883628
166062797
-677435216
-645758759
1146268508
1518058198
1709391500
1431814298
197454494
-225004492
-826182292
-2046026661
1787546193
-1108358855
1406247794
-78138108
-1383924318
2146894851
552826207
114381809
324494009
463212765
1429680931
941037046
1395485558
137005797
-1867138634
-207076700
-109519524
1015803631
34455080
-370224182
209460429
50026665
-1693864457
786133310
1318352759
-111841793
-1202536288
257877213
-1394859506
-1343152959
-1991569800
490228431
-66986693
2022968961
1550958779
1665106447
1321301459
-1025509695
1867624165
818389290
-1603824564
-104587442
1613495616
1378710342
-1518432404
-128919834
412455102
190988645
-1402390974
-2113886688
1146579976
1870883819
445367642
2103799437
-1001436714
848533597
1072855851
778426393
990840960
1215461227
-1503100972
689549495
-707872043
1249666863
1357452295
-434494915
-382832085
-200575561
1887451973
-1627069813
1266816439
296191936
860837195
-1539325453
-2026710242
122398660
-2067965237
-1778631724
-462998453
-469581513
-769543841
-1739526776
-891599229
-1535226868
1488177850
-1489430657
1491156662
1601023101
-948370656
-374829908
337778454
897927948
1837986583
1021621279
-248733203
-527390524
163293278
20545778
1365896619
14349252
388135454
1898677353
283858494
-219291651
317156447
-625574316
-268970074
828295226
1407669949
-247853128
75724232
2069781344
1044267611
78410670
-149631615
423582199
-1399147754
1103454858
2051678974
1483548648
-1746939907
-1521384642
493912394
1888695944
1172119297
352390912
-1766539481
1883409108
-2129016856
269126443
1100971298
275964926
-1457745273
-1138442910
-2146799391
-1475262936
1534661680
904478203
802066879
866512238
1300086888
551767193
-1823475046
221769002
-471478051
-2119906534
134583531
-1774911630
-1800587114
494240436
828891414
-1937225499
106174060
2110723930
-376213502
-445442905
-1027450184
2082098532
950067692
-261698391
-1177316275
-95910546
-1048740232
-766528979
1939740840
1630442111
-869484023
-2102125943
-469238938
1144278637
990657617
-1073466326
862947573
1698599040
3750955
-1682794533
1515468942
1777298006
-623950681
2037262919
726157666
783470341
1587918694
-1688596036
-700285165
1925974150
1035116584
-1884765135
1173008741
-319119536
-40981085
1187737994
435364661
-392980413
1325360022
79121945
-868494167
-1319752505
237623836
1205240168
-1868807000
252797237
157392453
-1387086539
1006851468
1134697845
1605142498
-1732001603
1852066070
-1406686233
5085343
1160531005
115541922
-1144601978
1328953431
-86751051
-1306450277
1362197067
-2141298013
-1992874002
-89103824
-626206513
49912244
841597118
1925611079
-1397567437
-1903709598
-875877493
1335476914
-673588925
-1675768444
-1509399795
-1853061472
-1986425895
1865749122
1588768087
-1144946859
454416767
1074921255
816124183
1092208157
-946811304
-1481613125
-545957092
2000210301
599587903
2001554000
1576106008
-784753236
-970394576
-1654023076
-361617753
-830185407
-1315016218
1689579912
353912207
-706108627
1926634950
268043462
-107330999
-1122692374
495651067
-970791767
-1399100480
264752116
1745307617
-1409513488
1004481879
207491960
-1309323610
-2084137117
-1253673423
1932224331
1373107246
-569016094
44421291
-1619846883
-1102758089
-782620742
1550249517
1249044717
454975934
-557595078
-86987998
-430419265
297895584
-1989815162
570216260
-1219460211
1004033411
-1462433622
-952955364
-277993094
-2060431114
2014036977
-1009447991
-971009203
-533171498
764903799
-1166054913
815977244
1016179443
-1072293379
-1430249134
-577972153
-2049563660
-1557991172
1594010292
-313281368
1419080311
1648451324
-615072452
-1810136824
448926332
978513189
851354665
285775060
-1045506301
872232470
1744728357
-598670065
-1602146318
-481525771
2125827789
1920114314
1088907836
1075667910
-1507821712
126996307
-751808960
145298944
2021168150
-1252445334
1557381230
-1590352803
-188446780
1459140794
1532119088
1386265841
-313824514
1834913351
-1286889210
1654051454
-1224623219
-1330425181
-1626686989
-1798458874
-1905326974
-1228524122
-624441577
-634266208
1089962618
-1750269603
1573341597
40059023
-1771747294
900152898
-2138623530
986255504
-633297155
-1298995539
-543588442
-1510870926
-415244187
1328831883
-1696725730
-751097876
-1525521714
108698700
-1480380566
-485292886
-229894318
2080623649
-716178963
-1932019544
762938217
-2001355161
1211592618
2039826883
-1314012425
-981403554
-1369940251
-1074108787
-1603821941
-761510370
705831689
453325920
-1128578587
-604895030
419539148
1667656373
780293817
-1856523259
-582479727
615141302
137136050
-1246024028
-693202164
-266573295
-353980487
-1023866203
-938374101
2035547150
862927222
1405732960
666292276
279223267
-1974308074
-245131012
-590237910
-946897594
1555159630
441537571
-474396043
1476870212
-1016748896
1658230009
1400643777
-1038001839
1433929693
675557961
-2067401691
-907188577
-1259469078
-1491106303
1102802568
-237238606
-1177958714
993146848
851519552
-224132044
-1553027125
-4227219
1398404347
-785519867
-598745293
-126414550
1721932514
-1426367850
-1823101731
-527619318
-760260613
-754931337
-1309718191
-404589537
1332861390
1765584429
-1047414783
765305751
-1491825845
-809254583
-407524911
121905897
-1121821462
766528693
-1065747495
-360833206
-308253932
347896913
371777129
-1585070490
-139385151
-1368529987
188344397
-972527028
1454302305
-84595336
-1790207407
-12818263
-1826228993
1668359977
909317895
1297887544
-2131448412
2087042877
-857140537
-1713621128
56230137
2032977841
2131181558
-1748558944
555847471
-1221619152
-50742389
-1242073392
1822838819
2098575712
1664892367
-324684152
-481084484
-1341740168
1647514467
-1405895843
-254045033
-857683435
279716487
998715113
-1713719066
-299748530
1259634841
-1277246205
-2111464043
1852606469
-147629094
1042144303
2065061805
-1135721600
704855416
-1253232296
398219261
-74352585
2135877576
-1027171652
-429769482
-201783825
-246983470
-2056454617
-91988265
-1168990969
-308504302
-307169693
1717664265
945103633
234598013
-281682962
-1040114741
-819442525
-948999231
905061613
1830925585
1894482031
658713553
450973792
-2076543063
-1268820079
-1595283040
-2096312169
-1797561952
607538984
1599394860
907323621
-1384637725
-960069849
424713917
381137554
105941288
203385453
875630958
-1150894827
-285983218
-987481070
-293167636
-571671166
67904386
-545520125
1175583869
1525383489
-1243084187
-1792092976
2095453508
1535940608
-2147221653
-723538748
971553218
1353672938
-1500280250
2113979445
-1259933024
-1642387688
257899266
-731869410
-1501960789
-380855993
-1457313358
1296265194
-1941596129
-1721243444
-2040312756
-1490607726
2062225703
268692420
815056593
-1987432727
882614436
-870097265
80320945
-1260188874
-1781314003
84131966
-2046930324
-375939069
-308497322
1353762762
1090495100
142566452
1411435573
-976838457
215482481
-980987814
493448481
1471966298
1863563102
1722827849
-1218083651
1152627112
-1490286477
471183847
1974094644
-1839155440
911229675
976462150
1667037125
1214969434
-1697778136
327180789
1348778369
1088692272
-959995365
-86016621
448591955
-1368956212
-1694791191
-1833386076
465314369
1918494706
1179815115
2111268519
-1817999120
-673137119
-469161675
-1394421145
-1609493651
-2135973627
2059603514
1317225361
1949550634
991384879
-1459888338
509247622
674263878
-68056313
-850522740
-920554638
137620752
1853062400
1832054042
129570205
394577101
114277646
-2123536822
823016448
-927050823
-2044533420
1182984931
1754601755
1182497867
-1649532894
1069322464
1713014789
525834685
1209907998
1852077976
-1728678716
-1852808245
1623800256
-476980450
764147166
-436483398
-1916953853
-82282006
632875824
1672548251
1094305369
-799657800
1017132541
99917008
626021342
333705392
22470217
-1461034289
-538893360
-237145146
1403894120
1066056998
-1454343873
1975866211
-271161903
-2104351810
-2071426048
-247372475
-1036275657
-1796985757
237880807
-1471839582
1909634522
1247715459
1388126004
369171859
-1649715175
178367285
449793613
-733591376
937153868
-299998339
-919421267
-1050209033
-850617648
1896691406
-1690729700
-923768335
1420207202
1912731599
-1481132256
1886895127
-805831504
-1326738079
-536738893
1562592625
-104385747
1940504033
251870005
-1226136449
-930620636
-1488784726
142295203
101188957
-2014353392
-597045283
216575497
-1276102367
-271910102
-207057821
-1463685579
766140295
552334914
-1921649101
-826688083
398853840
63596498
1021800144
-1743370526
-1900485146
-1227250609
-1259885547
1658932644
-279210813
-1384341310
1477591348
388701656
-1664162028
-917708137
-1496304645
1241592169
294243609
524294325
1850876505
156549500
-890642738
-1637502514
-1983333343
387757799
933164367
1605829623
-1241213683
-1363038750
1408005752
-888546950
-491613436
93978879
-2126432565
-841058581
-1812300641
690425687
55645590
1254059641
261712873
-1155255803
1642706773
1819989125
32123238
394990808
1584267860
1021421944
233419606
1656251971
-1132838504
1815317713
-412715718
-1055452520
2028802559
-1708520068
2087515031
-311984523
1068465574
1022897002
-1427312647
-1709476738
-1319573110
-624435619
-1514256070
-1936278964
-328091279
680048131
-1596122108
1773109412
-1931358710
-1837111482
-2077694061
1758012139
222708051
423320290
644528831
-107550247
-339999430
2106495287
472034617
792446317
-865908601
-1185321120
652028180
89600544
-642136584
1447446915
1054132359
1339997533
69755309
-2001879446
-2119316495
279371055
1359132870
279197778
-1033606116
-1401614532
-604141750
-551672061
1213697221
-392137999
1594558538
-967489760
-2115136677
149246718
1104852037
342526656
317285895
-698134011
1043071438
-1293584580
56743660
-1006293363
1459227756
778767434
-1163001937
-183741892
545277377
487819338
1975341369
1063886917
1953928429
-2006475296
-1569039429
-1339017442
-1696233420
-276631870
-700214542
-469362314
-2099675939
-547168302
1416991404
725742182
-649731747
273029742
1874241418
-526096154
-36178507
275926791
-1519673338
898545282
126529047
1006308592
-1833293385
-1770031796
600021967
-1619147912
-1107476781
2042222868
-1529151392
1182023738
1523869686
663406550
2121232109
-838844750
1648285217
-891124365
-922247205
673701140
-1883268860
-1053759836
696998579
-1566307752
-1869056641
-857915605
-1102669236
752828825
922558566
227704650
-122138840
-1009506657
418963844
-1205128071
-1281334242
-312420422
903668450
-1399824046
-438900423
1889339601
497922121
-1516674865
-1229944608
2064530361
2020256516
-1255520072
-28136650
880191947
-2022541847
-1598980266
-1784943677
1236316848
1844682138
117209196
1550566739
735175806
1451819272
-1150890649
-1000433634
-252841720
1343602232
-1561975596
-1748931031
-796711823
1659676489
-2136433391
-489479701
-736153342
-1786018891
1495445063
2124335922
1315202109
-1913478697
1858385815
185964103
478452018
639990956
-631264365
-674469552
1372093456
-1612088867
-1782345745
-1574700043
923726590
1638138876
-1600535433
1659389254
446283819
210339086
287851843
-18979876
876196131
-815594167
868899882
1267098685
1614671716
-1589087714
-675383948
-574060155
-38844879
1493815673
95423442
-912524223
999911845
-1327372986
1197465490
1110377374
1387383562
1186005815
2134633742
-1208537918
-573839765
-1482218300
-438577563
395445369
-511576729
-818908301
-512904083
2143635220
1400898375
342349145
191529704
-1602770291
-1589748141
-209240609
1252563957
-697719057
-169295264
436586185
-1906968888
-2113412876
-990570323
-2003839628
-1999954531
1898388207
1942348016
-301608866
314773225
101961708
1038194603
-965596949
1603501522
6151445
-1911968317
-2135966362
1422140897
-9773738
-938416814
1904596805
-1843714570
2053118788
-1124456517
-1416672848
-1642097029
-1767948998
-370792193
-1265208252
1299369692
-65073211
-202937266
1265118739
-1670115786
664539713
607747553
280747247
-1985381554
1278388675
-1563331066
2062499048
-140202044
1118772793
-838133380
1530436626
-1782037881
1526580688
-426300672
-1143304565
1538721163
-706215275
-1140538841
-1643094341
1250749113
-252643746
-1853310098
1008385501
613205031
2112819435
-515664497
-733448002
1324176265
439213127
1467437077
-1924188987
2099469542
-4871308
-1943789774
-419137229
1890431118
-988999866
-241432368
348620970
-1891409846
-157141617
-1089814811
82890483
1385403349
2001245820
2146454283
849602299
1405726859
-719743938
1784831823
1772977438
-1728067488
-204672788
-959356856
-1629056601
-1359707117
1871199911
-95716245
-282402921
1291386018
695381502
688481438
-1014469723
-950126592
1816977044
-1078625782
1328185222
1693531397
-920480256
1737983284
-354249362
-242224475
489062644
970738255
-816449579
1104166500
1881563808
1104252619
-234940034
492181001
2030589528
711222321
782100916
1980528785
1772619635
163105842
-828200746
1832944230
661980022
-1416689156
248709398
1541214416
-1465808270
563885263
-1591646339
-2080855893
-792493654
893444048
-1045755599
-691104678
-1044419464
560065309
978372858
509046011
821006192
-1697328608
1420038402
474251996
1526178245
319949608
-165118756
-1000023764
-1126715157
-1862972363
-210264121
-2051954443
-1126753666
-813905645
-1947964622
-1230266551
67813474
938852009
1024457091
1049709243
-272114902
85319570
-54935277
-1064670191
1535577789
2087089644
-214862979
392896055
366060854
-597733776
443616536
1131219317
-938666996
-589512509
-2125866815
-429124124
2140614514
2122148107
930573277
-1575530211
-1863864320
1227450052
857202333
-1520567500
1368518291
-70372141
1916322948
778825444
1582037616
1551331034
-1742952154
-335030005
1825467823
832444366
-1244326607
-547818664
1219666902
688731591
2097766321
2101425730
-1263847740
1465112343
-92090481
1607743035
-926095920
698995869
412799322
1547837477
-1185133775
-861018790
-2010102455
2064746757
167183263
-1313286332
-2053822080
1190790389
1161112634
-1679097510
-30006126
-2057520801
-1152755029
1658209016
1741796423
-2122883481
1224438664
-470277012
-1423113058
608265129
498139900
-1017320248
-1500466412
-1784009692
700709799
134070521
1345847846
-1008036491
-1214447677
251207704
2055291157
168508999
-2128832377
317083904
-1017746456
451166217
-918224945
-1082551008
-1439610953
418533346
-159096836
918041745
76447525
1487436513
1451798041
425244522
-1277721810
564457849
-143359426
-1327701933
1107506210
-22899156
1574867513
1018707032
-810969360
-479706235
-1183075734
-1515234305
-146335065
-292422326
-1645379347
-657913445
707801658
-1843429134
539893502
-1226043166
-864139645
-327751340
498310297
-1529254979
1917535370
2067880353
-689178015
836495455
438389766
-1384979564
-2057509438
797154457
-623361501
1093541095
750818137
-1286292885
-25998203
-1874388984
942365586
1773574621
-64194420
-1439648756
115080594
149490703
-1040379175
1197111268
168995928
-1869395057
-1781173487
-1615565619
-1939256802
-404677142
-526434336
259107853
1575581188
-1101530491
223440704
1098486747
79908848
-875083091
1829603067
-1987913826
1934759599
2010388203
-1431182994
-539828390
-1085668256
-267274852
-1396376945
-246470041
-1380119279
18763457
5900592
1194699107
-1034263638
-537704172
-1160812412
900481897
-1473844983
562492507
-1622436382
111606402
1831528814
-1944189697
-1209678135
1789354843
-76297191
1140896991
900946723
1104110648
781097265
723557729
-1899778099
686583592
-1215661592
-1904632118
2041058647
784313210
-253716773
1841916111
-1682051320
-1323646353
-1315899202
-1612810132
-833798620
-1766833360
-509980872
-1200054541
-1762779792
351392258
-202587637
566388327
1707864309
-1874487625
-917098377
604759818
-125481468
998219367
-823622944
1071964724
-1093410950
824386656
1061221038
37566053
-1357395387
1354430042
1126263924
1695547549
-1063889370
601319406
-1589940141
-2104557845
1744035512
338921801
-1054993248
1376323652
1684885680
-429222628
-533786940
-568349290
-640305307
-2050897450
-2085558684
-1064478693
-794780013
-182836715
-564742463
570325234
2055883867
-1570725799
487072352
1234542058
66787213
1275798010
1400790253
1222344609
-934060502
1050340700
680357723
861494477
-1239293917
2046652256
-377808304
-701679911
-669089177
-1892230115
1979120320
550290355
-589316580
-179722545
-1990339369
-1910167324
702627883
-1677130481
1814833436
1502794720
1524006146
-2085359292
-1608353837
923665311
-592692076
-1407623079
-723528030
-2036476053
-1203215708
1289592495
2011020406
-1980958981
1011316547
-1249638315
-1140709465
1291331521
1793831831
-1637904266
-1599372711
-1719639168
1248433885
-20984814
-1871976155
628048928
502941616
2144826353
-891308039
-665403
1440499083
1781830099
1030062396
756758557
-1611714933
-193868564
1648087861
351364089
-367026823
1481345422
-2031390803
1878807071
-1750834168
783994920
-1339369006
1186999901
1650369882
-1486672018
-1932370339
1546201569
-423455544
180358617
1229322743
1926261704
851893474
475078226
-80952872
-1589184780
-1414204748
-640881623
279163569
-1027040990
-1953179317
1767617099
412355020
-1119471814
697506167
-364121676
699632752
618138345
1365766609
483752738
-1791532663
-593648276
2024997631
1033297930
-945266296
-283456593
-2035352522
-71008561
-1210974072
-2122481770
-959116288
-1933599183
-407685454
-1624585575
708843839
-1338029053
1206586081
-1699406442
438044785
345764641
-1450138744
-264742430
1064145204
1047125151
1593901523
1346688928
-29136884
-1600253883
673893132
-1287389866
740933732
1715226683
478331968
-791266116
1069902546
-213652480
1783751713
-296515369
-636742753
-209893728
314056494
-661350073
-589077115
-98079706
1103974928
-927166756
256447674
10125902
620490311
2132790638
-1597893075
855203967
-1253618427
-1277288723
1156548367
1548270327
2045365338
395539382
1896614036
1173441863
-539682160
283366440
-671312902
-1793738750
375477208
-1831053449
852232906
561776049
119395877
1298936767
-753334435
-1453978871
-1333727401
-506053796
1332851105
-768403873
123849116
304896888
-1223582692
-48717221
1274690067
1240199140
1328672049
-379125780
451171761
-1477771221
-1738778462
50998139
996274280
2083764708
-1305105066
-2084159134
1887070853
678214728
-1606616229
-126728801
878538841
-2076047101
776508973
-387239228
-79720421
1781247566
-2141554888
800359474
1053805068
1361870397
-1158036325
1272622982
1672707804
-688625835
-1344831442
-1476443822
1768448076
-1334361503
1650500294
1807585551
146950164
-2034095739
1497376695
470958162
1479874822
266775699
-1594372967
-1285621442
-1921446286
158627485
-1193375409
1162289209
-199615028
1081030858
994051140
-46568222
-2039918964
1127738989
1263044344
-884629950
-1135530923
-1044525485
-736282950
1360838209
2013050713
-1598259876
-1808230986
1007528026
2102556411
-753772980
991924274
-944322670
2101056181
-1315775773
1979947540
1933655974
2059998523
-1553554902
1579851943
1065940355
-1664631328
-397715441
171824286
181938938
1819608121
-2145672652
103583832
-1240161869
135148031
-651166205
-1402937755
-894994078
136099641
-827921403
181888072
-414696135
1055988890
-776733580
1870968190
-1889086307
888158247
-218459890
1972261567
1282886427
1483507740
200435755
-2005018237
-853695587
1862260752
27346193
536422343
-1285084456
2130154583
316033415
1307736080
-1541276408
1403547559
1103680679
-1225803344
1832563423
94650109
616954616
1345890631
2064869818
-904450111
280292283
-1364234868
-2075747563
1497349160
-2081695867
-1290814387
863729473
-1119419943
-1386992627
-1584608333
2132326228
1995792083
-1401538233
1669764042
1509825119
-417761139
-806251599
-963435455
-163839514
-2143940258
1516816364
-56552851
641982860
-1100132322
-1220791411
-1446755437
-1451002354
2045140494
567875381
764319590
-1173883022
877952756
-2128661026
334116558
-790250881
