830185906
176598711
-416339469
-1076265427
-1557773899
-405390144
-1109659447
1357138959
-1385218739
653775194
-269938023
1250366238
-1434908754
-579750997
529488007
-1709314436
-1114830150
-1388848613
1201503559
-982350134
-1986241389
-653512102
-992317744
-628505654
345881201
-1773345370
1658681168
1969779781
1766841524
1588337998
-477396641
-207613905
834959420
-1308554383
1604840310
920844552
-695631624
622476299
-1294295390
569498756
495681981
846557745
2104777844
740957549
1512381784
-180251237
-313165765
169305800
-629338907
2052289635
-1259704459
-353841866
-829083806
1576951052
1316296065
1036788381
-1333625218
-45230907
-904903015
1295540231
-1804665673
355331565
155670016
1532643785
1736700067
-2031877415
49916791
-932924953
1206649229
1729222869
-1193917452
1270348983
-620623549
127496041
608307606
1911212995
45788973
1700265948
-164153646
-1913130252
228860065
487780605
1943746802
-1452008469
-2034730378
-1621507296
-1821653568
-252724302
150255574
-439601049
1241192574
-1261420909
-412140968
224673090
1971227160
-1774875064
1657159502
1431786808
657586332
2033145428
1768937050
-2128900122
730182121
-1680364881
922365255
710429256
1576261030
-484510552
1474577685
1565212727
-1418370442
1416579591
-1046191019
-609308110
488530537
2097910385
-2114790729
-1883921568
283896501
-2022629616
-1966806559
1316975573
273015461
709400690
-355670143
-944481516
-715012656
-841128271
1108470949
-351238444
-640494194
-85919788
-125655479
-1396973050
-1134072408
-1045329803
-24372431
-1297561577
1647997006
-1833807197
385252089
1746151538
-1713701555
1623017225
-1831384470
1290133064
1457252480
-1399540657
1435074830
760758419
725590919
-1245871936
210856965
-1623577001
978095799
-661595604
-10786278
-1920001238
2023810385
-1797357553
1109513488
1703206903
387758325
-1301869582
-1892176830
1223644158
-1800687528
-83370991
-2017799062
1861612062
1029668148
1944618045
-1450573632
60821078
518471040
1771301123
1099405638
-1766826103
1920941025
-186291954
-134991262
-1173823103
-1640512673
1783937225
239102380
1272730421
-1574372773
-525249464
-614515703
293786958
-1525352256
1107864424
-1298192136
-2128909081
1851297145
662727732
-358500565
-1434685804
-1273075934
-1180659830
-1016189351
663819685
-204499967
2015300605
487955026
1768082348
-84439753
-788966659
1227582291
-302980037
-1216265934
-591004619
1370965915
1138872562
1788203365
535511860
1031397950
-666562120
-121833669
1812806479
-1666716872
-2142411449
124404808
-1529815612
-807703356
1767833070
-1826508351
1564431906
1714235886
2101722770
219231022
-1041813272
-731065753
-2094808075
849625181
-1248898964
-276291688
132693562
1081182873
891931646
-1667354887
-685318488
-617459428
838016333
1128115618
-14525011
-1066006335
-393461752
-1088313055
-1119560410
-1396946179
128231368
-274065010
-2098320675
-1060487152
-1833750484
25852125
-1976555693
1538259063
-1819579579
737803123
916182206
-582653532
1116664373
-1420411397
203543124
221118960
386964498
820149369
761841610
535627728
444186383
123381406
-1474263785
629422150
790618077
-1615665826
-251602307
1723422875
-1313115314
-1110350401
-1366332215
515288906
-933849540
-879133452
-1313338920
-1853515713
-845881432
-25396822
-503889571
-1407080383
-240930523
-1707755872
412042722
-1009380437
1697950070
664584829
-683976180
1199459426
349838710
2043785437
1666600482
291375874
775404344
-1279989588
-894643761
-1026279590
-889734290
-1663237193
1803329063
527393818
1100432654
-1118661760
-1045578777
-1574841910
-1205672142
1132650321
-127702528
-1598149378
-1020900033
1431826323
1423337558
-825918520
-1717530295
1567980127
1178774212
337768045
-671035210
1031767381
1255061603
-1376680102
-163256544
927518892
-84722932
-633418152
-1567722624
1444175754
1078821658
-1028324610
-1340044408
938914198
-634387596
-1992261017
1828372815
857244106
-168818230
-882682843
208428851
-328851827
1797273373
1628508789
-1522205190
-632049920
-2133099387
-1184587341
-1527391942
-1072694888
1765580846
-441095408
-800487941
-1593540628
-2024108381
-105312639
479063962
-887422001
1256324174
-256262150
593936111
2100152737
-420930753
1136182236
1581027250
260647906
1612867884
-36192597
111122458
-474328057
-1654662728
-1965372413
-1522882874
1481649296
212328696
306221260
1532861152
2045829210
-1825430990
-1081295700
-1980450177
-1367901391
1740228327
1630842557
104106829
1978826665
-252722669
-1033555585
-694677143
26576429
498566066
-1143766512
-464938866
-2026030760
-25370490
1278940826
-202609804
843465603
-962973161
-313731061
121642358
-2056453730
649196283
-1796488437
1434208884
645205827
89086807
1608393770
-858918662
-256573432
-1638547035
836363097
1783483041
-258745836
-1409367113
-901410148
693716661
-2067061260
1503886330
-59821060
1034816280
1545185199
-779270401
815065793
1195515749
-1136650985
1875828023
-802485280
567354967
1659002209
1022280958
915292594
1857636716
662525432
-935829286
-1761102105
1950923461
675930253
-887546365
-1661698887
71758160
-404496782
-247232730
1782620259
-896335064
404522280
2091532133
-965106732
1315095099
1959061558
1291921826
-2067575392
-1690009812
-1330197444
-1466744835
1278542902
-1665165701
221189959
1411375002
1674913880
-963761181
1357804133
1767541927
-53796153
1579988995
-557191044
-1949011299
-1179117251
924994624
463392343
-1161354043
481394335
-1406226199
-147218431
-273915139
-984092046
851034523
-1544388778
-435755333
1631069071
-709776410
-1966796842
-58950574
961194514
-675548112
-1631294532
-895357836
-347927400
2088199385
-130527666
1037924855
464348328
-1278522465
1186074486
1254946780
2044548721
-350049980
926762130
1005108108
-274182219
1429747566
2042174088
-1578307741
672154117
1677879501
195345692
-349763214
144919598
933021570
-663068795
-1268946304
1286080243
1258182079
1834596924
1289972050
511011067
1914885290
1484526103
2009878060
2110813709
927405446
301538454
-1034681705
421080442
473348372
-872065667
1807513955
1303604185
732692790
-364406366
-1320480017
-1850756103
1940429014
-613606648
-1174306393
277025555
1857582597
-1291845077
2103571149
-1243835329
1836989030
-856272739
-12157060
-543557847
-1107642931
1840502993
-2066732566
298098180
-2131267806
1100177206
-336467219
412804797
-501852277
-1279772537
-1000303680
1144611700
713493450
-1104479903
-436697082
-893737433
-75216925
1515784981
37131278
-941911120
-624791295
1916287423
-1804508329
-543329807
975329689
-859009129
-480945321
-885119668
-1014389809
769659270
-973283720
1349669209
334784025
-710856452
471546722
-1990962990
1005188641
-489289984
1934675071
1664497874
2042166768
1319087240
2296763
-1296803010
1098727240
1554662410
-1216635253
-1085735805
-97277616
1398507602
306028081
1064906881
-196631434
375059606
2008064061
599659206
1062123664
535550407
-646626474
1892470271
-933891772
876803369
481248314
-1391253846
-763976534
-1165599707
743268098
-530219760
-1902215121
-1296051875
806846634
-482968974
-1613692996
-470362367
1471155409
998235522
1692840726
-886500768
-398640196
1007098388
1110504839
-1876110143
54252704
-1373650923
313457598
1777524084
-1387476960
1505287611
-1142203405
1431939363
2028171028
312594686
1466397774
1377165933
1792176523
264649798
-487828599
-715601995
34707987
-1326968219
879691731
857119286
284629303
609873350
1890613239
576481882
1623391560
-1213520153
1268722365
-2008689332
17031776
-681943548
1493409936
-2061989941
122166947
-1581618156
23470944
-1860920767
1090449096
1937829624
-995675959
-672785901
-1784584489
1748296946
800186997
328553530
980626227
-1859712173
-817760066
-543640302
1336358363
-1174080392
-584225898
-477867662
2025139180
1035143414
-230971990
-1476367108
-1284503702
1881729044
-1701655099
1500615093
1396119871
-305210503
-664419726
-279835433
329688962
496128550
-569136155
-18488090
-1329746947
-70084955
815024155
418356480
499283689
-391760766
-216378048
-1247979143
411580923
1997324538
-142098864
-179619417
-2141995101
-743965966
-622498305
-1993278727
381538962
869430826
-1681200163
-371312306
2044074365
949568946
-926931019
734650499
-1850643679
1602312604
1348867894
-1452367026
-189079930
-2074573838
-1160181291
-675837111
231676806
1457346794
-578169103
-1172507055
-107106416
738745944
251218487
-251423471
105147049
544489059
1083404871
2079604441
-1395324748
1862922619
-660687465
1264365236
1890953970
-1208937590
1997328792
1073118648
-1060051509
-1223436183
742008854
1777528479
982673102
1250513813
-494272796
1155489430
1123645173
1328547618
-1986751049
1746890581
249224493
-1611797009
-846842286
471285359
-318773994
-1180011238
228369123
2062630378
-77033977
778705078
-1146976596
244351506
-1328339372
607819707
438226150
620337290
-1660168494
-1004932291
1508377057
-1769390941
162194075
1492233441
-1339415953
1190231280
1376821006
1113782411
368016771
-395631079
-1193646055
297260380
-802976748
823297775
-1828973382
-1541914149
-1659837625
-767303231
-111300670
-1016987791
-792091444
-1170399507
-107644709
1777637658
-956558969
-292580167
-514690611
-861232807
-995417485
726005859
-1366557700
-1806410900
-1185068093
1146080374
-1664136652
1956070337
-1278095799
2114248798
-297030999
-2074530904
1685011227
-207047362
1774906680
1259658313
-1515975309
150920193
366176755
2044818647
-761495849
2071896239
-1056609316
1305802757
893319545
835032833
815662063
-419578695
663932128
2043534390
-467302299
-1430931969
-1328871226
694559271
1357923383
2093860416
-1788239292
-2051614823
494672608
406753714
-1836234964
125895122
337519719
-1460698094
12485557
-411526290
1512015260
-2080637551
2025266781
-773485454
-1801910111
904518411
-2031563253
2144571297
1800485291
1170460030
-1623806349
533371150
-1277621238
-465750855
-1683548482
630100466
677333862
506229075
1158264425
285113791
376659274
486793694
-35120020
488135796
-562817306
96534365
1423248543
1118330419
1693428496
1380732146
1435584345
327105552
-133827444
968625883
516073306
1148504619
1680777356
1016528031
-429606422
859379456
-1982268039
39019139
-269994687
-767054851
1081307635
-400398781
1718153513
2121646932
2143608854
1709073150
-642234911
-1077049582
-161318657
1877905521
-1334577852
-1745506960
2008073358
1533110632
171967018
344327785
495378796
1470268784
-1111746034
-2002858356
-176733873
373807569
-1405913871
1344396051
2016503164
-1329752646
194006909
-582356173
2124701581
-1269363266
1678402412
810412725
-1799218572
-1698796929
1419379242
-1383968315
1497345983
-299626840
632272313
-1706701303
2091863325
959047712
1330285524
-1187942155
487878176
1771446395
1283813207
2076680029
-438604220
-308551500
-178900003
-797876661
53065519
-180347879
-1782630486
-1874650862
-1693708486
2135660166
-1302413365
637482146
-480457681
1117428181
-615157125
-128056290
-661393836
-592572780
-1171287095
34075307
474965928
-1402409991
873654390
2066216587
713167724
1327510290
-1322425565
-2008440471
907813348
903014720
1803485099
429351413
-236454818
1271055845
-1009028915
-373110093
-326965901
905807708
-1700363250
1445589520
386455948
-2014174423
1150836701
1735016374
1904178087
321668465
151322615
868367136
-1769743781
-1694248020
-386624499
11087728
628881689
129328792
1662035107
2015148160
-2016704076
1110699888
-901504454
-2054058698
-1231965662
710081629
-1037385039
796269340
-209962364
1324109869
1598968039
168478511
-1802920093
-627392190
-134819163
-935532554
1348699196
1657770956
-1086543685
1684982998
-342930882
1101447994
224005480
1592288932
-968175791
-533598483
-1607756546
2001823099
-473458342
-835133906
-341470010
-78716976
1708585405
-521547934
-1375824864
-2090084669
-1203915485
1927480956
-1263719441
-1844106313
1561254780
-1734193486
140113971
-1545151708
1406663751
-201432206
1691123702
-1777233749
-799321328
1125741719
-253479060
-461576086
-2025387974
-1032111657
-132317099
-960761455
1745994238
-1577825920
-181351258
372164149
-1759460941
-1210866077
1918781287
-1308275612
-757329585
420657424
704030686
-1534823304
-711359187
-2035603389
-682421523
288393392
1972344336
-1416805219
1601449656
848585212
932009831
-622527594
1469369482
-1048144361
1095044562
1992721842
-1859990279
-1270156581
1489709540
-214219790
-1272995257
-1694508336
818129706
-868581235
891032843
229398277
802434924
-173996321
555298575
-801312221
1049702962
-1242184031
2043834492
-16076610
-981385079
1593374298
-1097616588
-731333906
-1120328442
-2065798891
-218144641
1248496414
-1589620725
-1242887340
340778216
-52578781
-610467768
54049604
-1326887319
-1953521520
1054601093
400748593
-608231227
900248903
-950040675
152167739
1063447605
829157715
-822156339
1317092170
-909598138
692246773
1337795118
2071610943
-1809439487
1693133308
-1209677440
-620136085
-132993972
756866905
593708840
851027780
-2039702129
1851021810
-940521093
-862517163
64141721
500548278
-1004996036
-555270794
65520837
1471937009
-804823709
1159905597
-161084072
389457889
323639328
-980452172
-646286291
541082248
1744839710
1218671435
-1842029677
-1655825213
-355912949
508672528
-1873403787
-787885413
-209795496
-791466467
-1398668868
1564780250
-1923825859
-408969648
-1839359504
709535201
-1711674625
660823105
-737587419
633643448
-625324171
1208510576
-2098242284
1807047526
-925156408
933866942
-1626448505
403664259
463544697
-205914082
2071556858
-249115637
48986536
-535833972
-1463944833
1545203060
-380421486
-1725835203
-1518804510
-109317887
880583003
1255146775
1799625484
-750102952
773149709
181903715
2110172588
-221373870
-2147213344
-53975872
-516395501
1588677906
2061490107
-1204040614
-413898657
344946008
2065110778
-1737547684
331573979
1322800407
-141890447
158588066
364532390
-448666812
536523185
1244754099
-2111963503
2088734448
46109321
1588497134
1111034957
-2034098280
1278904527
1925669634
-1657945146
1524942523
792711264
-975587421
269538505
1231107757
-2131290268
1799779194
1749011180
225301163
-1403523370
-181129892
2135972782
323374126
-1109508285
771553214
-1373375780
735068548
1334494673
-1134218392
1333600566
-1630359141
-1140859518
1180719465
539677010
1762679072
1707808954
-385617846
-1112054079
1879198920
-2114949378
-1449647994
583543663
-1024367380
718537470
-1900504008
-1673810097
-1509798309
1189856468
7327254
31194679
951145579
1165128846
-1100905571
-614215672
2071476305
-555104023
2058978958
-991684847
1227467186
-271466913
-85599848
-1098280780
1563636857
1977045604
2070645846
-510116790
-1582319638
-2095239445
631265915
560782403
-62801161
879036975
1275234891
-1716329070
2018390482
-167199057
797687372
1694466375
-1515878205
-2061607047
-1930252739
-420969347
87164987
2115161259
-1751450809
-726105483
1998579240
347769910
1211208562
1984912643
1885640842
-342824219
-1578674086
-1747912920
-1110426299
1423550877
1646460193
1522134528
1378691897
-1998996762
1050562471
-1945338914
-392232817
1017107625
-1536007944
-876222027
-1783381419
1025366587
-891731706
-1175506247
-38870707
1054892697
-979156585
2107752005
650065921
1942085365
818476160
1820546046
1867404827
-238344847
-1620944621
-607474119
1420340467
-783588311
1876880597
1494240921
-2111606424
-1337081737
1021416308
-1220183812
1037977330
255010417
1088326135
-1385858920
864815095
-1852109642
-1983325898
-955018400
-393265314
1882075242
1560279949
1301958572
-1267980446
1871351166
830843340
-1343819752
-430227032
515905332
-359726223
73812395
434429074
1489106146
-1375500776
643192892
-2111890987
1881687797
-1263564750
-344836848
-626177464
-1210402760
-1676203275
622089160
-2143767809
1979473750
523368339
-616224391
218632088
-1393183587
723950510
518693404
1792828884
-2130599932
983660810
1152321576
512687721
-1821449361
-455607165
-1971568003
1029019413
941057328
-134877118
1876069508
-330358282
1906515665
416365867
605031571
38577688
-1371229168
1049874329
-1087312747
-1225845425
486143530
-271412403
-941238039
-1569969337
1933236060
-1836860765
1062799755
1809426905
816157350
-2001353466
-707249807
-1308653921
-237040687
202111141
2115776567
564583882
-1848988749
-1994636442
-1521696259
-2056995278
-1867694926
-1659521254
1584032143
1933386414
537037702
987108594
-1363877689
896248997
-268054462
67640370
1614306095
-1704659995
1567171476
-1504997340
-1239333142
-2047049805
1387824203
1459824974
-1643071533
-943145694
1302933785
427025894
1890181350
-761297240
-1252107622
-979079803
-1808580642
1000018157
-2017955436
841120795
-726900960
1036013798
1498715520
180324387
-1620880937
257765154
2050352969
-776660969
-2094838177
1623596131
-1872051117
179600164
63441638
1988090736
781987262
1466751265
2123874384
-1537502167
1721098219
1179504061
914356059
2027455452
1807343166
503055096
-1301314556
964681430
1597667109
491814612
382358312
-819677381
-199097255
-2146265013
-1550193043
1698364697
-606082205
1462224771
-1108878750
-1760171077
-1048141214
-1762409152
31273700
1913616443
-362889973
190229913
-1894438460
161453402
-1976613392
2103319022
-1220129882
595812499
685500420
-828807656
994094891
998345837
-1845646243
542151906
-2122485166
-111502319
639848508
-52394056
2120100379
893961243
-994937014
-1904837218
385951853
-379812684
624115236
328207715
1987689528
1564496096
1533276441
1178865429
1485426654
2008995604
1930095410
1387014327
-1762883122
1124908811
-614932110
973992497
353882994
1066397913
-1911677346
1188947079
1683286603
1508620607
280588734
547719246
1970167641
230317889
915396773
1903794010
1479813311
332529398
-1010294353
809764284
972859815
-1434731106
542511498
-17750549
-2058103709
484551417
1268042678
-1865524160
-1804088620
1315496918
1697153936
1599870375
-665542385
737331689
-849626740
-1447299693
-1935202756
-1990630174
146573505
-1610649806
436787137
-98025286
-335361878
-282444318
-1910152544
315907407
-695204054
-1744867102
729569053
2026570546
-412705072
-119079348
-216534364
-1797746240
-1568314020
1436881218
1305224168
1239784047
-1352012158
2105247591
505359695
52026729
2102574829
-1126084207
-1439725172
-715523234
989383558
1115859900
-67045747
2047733910
-1105874699
-218603455
-1194014056
292269381
-2022568089
852724294
-1815087184
-228434142
-627124591
108956536
-1754046147
989347898
19451381
-1840568073
-1567528981
1320550144
-398074524
1041302418
-625618990
1188565929
-1175463485
-1237393612
497247446
1789892278
1197005329
-1686868579
-404946608
-887001903
-1092527960
-1058959276
-580527379
-607396899
1803068610
1812153819
1849637334
2085084488
315910207
-1658472924
-1612186095
92062114
-344701532
848695876
713332518
525465971
1328730726
-538559642
161239557
-76277944
58028393
-766548735
-1211948762
-6332657
-1323249214
1113597517
1213547250
1848866468
2089817540
-1527402766
-723752351
-1946612821
1697179194
558306050
-2096345629
-2026143072
2097608176
314892841
784253060
-1142553813
937277816
-889291229
1328920906
729052600
483874602
1424090221
1919675617
1132348999
1847858028
1858199359
-89989767
-1817575296
-1168261838
1188680120
602375407
1765153033
1813438152
767923035
-1758134998
-1942718436
-215632177
-1898508615
2037304007
-2040817325
-38322812
647665520
1541582328
-165063482
-717833656
-277468333
1151081897
-666852009
-1998934693
1381962474
483512548
1437401163
1433407979
1231328540
-984089995
1296765469
738802765
-1299860950
1384651472
1379923086
1472583817
-1372382753
481922099
1717907968
-767701732
-1656893179
1718889735
253831684
-1636760072
-385467877
-130495349
445164337
-1883608113
-305760956
-1051640397
723506743
-983266416
219040641
-137087923
-413295053
811774513
2100697378
1713852518
141982276
127500463
-319722631
1141636075
-551019427
-1135723438
-1887353391
-1159070062
-1232518820
-335257803
-644791906
-1026233350
-1854017957
-612029179
-808845835
2113392657
2023862086
541413384
-1445555651
1558494645
561949358
1847116385
239204391
-839113827
1845599963
-1218082927
-663969573
-822473862
-1182262233
1644821057
824813939
-1745508519
1357353097
-1154239938
2006344364
-1795042998
-777979792
-860862780
-1313464358
-1251778234
-1688319791
2131849470
-695762660
-1757643443
1796466307
-1852681523
-1930973999
-2099623985
-1577992502
1799611848
-152359862
1673826380
2029311280
1826805379
-946118720
-1115329986
1570986651
135876628
1552072072
-384250314
713728412
202603474
-2073997179
72526148
-1346927612
-394938016
1409690077
-661913957
-1311306307
-80751895
820099566
1875771253
-482967338
-1281838676
-1984936829
297549108
1840711391
-1846389061
2145051714
1374509513
289055606
-164750338
-1423912599
-1166812583
341130273
-1211793026
-1140727879
1431240733
-697972386
-1828975904
-612472911
-258618487
-1746336519
1243803950
2135953151
-508785232
2031626652
-1547719459
-201186253
1442294758
83597228
755145739
25657781
-511411802
960656210
1527466247
-430494727
273370294
-2035445801
-1857284842
-516368
-1019465847
65879092
3623796
427294401
964285923
313967849
-914628456
-1211129928
-700663870
768589581
1857577404
1156815230
655521404
-65376090
418306204
-1954653814
-221515740
697297466
-1704155267
566520023
1638835506
-792091227
1183162736
-1292183337
-1314630558
1736818221
2058478295
1126370215
-1620184868
1940788691
1603415592
-974238845
1452103316
-1373897749
1716965617
-1929452165
-1762959117
1507272943
71390491
101956455
-143243337
1126704015
1522106994
151421207
172910103
784556811
-890080156
257169615
1473630249
802407109
-526071800
1315554034
-61252984
-385869039
-1003542942
-93776644
1716516913
-1041165489
1103015653
1270868917
-1684565331
-2053537476
-315292104
235981987
1222951029
785705348
-1986392772
96168639
302841233
907343259
1799586894
-769899924
1781090945
-451939636
1572675273
-929726300
302601569
-907039087
-1105212722
-1226659468
139301191
-1415494619
271528263
1566290345
-1426006033
-2116309160
-1266634200
-1964802101
1559277978
645675169
1885298935
260638794
-1416839374
1211436665
-782973554
-1482589961
-1828339022
-1183080474
-965319393
-1298847819
-1745563196
2137623637
-48998535
369113199
1716207275
203177132
358968457
1650667084
115680098
877427103
-762206686
-374416351
1981217541
-1583836349
943983104
1824155687
137424240
-2020545056
-1829171191
-1167501587
192459045
306186250
-1345376042
-1389178480
331687794
-1897640462
-789358478
1897569064
1358239443
1948470777
-48545439
-1472239227
-517167212
-1016913274
790363107
-1775659750
-1067743558
1785734424
919283065
-582986695
1917309732
1348615838
574461096
-310708864
-646432532
605448454
509508860
449236371
-1910907118
986068499
-2079961265
1945226250
178588507
1267756915
1533598283
460647341
-489840522
1717773328
-416911572
-1049038370
310041185
-1964460378
-1429991734
1428369750
139717898
-199310955
168485590
1776239636
136669497
-799611913
-1072724125
-1355419503
-1489138772
1355729909
2040916136
907062839
-1508124029
-250736042
1343142148
-934511340
431142110
-1844593832
1912062785
-160037686
1765783748
-1592364861
985177372
-1900794166
-156622010
1803536698
1313439237
1048948673
-1801154844
-129224493
336215586
843658321
432124974
474105578
1733018009
-1865472764
813830318
-438450894
1525568526
-508611203
-463824891
830424076
294369386
1644901104
-1458384045
82014235
-2050232098
1477166547
-1495592228
-530610921
-1963982041
-520414507
-933128729
1038754274
-1399964397
-72571121
1530383593
114608600
170900803
-1608483975
1682381283
-2104776854
3621937
826530718
472298247
-1745460242
-814378636
362285971
1075481505
-1183962961
1884279107
-1834776283
245196597
1441406283
161537591
1688282193
1339456227
-1572538562
-691643564
-349984008
-981647085
1083403961
-1613305271
194780114
-1061919923
313306296
-1022426634
924554403
-2121343384
226690643
1935026479
-527863891
-377436954
1845270867
-2053727809
1729709157
305087390
1390452231
2042466223
1028898665
-1960194917
-1553497512
1826277576
1388348848
-2058318780
-867622373
607778901
1550751491
-1739944772
1325772966
1035547437
444326827
1202727819
1171990437
-464807953
-1382807189
280282493
-744337618
-792217713
845769648
-798704438
1189851922
1125483025
1504385798
1547386231
1684412789
1724365717
1949122510
1965384699
-1961013600
-328647278
1143012397
-163665372
-21407211
-1232697242
-527173305
-1897087429
-1244434205
1124100365
-1757473875
700393574
1173829948
-289622224
758045459
-1462148531
1899770692
-1885966494
1346885958
334775552
197942059
-423711323
-715926436
225308952
1466587261
-1596699598
1331986476
565024028
291163832
-2129646983
690705152
-1466780123
-1724275938
-1103077274
648901001
-1040326973
914181068
-752033307
-1061820909
-553986014
1408728076
614749864
1121425145
385012072
-574373402
-31970777
-873222054
-1378936479
-334894852
-560261144
256931084
56315486
-989645161
-1014646784
-191386928
532686937
-1878076676
-1338454056
1725109703
316555613
-208473084
-877827276
-386877659
-421363676
1026399467
-117505679
-121650397
1608780033
-1466890393
1075587853
854753850
-1258956544
982845948
-477189268
1254134157
-921407669
1690832782
-669789479
-1316473178
-1107679025
123696183
-154501942
-1518028187
2120954398
1158699867
-1286853016
-442826956
-1422642282
592925432
542841165
-1969437057
740629443
-481929150
1747388046
1198938467
654552065
-262794898
-1664651780
1220642980
-804803739
-584036146
2057911719
74725348
338486238
657929501
-1248651869
-485496814
-1815786090
-236094692
164297742
-669321952
1970801821
10081373
706006352
-956073224
-578804535
1606965086
-521081692
790042032
80218071
1055546584
1006041304
-1137053445
632119765
-846832039
1134594384
1706744547
2064304068
-1133598192
-996919472
273239476
131804280
-1819344921
-1178503303
-1091721925
-1801109565
-45192233
1822558100
1077080880
1914379218
-1434193546
-620890994
-1548409104
-264444714
-1965957932
467369155
1211989102
-854376730
-568013688
-1743498626
-691902869
48675
-1974417147
-90307904
1379887077
1962390812
613940529
-919894976
-1968402228
1741948276
395043896
-341167437
-1314614789
-504441150
594739356
-662914483
-1262248859
1291605944
1735028880
947566470
-71794801
1822551430
-48499834
954470177
-1985692867
1312126336
-1655294714
1189298793
-1845528464
-1308852994
2053009601
-131447875
-872768113
357340035
-1968192538
-1830187185
598241763
928783136
-2058502221
622431272
2031322184
-1247462630
1159008590
-737511057
-2107520735
380819658
-1278324012
-240161815
1781998476
1430895300
-1653319246
693968835
-1508192810
677263931
1365284404
1912447631
-1259973327
-261544285
119887963
1682315660
-495182684
1454686104
-251195918
-1735645142
-277963966
1634003198
1803734499
229423820
539019678
-2054423192
291620038
-1722926641
41644669
969925309
-1145153862
-1914410806
1658477261
-1103543016
-967243144
746354199
-611355434
1661017072
-806841948
-205783406
92902063
516873593
-1393458586
1122372000
663702514
-283376567
1197971001
862273906
-615118158
1637337917
-1490845182
-1651840117
935883693
-38780004
-1403667612
1512465791
-716268098
-1340855939
-19939502
1653680636
1461570708
424876646
276999653
537371150
-490954072
-621276618
-1741992081
971458206
541326956
-36416956
-1206855985
1961809467
-2118912320
-17885497
-851643130
-1272601828
-650663255
1223736951
719917578
584793445
-592848828
338053236
1699069658
-1098842711
1935109880
832851047
863941842
1664299952
1629262058
-455159578
-600902080
-1361052295
-1832142923
75342877
-425860042
1364593282
1922429018
1837832873
-682140255
57003846
-349805963
-845850425
-851559526
2028203270
1016239794
-1221031507
911851259
1224987084
1382297726
1258989879
-1366047947
1517147308
-1390932224
-750271546
-1482241439
-1125887412
649726282
-47722395
1171797652
-1518367321
1359198667
-1112176340
168576118
616585485
114822408
-342891031
1686543125
322292589
576489355
-1854530308
763593974
175277526
1737258779
-2129113471
-1627183507
1087524155
1479639852
-1465565772
-1226750674
-10945418
1156599961
-1305494383
-1494649565
-1509944689
-288412528
-124998213
54574719
-866623171
143127245
2079637662
-478473966
-960913492
-296377590
935545815
-381413153
2073159040
-1056876107
-1403131438
-1377286165
218321433
1828298723
585546676
528755031
-115448808
-210090364
-837454212
-731033168
1256965410
-377863976
-2102288796
-523665274
-1604284957
-1585958367
82482317
-1401043141
-1048295850
-510287206
1819302618
535349532
1807754818
-1711534169
-1577438693
158886069
-1379706361
2005289805
-1810467218
1046247008
-1528803430
-816062749
955342305
-493013985
-930918451
-1865194231
1836481884
-1040858453
-475863085
919342809
168507325
1346358220
-619780349
402507868
1214151492
-146866709
-494209828
-1446858688
-1498648270
-848286491
-2047999160
-237775161
-1986329684
-949408735
793780517
1553889281
-792830492
1486075364
-1679527680
-965335748
-1591555463
1239348195
112543779
-1053060677
-1221880802
581467417
-11224623
-178850137
1676463226
-1026106149
-1158409521
392184386
-601875121
-97716440
-998700762
-356612510
-30210083
-780214715
-598760409
-2144642532
602879624
-2082083447
1998856367
-1801575746
-920402760
-1986314891
-73378388
619608067
-977231616
-1594047225
-956539681
-474212479
-314348159
364035151
1189774307
-451011739
426214032
389026882
-1990014611
495085667
-520030314
1210193869
1884449492
172066535
-2012948936
-1391424979
-193444396
1106926480
-2126586953
850450045
1207898766
-1274252578
928476312
1904485520
854768082
-255929303
-1210933625
1971414784
834554785
168595412
1641774200
-754338169
-189507091
116358339
1648158990
2004258445
662420386
-1013655287
-1340357824
-2139701503
1817639913
-1485913626
1897673017
594028395
1239218602
1104197360
1372992896
-903246014
1042119507
2113182863
119272025
381759354
412400344
1260974509
131481450
1609154913
1090334202
-725603154
-1268615776
1734420139
1279200970
1919185822
-911829677
-722403637
-1766758288
-2081283159
-910218585
1205517699
-203903960
1462688719
880579638
1221990078
-1945431411
-656802089
622563307
-630598755
-400339686
955179140
2063544880
-246127409
-420590612
1388319238
-957306037
1950008869
-544662580
-938049101
533430021
103384932
-1011867539
2046190070
-154987892
1809649245
1834036977
-1118368889
1591260314
-1115462085
-406434639
624578268
-1159232555
1325084699
-13167043
-2124224290
-870459527
-1665627935
2080051873
951127776
-300806605
78772297
2092398314
455558604
1478158160
1581563196
1956060648
1225324703
1265748502
-215938204
-2086422476
-1381531114
-1658347662
323227138
-1976338316
-1802920535
1616585170
-1206991874
1573830621
165966776
313116500
-203028161
-1977250055
1931261188
1891805728
1706647869
-1276854614
1014593888
-2053827823
-2020387117
-239647378
-1248209497
34245274
2117043545
-1312813853
-1982243600
-2714649
1790942962
1000151949
1809776896
-303794622
415892513
-926083369
-11205120
445495480
-39731038
56385879
813694319
-1790299140
-1230962313
2102352214
-1705640871
-1858806134
-1270065088
647199630
1746305224
164542223
1276534735
-1281790411
175553147
-837062393
-1780443653
1482045498
-646108459
-909523033
-288391500
-1031132978
1046663192
315857662
-1244306344
789590821
-1551937582
-98550954
1756907844
685818493
1051251863
-780826912
395108012
-1851831713
-607677713
-559235697
-1444309841
591009572
1424501138
-975556797
2041714597
-1936186694
303517906
-1333974998
-1265840453
-2000096857
553946456
1613741923
-65458238
82230350
-1978607086
-678401053
655817795
1159424113
155811179
478774172
1880865750
1899828983
1025408445
-74381093
-92993613
2105493998
1705470211
1968007665
1756068745
-1073617198
-1656724525
1439962901
1661165454
-254306033
-512445558
950080137
-862625833
-743352124
-1597294648
750051066
74114281
1760893385
-765688033
725119020
-1028726385
-1948129549
-698244346
1725759958
-776132115
616820118
-1369082093
220723402
1290250197
626998602
531797865
-1288097192
74055768
-85966862
1580855918
1201432052
-864452960
-670224902
952527297
-660833002
-1914152963
-1805384993
-467892629
-996539039
-156197571
-41634317
1625603155
1582571783
1227648319
-2013283486
-1288572681
-1272604309
1996897482
-1214443153
1365064025
-449972217
-96122982
1303404035
504038198
1282984335
-1735950660
38985832
767368573
917729110
-608466917
-73122991
1989694462
-450616591
-708664487
1488935709
1077645922
1184567321
311134179
2099313756
-722353573
658548949
464818239
-1726900591
610720027
548575192
-489371993
2088546105
-40122359
1863513383
-512710949
-1615079156
2036090034
63152382
-392648397
-1988369534
-1959486467
-440276748
-209917197
642186904
1410663587
-1204495523
-383612958
497473235
1387472093
1275260143
-149128931
-830607995
1905377118
-2023107417
183700776
6795598
-190727293
-388120083
922897733
-421324059
-1745945400
388190454
1665721353
889442840
-1325482626
-1846943383
1076255019
1638014737
-1397989190
-765316283
-777996641
214051802
-559091824
1286041089
850848482
-1418765790
-978274943
2005857780
314997911
802206016
-627199951
-1697270793
1885365075
-1945655176
-506149284
-639126712
-833480268
1874514301
-568395254
501823920
2120563896
-29219017
83823106
-495534616
581520459
-24967994
-285788548
-536649672
-2025823967
-102364987
723131673
1662241121
-589239354
900819154
121167895
990745533
-456404750
2109110606
-462418752
1546756772
454522657
1894346081
-1510476509
148507664
-2128242333
-999910592
1966371078
-327518077
-1859980432
-1613197134
894122522
-2123621081
-1446176001
1936155599
21452656
1065137207
145496663
462433290
356731947
-288745570
632463397
-1094582414
-1535443593
1995071965
-15673200
-73641932
-1497267271
670742833
-63749238
-244341148
1457937159
-1204999948
1957174377
-1620463108
1683531482
-1760547517
1614489269
-2048788188
604929282
1045484768
440464451
1624024755
-224302119
1751293274
-1610090366
-22201099
-1963937861
-1903792790
183958804
1824207022
346868661
1666994592
-817509472
-75059105
-734561924
-1279140033
699801830
-1886643257
-1669454688
-679911068
511720723
-1693913172
-886807296
-1271647124
185050454
1515006426
-1028182912
-94571625
2015488690
368077164
-1929864199
1235508456
218270230
1728204617
-874531983
236851024
142358954
-1530797327
300306827
1139312395
-528926869
-1444937863
-2064435648
-1456604088
-879661831
755829972
-1445659441
-486406129
1337883823
-1378711213
-333561614
-2089143457
412814324
-407034002
-427662511
-459418474
-2137268528
1390707652
1305846075
1051451157
1753651393
774485856
1405776787
-151287517
1213413071
626412093
967928072
-1180242927
1105368798
-539407861
-299896952
-1048771937
1774559299
-1401386701
-172637962
-1582650978
1240850840
1596475929
2122311449
-1184856362
-1088833581
547084960
-2114745640
498465321
-134524267
-146414606
-496368988
-2023260936
1635461567
-811109760
-777333708
-1559161916
1287370827
-1707541944
-844653192
-647252456
-624062376
405330773
-1705436985
1008652454
1040194694
1239362188
-1024741286
421873072
1315742340
1257161380
-60992259
-858288215
982932198
722985334
-678065150
-1482495461
1330885179
-209660554
1411115129
714056907
1222772574
915242881
1444963231
-348715750
-884573428
437464
-1244903277
787175853
-952916809
-1227977364
2047453007
-1277483952
198525081
24103515
-245726507
1210220055
-1033884917
1202258106
1329082024
944511430
1331051798
1156490388
2131136381
1794476146
743628362
-688287693
908997426
878748776
-449945650
-669465699
1621849087
-1258928564
-107776840
996218977
-1383064853
2136778885
167992222
-1589777005
-690473600
-2147083048
1375374701
1368526868
-926281023
-951912365
-105839240
-1782029546
-1004233892
573299051
-1911654700
891817182
719223067
-60314520
-837025054
-1061671988
-1133788768
388174336
-1346222804
372987800
1940330577
1589972034
-885274508
998994653
148274064
-616098379
1653684490
1629655259
-854380241
215287489
-1443501986
1948644216
1558152739
1371237708
1412462037
1779721608
-1389603466
1777416871
1285861599
445216077
-1816425854
703851435
-464451511
-1835314367
-252964261
-1334079713
157489871
-646883054
-1865486195
1526615644
-1087619851
-351437587
724331271
-1974379469
1601701910
-1927072513
1226539349
1966042638
-204192067
-1501917384
1648173845
-1739906219
2121978418
67535185
248502691
1024851730
2088973656
1405203728
2112346390
1741346775
2131437750
1960137930
1935846512
-1126899233
-60671022
-1295934423
1458368784
1939519346
-1909047355
-1099419345
2011420011
-1152973938
-1417459956
685017466
-1337766149
1939780291
-1780265317
903798729
1315781494
1385090654
117892151
1275755966
1638195523
1830446537
501308933
1047027173
-1562541271
838019633
-525830307
-1194104332
-1573782711
-1416781719
980444899
699128148
1011257678
-248771314
-701840936
1779135456
-1321893918
141131498
1583333549
-474694420
-877011613
-1115645027
241088729
396053128
307485654
-1373629830
-803479573
-1056715516
-396585957
-1822893650
1455336418
-1273066825
833540194
-783246937
1380279484
1541886972
-1947366947
690285234
1641528140
-29215875
-1949823561
-1324201754
1235974480
-822321485
-567870140
-1430527424
-201613630
1053633196
1680645496
-1918917873
1271103598
-1024784113
-1062852195
1720984722
1089780676
-1199255203
-1389159104
719610334
-1980230673
-1246766471
1480763756
-1737009403
-1699312603
56600682
39242010
-491786636
-9874623
-1711000994
-1006655257
-1886134115
-700164978
-2001206031
2113492487
1083075029
-1611103772
1840759983
1291905145
-2012349826
2034772729
-1703881513
-1030382468
-1618328216
146339312
-1374869918
-1641181375
-1301131148
-669758154
725513026
-961735967
1213754234
1528845966
-1586796050
-43332208
229388652
-922171543
42306846
-772138989
481359803
-40883590
1173801939
328748911
-362721287
2006411914
1652692378
-1582232094
-220823617
-183323000
1424125712
-1950843114
685052624
778048228
2074626728
-656784492
1653468030
1835346972
848112043
-1259432074
-2068482740
-1524679018
-1267611264
-1190219680
-351740460
-844552272
-742694611
1581024945
-1938589718
2087253013
-1056394467
-1625195020
126135554
1767341906
-1736444125
1445634204
873013454
376043688
-1031610178
-427793680
-23074005
1984848163
-576305762
1405296964
1297026109
-383166741
698296423
-1521169047
-156729640
1913962969
-1917899852
-1853128858
-1841066719
-1140574899
-449400482
716168551
526666613
-1985144002
1253255677
241536757
1474649480
-10617711
2027182254
1196109671
-1877579311
-393119058
-491024618
998405015
1921244965
-1832989103
-198957657
816346841
-826085214
213049245
-1604013023
-640589015
1319562190
-623228042
1747766876
1033496739
-739029761
1586883087
-1311028925
-325830601
-1007667716
-29840703
1669680163
-763529828
-998429980
1441192222
1351004709
-234630012
-1315423922
2088509254
855146521
-1833642734
-1995575887
1679743352
-1947045260
103699336
107526918
427593451
541648796
1411669829
-511919957
-1206606881
-1698125214
796462317
1884740234
1119066350
-1392090929
1623373801
-1876621446
-1366135897
1559208738
-680499438
-1843482140
-1431114660
-743964903
1233340584
-1077160279
1833639227
1243376495
1573878152
1199736387
-744558949
-1386483802
-316306530
-724476886
-1228346216
1617724422
-957775977
856655992
-1494765087
2000645604
1555244507
1890668495
2133799887
-958882777
-1042343238
-1970657926
96091066
-705640440
-155790875
-1928084526
719954312
-1080926696
-1505139425
-647764254
1927551878
1655534471
1769347635
972066126
-1448953990
916409250
-1807428568
987554672
-1809624840
23998877
1270342579
-1199096637
-786720524
-1321031022
-1794774292
1605549956
1310491288
1001604041
-1562261436
1663936150
1958685015
-1559723719
1969339574
-1921040987
-1418623934
-537743281
-59358915
272038798
-1207272806
897819373
385105797
-1473749250
-1800262235
1910150836
-1203920412
1685418329
52726725
1611713670
533622411
1074009052
-1675525947
-1948675002
-1079778824
-669484283
-767600778
-986656543
1138113711
-1852736463
-980868998
782186642
773142568
115970439
1369191007
726390113
-566077685
1575598100
1066735343
528910828
1566803098
1126796343
1498249669
-1896898967
886814574
-2058729409
2037509155
-484664854
1618905957
1217431890
-451964413
-1126503453
-1980823846
1465581200
-593032085
-1791677975
906559255
1530029687
-1781320443
443016636
353882119
-1626243448
-1201176850
-599826553
-476816593
340379947
601034958
-1020815259
374309343
-1974186545
-1731007448
2043447591
965578404
-1658079403
-380717582
1791000916
2045395456
-1346407250
1507914856
-2038762896
925136476
518373314
-683354596
-2107495551
-278163651
-1624461677
-1024403887
1001834702
-457693258
-1152863582
918999690
-111158295
-396577763
-1679742319
1563911517
1241714672
43125505
2053237257
-1832936820
-1866183153
-1349580454
1501748189
-2071637931
515679816
419022338
900014703
122149384
569409654
-1401681820
-684238254
1730131930
680089998
1307309682
-1337400528
-52332551
1754763560
-243978788
-1097968914
-962259744
501549886
-469910402
-1164478707
120874219
-659969486
1735765017
-31881133
-784830675
-2055281387
1832326469
1949725866
942061953
-922747355
1139273126
-1311481017
1466754015
1146658199
-1947335330
2141640462
-1184226064
-1009003369
-98506814
-843246796
-122979357
-1042690932
-1829989553
1065330214
-405230719
512403104
-2083308322
1765883560
-1660071297
1179209599
1969984023
69545793
2100999442
297880414
-1344524509
-60800042
-1193014328
-1805730242
1051474853
1727974805
-1907332202
1820341361
567042794
1503987988
1667930925
1658711901
-1204118690
-294829383
1144547728
-1550665089
-808029887
-1302766245
1062754794
1198427315
-48052069
2080612137
1099806876
1878751665
403524205
2090133707
-1857000042
-668878886
2007167272
-188433722
-1797840921
1725939252
-115578782
-1526092508
-1519944042
1163378355
774124487
157760851
-215891278
-171704134
-1780231859
279975501
-767967577
1912070112
1401178795
48379641
-1226764589
-164924682
-291378677
347380432
-45400232
-1674830007
-973470211
-37467965
-932316365
-1678992348
-1516955473
893971548
-2119395187
-49075560
-2028038565
219634979
650090065
-640875138
-1203816704
775600194
-1088561410
1645891004
1055237972
1406333035
1077339325
2016802504
1370805496
41023481
1697245877
-1494124694
-1970386451
1109322069
-1399320674
34882245
1034046278
-1850158693
-1024201324
592137623
802598687
-907476612
579527469
1546986431
250650061
-26277787
28400077
-1814343169
1274851926
-1936802335
-1271096008
1404184579
-1070322141
-16057029
889854056
-1035725150
1028994035
-1180829849
2013072288
-1338102174
1867464211
294272801
-1713827904
870810177
1434731467
-1796345002
-1024394533
1600484018
-655212005
1764993987
822540806
1942693093
1503665063
1620249564
87290994
504539723
1675887599
1498226670
561613757
537042009
1959324098
-1251022713
671305092
-1645530997
-549743372
-240732139
-246355396
-1085142869
-1996526770
727664332
130843970
-2074852526
-1846144826
2082316493
-1276284369
-2013622097
-1186703633
-1873980796
1161360241
-919384185
-577622094
-1938262191
-1082667498
-1394411908
-1622501570
-744518039
831571691
-340046447
-2137282244
1581201918
1508203717
2056141805
-565815993
969952414
202331166
735653342
2035312283
1316014296
313714659
-1986898144
-1415392501
1646966564
520270731
1997624671
-1547074248
1496839684
735029867
-1870596357
1974015487
653289574
-1932480440
-2086390
1917987123
-1509808564
-1988974803
-344696926
123822476
1718195118
-969210241
-2031112361
-1982455842
1452900766
500453198
-1011734782
1748599181
1369554349
-1266880019
901001924
-1617800641
2405261
-1425639229
-568952502
1027204308
-204274441
-1692660637
-1975383983
-1334769774
1865300942
40150235
2067320172
-1596749916
1136786052
-1769571255
1013864197
-1917061179
-1709879619
-1638492494
1618813345
1032891960
915147313
1708684054
881653095
-972149253
-276150826
-1872807489
360912866
-147689669
-106269891
-547161127
-1537387003
615496458
-2131189700
1118951495
-1650120081
-1794830770
-1339305780
147724723
318276593
1556428797
-486501579
2043126247
2038034508
-1351276922
-848940440
1290810971
-1261293762
-117630830
6433451
1471119886
-2004258369
-1708153620
1839449211
-1296768872
-1189164664
1403309500
-2047084115
-535673216
2007534804
592876283
-611579691
1236064970
1311814249
776976418
12540652
-1591405100
-995333671
-946556636
-951345364
975272290
-23170043
2071587486
1086079294
-1291569673
73924578
1780080973
-1833132649
130371942
-1320939649
265338048
380016671
875569831
69577030
-1228250802
2081519891
-1621346578
108091777
1007365449
192361515
-953748487
-1810970592
338351475
1589935614
-1191933015
81225401
-1015278416
1141527461
1515459796
1144224463
1909662461
953014431
-242492071
151455830
1053304736
1558032116
-1328526988
572809334
1332877985
-1604178532
-1070017454
-1299031921
-1117140616
-1404036832
-1213463064
-1857000067
262927111
-591674751
338981375
438523676
1676455626
67416153
-1329720173
-1399271410
157127500
1655715392
-94593186
-199649861
-670347300
-1135894927
-1590653778
1003283608
-787567232
202688940
571083647
1669395628
-2028459222
-1900910243
1061558469
738212432
-476272343
2134063101
2052282888
695430966
912054242
-2028088393
-804156106
-1511217237
845700543
-506388657
1779933620
-1925711840
-665261978
487542079
52022965
1372745446
277912878
562821410
1449802447
-776968648
1426758862
1492644693
-551286581
344486526
-1476161961
-779377957
1144643004
1290301648
-827628189
-1011146367
1084109906
-1783727688
1819334542
-607291838
1665995119
1054325819
-276155099
-1060990484
1063513595
724796698
-110716643
176812547
971893236
1420359253
-118643642
-582611484
249011400
1520579312
1747138496
-1133055443
-102820122
1578631929
-1641553235
-1851216292
-1870010222
-52087864
1894119208
-320309067
1081360888
448346248
843479668
-334648215
-555122556
896913142
-1698143112
387057140
619167088
758885480
1376248427
-1652112954
-1967836770
-635013359
1416270027
1642758437
21463719
855150467
-16719725
-310503087
589974835
-1661243788
251403180
-260787992
-745308022
-1235117372
337362083
691916684
-433496213
1170439102
1550585243
678314946
1843870236
857770910
383468165
1068958493
583742914
-1922912686
-1597406577
1067935899
-305613582
-1426476924
-1408527142
1542092110
-299879033
-1191103784
505357423
1719990078
469153717
1522763122
1640681330
2056567437
1192493662
-409978950
22246808
1953442012
1733318820
-150642589
336820694
704641773
-1414564674
542564776
-1646793894
288284809
649059343
2014260696
-332215874
-585284956
1865605236
-1787211755
892393595
-193231938
-1361911075
-442745513
-556485221
2101830283
-708662498
967553463
2124425138
-79994155
-1834358521
-1034740246
-1752180978
810639521
396374705
-1132238582
-1568872915
-2143768175
363402266
-1347122532
-199549585
-1698531192
-215415820
1024999630
-2080268788
-1672671341
1895059897
-1555339520
-1936240569
1080142854
1645633795
-2031636347
60522723
-1337614107
226543129
-1909470294
1234592214
124969862
1538725836
2032939254
1527013948
-519981452
1048939140
-1473305933
-1278570098
1296539285
1260234901
1293590701
-743341549
-57801074
1490402263
-1473555399
2089246357
1829057637
92060788
-877152136
-547281064
-1791068824
1023269123
327353052
-1182905785
331523149
-1708397610
674729963
164694640
-33002086
-1958841969
1989466179
1902209714
1063253574
1259263225
538522077
1374130101
966772896
-1044503532
-927997547
1649790233
1337535344
1498972785
913326313
937021937
-602388645
1988947136
1979907073
1583327346
605470347
400892327
1544465390
890797287
1426954894
-1202535468
-1973595850
892493800
-654461825
-509343403
444625552
1645049802
378796899
1640205350
1070719979
-435268263
1556167892
667684875
1678473652
-990617660
-1821158429
-718122592
-997184424
-1080652840
-1149771206
-925617491
2133159944
609735281
493811585
652072895
1669579963
650648108
-1254733053
1181387507
538034809
1056802913
1117514640
902854676
1535976917
-109220528
-340686428
1038325224
-1483104070
-95731815
1728561096
-1804775225
-1721404566
-467182863
-1230308040
-1143223700
-1441787452
1869510162
-30279995
1795474191
947869893
-1918499853
2026357244
-1593475150
1444157520
-1093602247
-166068600
-1341505093
662107441
795576045
548778452
1398612930
247654239
950282094
-1679574796
717582252
-1931290495
189956776
1556083909
1681768952
-1857280333
-1198699387
-2141940654
-1231516072
-1852305527
869427363
-382393991
-1458579069
1243236179
163342920
-1465175090
641088585
95633570
1182506898
1279323582
-2121497625
302049291
-940041230
-1500272649
-144669796
-302458838
199587291
1142648583
-1412502660
1747143145
2036870069
138032963
-1056229245
1734231298
1803019287
649063145
330174956
1636095169
-1943470794
-272714104
-419715133
1993229582
-994369641
1948071839
-2145851719
-210392150
2045888524
-2020970108
-1489005257
1266303417
-1961427747
-407786361
-563171916
-229813889
-1822973372
2001380183
118852171
843758702
-198434274
1698996899
822982023
438656352
-612934944
1938915076
2116056193
-113194208
-1540290105
990872857
-745382355
-1148829906
-334486445
-2141206541
-2147445776
-908417853
-2030250763
1382576564
-595562636
842535954
291049222
-2061960590
766228928
-1848820272
1873407483
335571296
-514801790
547982070
-1407495209
1587807279
-1994467665
-375065403
-1409647904
-158920527
1193093453
-2036410102
1876651669
-1296397120
2135087503
153046691
1944625118
-388628387
-1755000030
773504577
1109067909
1705561627
-48308795
-1051737234
17600997
184919485
94553375
-1783391791
1459466976
-1174405858
246524364
-1528718671
616724757
1947054929
1873858488
1942392503
-1495633582
-805486072
-1223918160
2131286007
1731863367
332603705
-1473199563
708491313
-8121219
1890009342
-896978540
-101435565
349865605
465943996
-948571853
113667650
-1018010508
-823905657
-1791646676
-573425191
581112718
-1167110715
-1800860385
-135751119
-550102208
789220369
-2133952189
-1581563358
2104809555
1620458849
-702527298
1929911050
-1604210849
867055722
1055074359
538099916
728593021
953540674
2099629992
-1536476645
-649007552
-458465209
889019000
540111096
-1581395484
-187809217
782666952
-1510396040
892954312
1672987328
166042124
258647243
-727266535
-1790081070
-1618788130
1710732921
-1339186224
-1477993006
1012879374
-1279352339
-763004451
1561648792
-1736578819
456569399
-377669980
-2012535076
-1661594838
-624161267
773419944
-1340408363
989689101
-1604591086
1830523269
-775711966
1572226595
131230554
393136675
997078765
1294061130
-733960659
538423848
698789965
736822862
-338189045
-971645522
1679300076
-387830333
697553904
-1284596682
-152302359
1899719188
54701017
-1030553637
-1515941377
-416300324
-466511226
1606591434
-1419333402
1791037300
209527424
-1339038223
992923129
-984176180
518223709
868321270
1322083864
1039268478
728635970
1939401578
672491727
-1877528032
-1736820056
-297575106
1385402551
-1804090407
1977605987
-168811403
2008571420
-1791920842
1936989152
-1267972070
1507104736
-1857153218
1428346286
1329610868
1440904862
962411715
-2019500481
-212138119
-820781551
583172602
-1585486610
-696697729
1941981367
1441282382
-1586100925
1680756537
-674018895
-835743376
-1672940170
1885398496
126273773
-294352718
251992369
2020274864
1950506374
328024469
-173802342
2048994453
-1758762390
-460223328
650509200
1812782886
1602740541
1882241906
-615442124
-681687598
-1462775940
-1943465702
145181610
-640883112
-1821894171
-648715354
-1508949984
-16867716
1707280918
-1459961095
-1240016114
-177907465
675910260
1078540514
459733183
1561238958
926575694
1788868201
-1040961007
2128572711
-1462078399
1398178411
1643161976
57292600
1713629405
1909570920
1168057416
422808832
-690458744
935644827
-1234701261
1846955547
-776731742
-957657526
2090104079
-305776367
1287468009
1787511135
-1474420004
326362894
-493792737
-287131080
1682607109
1837894360
1582397674
1317941946
597533670
-1816712452
-88110086
-114166868
37763470
-1881257141
409507440
813833537
-628058427
-1639171708
-995349634
1986667766
2121239376
642412882
1179037002
-1311908706
-1472436109
252955512
-302080489
-999598406
345419958
-1142526902
-244097114
-1660535794
1780776940
1486988638
219022554
41576048
-83300496
-34357629
-419751526
534566114
1688599217
199678450
-1440840454
1286556899
-1040603151
-623155261
1801513372
1201421569
-1281459895
821157026
-1480054700
-1821002573
1517513200
1540136898
1824712970
1720419685
2003827644
799958033
-1876341276
-2129010477
-395503385
-1131913044
821245092
-1177352038
1727254038
986651796
-1631147442
1687937803
-1079041897
1814282658
-1282968307
1086097730
791577834
-1974785352
-1187325866
105063031
1870313858
1892360505
-1507788979
929603731
-1848178228
907640250
-350783128
-1616104954
-1926939280
533733369
1265587538
273906903
-2080196650
756281869
1671030289
-297076997
35228651
982280927
867151466
423817195
-1501001692
-1758706728
1712680579
2090540912
-34505022
1206080987
933916618
829935040
1374506584
-312684171
406137621
-881268530
1369009802
1902921299
-311317238
406624990
401278230
889138676
-1686676287
-94620073
-458242280
1116728734
945948839
-466908452
216345225
393380758
1770282405
-361760867
714255368
1730302858
-2077741952
616943337
1675373789
37471826
2101551490
-1648369913
-120738502
-297553705
-1328754086
154547270
-407771454
386512467
1825392192
-1057593261
-455505073
-1517151814
-1274454948
-1470557494
-1529795600
1984344695
983872616
-479908082
1533021232
-671745957
2053569939
795052893
-1500879459
1512200914
1322045352
-565078754
-143270008
445863767
-1595248017
1304696445
62340872
-1958935767
-1163315373
1371519289
1014797125
-643171266
911100228
-1374264644
-1770561038
-211880584
-1530652961
-365576853
-1180788709
107893270
-787629365
-1388018881
-1558691040
1977975916
2078148197
1479630228
-904440320
-1641733162
-306048354
-902861247
1652162267
-1060114966
1525250852
2135545320
-1715908431
-1039390996
-1214994497
2037959566
-595376785
2090208646
-640432131
1748506989
-781951956
-1093053000
315057426
575148808
-1082763345
473095949
1631432184
-297838464
1398661428
-1311041009
-6954530
170195750
-382135441
-1844653828
-108692289
-173025456
-1145228847
1896040376
837880400
-549374096
669126665
1504044806
2009383710
914232418
-312611379
-93919502
148330487
1640728324
1327287001
-1724011375
-576483447
1260928779
-804620489
-151204115
-431252919
1713771284
540468161
-1714489543
-1155317610
-1050411527
-1999603996
-878374836
1194086173
186260838
-1427609178
1997764940
1673717118
1598981547
-508464919
1254305705
-529691857
-2006778158
-1121372432
-1267260339
-761319775
-1390870796
1243703586
1475686417
1970762400
1797944776
-1331339762
1462066034
728755711
409681276
-704276561
-1229886076
296436083
1867531464
1688380912
1083831846
-528144449
-1275673025
-450548366
-875214986
-850336751
1704403175
2070484619
-933227897
-1473924436
-1426840052
-1455544174
1366203217
1282351046
-1072631728
41981273
-18302999
-1779341134
-41641977
-1792001798
-615903503
-1269806271
1868847297
-2057989674
-1767683759
-550967450
3275815
-605047590
-1844434138
-357198056
-1262117366
706134532
734119930
184344700
1711742392
-1976394459
-1174714826
-1879382462
1841090706
-522326296
-2041387564
-1840842162
1375357403
1913238034
1903181400
1269642907
672353234
-579481333
2107369472
1011761244
161756673
332896156
-1828453319
-1319790237
-41777961
-1940980487
1457281365
-663149626
1753036404
-329774590
-843582085
964344767
-805427004
-210378811
-723153698
1326386132
538625231
329851463
-713619663
-1994719433
11766606
-124007549
-1322258342
1701541487
656889472
-444028237
85835877
-2011094473
622355774
1434784717
-497537349
-62609243
1980662605
2134344528
-359201645
-1785366386
-1901927693
476985919
-416406873
15200040
1435990988
1001723501
-52974037
2123215857
-1291517219
-1908790533
1220516090
-997364016
283627497
-79373025
717420818
-1155711879
-1543158781
-1401190106
-1459035326
-282753771
-777484956
-277875781
155303201
-624420575
-816929666
1638599529
-13288894
-851330923
-901284272
-655049122
639006885
-130389943
802287612
1377626225
362344559
1257978260
-1752223850
559324517
1815620317
-2109315018
-208511426
1753699183
-120621962
-2013728137
-267475088
-33574411
-1782710656
-1502933105
1509392794
-114554728
-895016012
-1829296056
1292624878
-685329804
1587921972
795162081
939427193
-420025946
1455746236
-2056082635
905607540
-2132095218
-1962984168
-1198699491
551861466
-1910265259
-634797611
-363227375
1018202426
1901569585
-632933061
-1392270059
-1423605555
1480363239
-1442587782
350462930
-2049701941
37964049
-1326092766
-1477620222
-1427808519
-981193055
-915027240
-822868463
-298167418
-96972763
-1734583994
1900246785
-2077976552
1746691147
155016275
-1868111987
2067012384
199098280
-1241406828
16214929
-397218187
-981719372
-10204671
1156333480
-922774496
-1215267815
-65238293
-1469244650
1813955701
1392938796
6602285
2035463144
-1747254942
-15003973
837751457
-1064423078
1671006987
-892017655
1181459926
-1184667528
1836157333
-1480164842
-661982209
16236295
1544257601
-435833566
-1633496275
-1070475100
2107399613
1529699956
-1647612480
-217812435
1544601014
572721239
1202515995
486608737
-1296945231
-746017179
1334697366
-910860606
-874932453
-1754163705
666714296
-501188670
-1159792482
1684419387
846408357
1169905438
-2002237259
238753176
603272661
-144556668
1967001474
-1661263474
913571846
857920635
803599838
1902483954
770822003
-1278395005
-156201038
1971633594
-1026435258
2086956923
526972804
1961491972
-1884106934
1953269314
-1549136044
1969819740
-1171336476
-992221023
29784745
-956604098
424000323
6187112
-1989302810
-2079741223
-422156074
-85475114
-20353311
1794225174
383692798
-1400563907
913654453
-1569031209
914414853
1479762406
-781663017
-313961341
1632174925
1534777649
-822258841
-1601260606
203131852
-722610431
366410952
-129385851
1842984631
-1465137066
-1131918
-68306616
1969226877
686757178
461702406
1898263707
-28460554
-944299295
-1079962206
2082614749
1094972380
336450571
1748134006
-1381780405
-197264007
-478532691
-2127604585
-892009928
-880025950
-853019185
-496710381
-2102744419
-686598941
308714167
-1671913660
1000774356
-787829765
631210055
1256243817
-466357088
-828102262
1208393123
824675442
861406320
-950534136
625878294
1174265882
-1887053852
803601657
97544246
-1143363525
573978768
34039390
-1590601147
-1225771939
-1061286145
1012710254
-273984294
-490648945
-772181510
1722436742
-1789852992
-1738472838
1157752329
1613880925
-758606563
-988037710
-611675847
-1876505477
-660429098
-823078577
1390765855
236805867
531722802
924169404
1969262877
153962287
401292477
-1417885234
1926993635
1401583731
1387076974
-461893097
1869089592
-1260990715
-488537845
-197040772
1774305530
1654799109
1205866700
1219952133
497470563
-1816763816
-49094850
1429499124
-2015898483
-1692013086
46595946
-933409512
655194423
-756615693
307030582
154158690
-155725623
239288833
49239562
-49400136
-1440136555
2044743576
1686987957
1724552201
-1591852705
348935310
-636531822
1922522017
-307779041
454865018
129685990
-1125113155
395692804
1383956837
1507819916
-1462952862
-555854148
-1562816574
-978860589
-1801443222
1700251634
1815807387
1515730087
724254686
-188155624
-1099193075
-752726546
-27209077
552858725
-898600458
-885785292
-193730097
-1439743967
1583710956
353536393
189211827
613493536
-67375760
2111446953
566681918
-1511727733
-2092826270
-756458915
-223598840
1104753126
-1320204360
-686658271
770385676
-732587443
-552257430
1507972359
-1360436030
-169765376
-760161360
1646572507
-1966810003
701463330
-778515857
1121401222
213301937
-1717331779
-406437392
289783735
1949399400
-2126711543
-290505006
-1028555841
1107522997
-875222035
-506277054
-780932420
1153717080
255930822
-1929892760
-1414898695
577028419
-650838426
1565784868
-98222699
1780314990
770204766
-774949895
-1947398302
-260872729
-1197762432
-1696245175
191438862
1406450988
-648139361
1329580738
-1538099064
-1666000964
-933001064
-1030309608
526358940
1563649259
308023446
-1883777804
1211887584
-69495562
-621109360
-2145531349
1848123859
-1086998954
2135029526
-628944845
-1781621694
530764888
1219378509
-1450328878
1168769261
227486445
285918776
324619799
1544641386
-2040953922
-1392202440
1837014926
-522698678
-1632972669
630129365
-695632210
1924086393
1190958741
-1372220738
2026803862
-1672271126
-2082340927
-1664645618
-628389128
-1117749645
-1198480290
-1382849072
-1620653483
545873397
1684234913
-1694350907
788725610
-1824768833
1424152367
-2013790364
-693214743
1002072371
-1568388365
1044059425
679249516
1215595434
-1073141199
-1652148750
-1147863642
1350369173
-1334421285
1628090638
-1485819173
658445028
-281282525
810715639
1902067089
1873459114
1587245393
-1579316037
-263021945
988587009
1659034069
-909843851
1637810150
1859345450
988939423
1231350298
2042544310
-294599943
1223611566
-1094362767
1224831891
-1902523281
-833379097
1467214435
-318582624
-1512294744
635164967
453384308
131922618
-1902351113
-1585451877
-239422831
345614320
680261967
1408471374
872170763
-525804237
1590372324
2033038595
-1408131101
-1688522423
-401686255
1101758276
-463864504
701025031
-129172100
631020731
-1505325987
1315802815
-301787017
-650613825
-115645378
-78237962
1247225001
-1755259343
1201546052
188814426
-2123364627
-458152823
-1451704696
215044338
-1852327047
-1469876693
1954235814
-1574890857
1650084162
-1822782721
189767362
-907786078
-485095521
760257088
1994292944
-1121750810
-795338196
2113335954
1440031247
-1600012320
766134000
1894678362
1991215317
1249974317
1898285762
-1456287926
1822637202
-1360427717
2003767271
806776890
1258479886
10562883
-1954845952
243840062
-1653402123
1071443574
-1496432094
-1974848524
-1580372843
1365318518
111854150
624337437
-1290373659
-41088249
-1190426909
538952814
-138924856
-1989972218
71227353
-1105287768
-2138947437
1447863961
-496082543
-973253402
-1643772980
-412123225
-181941407
1185728053
-822344908
1481644938
-1234317260
-958420887
415074568
791407363
-1959805591
807158830
717000834
830797166
545225724
-1339770787
1938353574
-1715609802
-138639389
-910809200
1637461306
-1798610038
-1469285958
76851960
-939658987
236402000
2128610977
1440947821
-1484206948
-2131002534
927832676
35854790
339731849
972905431
-2080837667
-2094355606
1024253166
1231047435
1418808214
-618485721
-1389509511
2081624386
-614056782
-1149655999
601957369
1251130369
-1666381812
1625614798
193876769
-1905332609
1527718304
-313917376
-428659830
1776174419
89937962
587241795
1877759742
-2004303507
1505859340
-1954154807
-1224884749
1486450250
1569677940
1941446242
-585835948
512210787
195654077
-2109706800
861336199
-1742987034
1500187670
-1757780774
896106667
-79997016
1885473633
-946030496
-356300255
1715326041
1694280028
-1598553425
-612832434
-1320595976
-714835194
25142550
1533008798
226842505
1786986043
629583545
311373259
123340037
-975938143
1910758564
2096468062
-1888164974
-1284485433
-70449373
-2144316811
1380847860
-1628623222
-51670960
390557895
1117478466
226639803
-1351571476
-1683034395
667314652
-426627074
-1526105998
305004738
-917117796
1738163956
893423977
-1924085643
-225872309
-272440420
1255875321
-1508791236
-1184172714
741338102
-1449795903
-88897340
-644946496
1324749545
-678522393
-745127001
1743352666
-1182525339
-1796944784
-2107407819
-105096398
513632204
971844049
-779515786
-1879738296
2046146701
1173884613
886473839
698148743
441685266
-949620640
812042660
-160631053
1226435548
1322285155
758956254
1570591774
628559595
-1548674350
1258393646
-1081201184
75089250
375582916
-1998995663
1251425606
-399289493
-890835847
1009343380
-418780726
1628937304
-1095845199
1607950810
330628292
-868564214
992208187
-111645092
774608928
1629351062
1407584971
247790225
-1476893615
-927790812
-2079047664
1656728207
-553571963
257541915
1453518342
338980561
-219264998
454431866
-1275018872
289504826
-156449712
2019742344
945979432
36138074
727243071
1091149744
859231810
1798168559
-1538636022
865262501
1321235023
-2025935443
1507512404
1164921293
-1612316298
282155841
-1928160526
808383963
388817256
1608339091
-1460836382
-1188086082
634166124
36253003
-240724356
-446420039
1645640888
330444951
782968551
2122280914
508420099
-145854166
-1548931123
1979301744
566426711
-1067880569
-1472627886
-475440065
-20230869
1164598398
-1238778047
-757400745
642770864
-704125449
232465544
1754294684
-1134866069
1380289518
-163769882
1775932007
93694979
-1754086979
-34247198
-260387739
-717796772
147087265
-2060284930
2018611391
-890830108
1650796662
-1131267796
266272891
561697579
-119380027
1611176833
-1417946079
-806967111
1119218688
-332867288
-1674063455
1712218907
-838934261
1004321432
1387545715
1290625855
361713406
867679241
-1574898688
1708604417
-1903410903
-505069021
166863936
-994420731
-1891968680
-1116150279
1816013987
-695818042
-1468738729
551750709
1831506229
1818735343
-907854664
-658818157
1403980284
799181801
633758931
2100618898
393682084
366845108
-1610725107
279616617
-1458492323
-1012843014
-2055798435
66508088
-349953020
-264404639
-112135924
-1190081153
592649856
-198001632
-1672167493
148317395
1644736878
-1493195051
1572822698
1230582734
-405160448
-1676597612
-1837982154
562777415
1875504162
96277315
-1789192285
-580821310
1840919518
-101544156
-1985712357
1695458346
1374427392
1272955826
-647941642
-622828867
873102589
-2122967119
-1176775364
-803938490
-2083312880
-927780224
505059431
158270354
-2121629019
-131702607
-663203732
-1285920996
-283843590
764358107
1238392572
1652207370
707248900
770394030
1876711943
1002207580
1522435215
1092025927
-1052366975
2108508002
-1524790872
1904539076
1691980135
2000886639
242224446
1137106203
-1905486332
-980173365
-1800161274
-1695924697
1204156528
-1249452819
-1737552225
1665776387
-1975659175
-1886552855
1054744055
648301723
927744005
-987993561
-1475147284
256988799
1593191319
-917593259
1547592245
1719772154
189342864
1525673630
-131243645
-538271133
-333799784
763301403
290093795
1027239090
910678654
-474331255
1464785254
42499157
-1845516163
-666881220
-610683390
870323012
1282378433
452593236
-166942790
-801197229
784464936
-1549546451
-1147514371
-114149690
1727258444
102384411
1168577867
1156013610
585324993
-346206121
-382622178
-2077038750
-1420124261
1571897139
-608981497
-1943240192
-2013433038
909655957
-267855082
613692629
371744040
33609634
28115327
-1095759670
-532881237
-887276359
646460281
-992408335
1220947959
-752695390
-779488407
919341014
-376036066
1722808327
281207871
-2092733925
-2102230261
680180514
46046240
-1717217725
-337198397
500165047
1725267269
-1880501811
508489966
784871749
-716654302
-829787260
-848011370
-125445001
611901898
-275897579
-505597907
-1515049248
-626414191
-1546076702
1971059156
-131577880
1036767474
1544533269
897388506
-731463424
-1225780557
-840828681
-2000475006
180386589
1402273351
-57490047
-683834359
197676898
1446172786
1099703347
1482523622
-453339361
125811251
414660388
-158154157
-1151156486
2099246557
-1448763046
-283647476
-617981589
1595222662
997761115
-1195151786
-270375827
226535845
-618157309
-2042891454
-1724991887
-93056266
1938925976
136238642
226936470
-774550879
-1176429797
1318957724
138298391
-1039585894
-2139309088
940457741
-1136971515
627746890
-196902560
1730477681
-924421067
348787567
-999555250
2018722193
1178539643
1485503296
1514965479
239418588
1724358423
1857336531
-992826994
1241855593
495469423
1118594499
1489351575
-1743450052
-757604866
-174759411
-598107038
689943239
-683089780
247399482
1330927276
1995971508
-1070156385
1481991107
-2108074975
1706300641
-1337768655
-268661328
219413300
-1324558421
920359074
-212589695
892544563
-1206902673
-1747609105
400262226
-1128988779
1892709966
245959204
982311993
-1507602538
1936436015
-756593905
-133696014
-296120571
-72689655
212797493
9112254
1047090012
1525635426
-2094904566
-1786524537
984279057
1028952082
195405403
1332672072
1993746731
86403660
-1037949682
1951444651
803271447
1128855774
-269815794
797272307
-1003766853
1781372087
-1954357376
1833267227
-692705077
2008438954
646802234
-449609665
198588252
-1322192016
1677307508
-1846472133
578930870
664671731
372077248
-432456303
-1377589139
-1844772407
-2032044489
481121424
217210802
-468255746
935289076
76324529
844130790
-1474910186
1726291398
1296225603
-215835025
-1696362671
-2072475104
323962443
-1862081585
-477734864
2041688404
-54476379
117604338
-691113416
-2056190208
-1734298514
-586114618
-556647947
-1713744696
-1519774043
1297006609
1954470209
-1731965115
-179368177
-718894722
1041196997
-984086980
-1780846244
-1383030280
1018630080
-281369582
-911705465
2083445050
1715616519
-1571868545
147091330
249562790
1093602380
1556433538
1156514321
1720571478
-889345886
-16446060
-454320139
1499583345
-1921182400
1431803424
2066813005
-644856897
-924734076
1966004529
-79953095
2042407038
-1178700485
1457963885
-746031168
870643829
-2083861729
1946473281
-1289675789
821946186
821182368
-1868914083
520227666
1463537168
-2017160217
935531107
931041133
-1867970268
-1992809193
-830926630
-290470194
-194781384
-65976363
-1602083224
1626101270
2146125232
543512586
-1877588672
1302824805
-1400695252
265847015
1838254808
-870810625
-1943172763
1268875561
-1206654753
435180587
-213841092
-397480035
498985326
-982486690
-1803633648
-855784474
1903755901
-710920551
2130654031
-1066850434
-1741869928
-176952561
-1802479793
-298331398
-1087590191
-273898743
-579314082
443251601
-860200456
55792398
-247509737
-1810164514
-1457670903
841969982
1952548343
-605492508
-1376031515
-1245984514
769867311
-634267565
568380741
975332569
-823792709
-318563063
1113229547
1945285285
-555876173
1253611739
-1898979559
-1697430044
-1709668384
2080206484
216898630
1805835373
52786833
-1828367555
1408496143
-1785558708
464832431
1450511774
-1175102869
167586277
-1413368817
-1462441467
-465307101
475957599
1070111751
-506452411
-835832192
-384903618
-42371517
-1322214911
-1644006843
747458130
-1826498600
481697578
324871647
-865123121
640084377
-1646428475
709084891
1823925949
-1583817047
-1146952207
-1614663017
-895000174
-730939310
1653090088
770150460
1600278556
949134100
-488158268
-1587880469
1257542052
500406527
-685884987
-644965067
1781985104
-11274940
950563281
-1994501423
290010057
-2074102519
-653776517
1297599880
1739888924
-1342168707
162547143
-845322125
749514981
-94437587
20249069
-731005847
2008296106
-44245355
69275229
1068528818
1046289540
1474519544
1361712131
-1280361729
1228059139
-625636237
-1688336436
-685969762
978609491
-1290965425
-1920390553
-1510171927
640231066
1819787927
-2135224240
-262348545
1947407780
1901285866
-1732366839
670288054
-1603096126
1633889938
-1127914326
804400335
-2066570258
-1254089260
80171676
1680160363
-586971341
-714685815
-583570271
-1561355330
1518424907
23420141
1061757718
-401893886
552750473
679818166
1542035324
1067565741
-1993759751
-2038891928
794863156
1230005221
1914050245
1700448487
-615364471
-1669221325
-895003686
-1747355571
-656043276
-1977138825
-751114038
-333547267
359060378
-1898216677
1925967603
787641848
-1659988711
1523195787
-500247071
406346095
1643088259
1708299492
-2141917200
993756824
-55991894
1298151659
1680450870
2143771844
-1985948515
-1582447552
-581603169
-1177856079
1415207795
-1327899438
-1689187496
1034969372
864773446
1519735701
1408592496
884549531
-409958526
243992946
375091901
1880133288
-1699385761
86814591
-1230469380
1472629760
-1289186901
898553456
160650299
-1238563282
1643049420
-424541876
-1119977349
-1123317662
-320331515
1446883171
649928592
37347206
1278418168
1435341182
577704524
-241240942
-917980053
-280994216
1470215132
-2070775777
1479062862
-696583603
-1614579343
-143314118
490897148
889841233
-1254135774
-818081413
1033082049
1102457379
2147452176
921647189
-1240933220
734145985
-1813797941
-1848393810
-1815529915
1591096862
-1569966349
-405545039
-856983951
-487884526
-2102458590
1999415267
-126201261
-784335727
-207227895
1991086964
-775094426
558675231
-1421466664
-1084518697
1717799785
-1034250365
-1831844637
1355170452
-488492885
1458213306
347129218
702986076
-1950930296
1911529262
340862520
-834951331
-1398092237
-635868121
-357971434
-1521938216
1481763765
-1201587071
-1787434655
-1494884881
425114420
1274153375
283216498
35370435
739039864
-1851782241
-1633442595
2081049278
722017963
2142446030
-134950187
-1719616980
96353887
-83177890
603272398
-2045456112
-1733584939
1742322006
-535139484
1873365557
-742680708
-912134455
1315490683
1657887107
1229161143
1526352970
1942565030
-594470765
-1896961309
-1590111841
436146636
1440721028
-1778692968
2040842419
-354894839
776543503
433037102
-527501103
1064163281
173769944
1330763906
501045519
-1260479397
158049031
-187291399
695924231
1380472124
166931991
-568200252
66322125
-3531183
-2053920787
-1171011739
663825692
1992227298
-1427758292
2104744562
1271200978
1308665091
619809223
-85389159
1525704350
-1806119363
732313815
1984613347
-2001989129
-1250127250
-816380499
-2021126596
-132238769
1967678445
269811755
2061545266
-709590136
1336983537
-363559345
1731570173
1629297062
-734112206
-1718125296
-1157511233
1255143366
-667777328
-2126396819
-1078187508
1462149711
-186951052
1618619586
259684779
1058938982
1986812084
827042652
-1178550882
-944562009
86237372
-1436591024
-1496768929
2072982801
886761513
920759176
-59893396
45701697
815219768
380751646
-242882299
-529842718
-1231625953
-1961085716
-1272568780
995096675
-3372102
-1621772957
691198733
126365163
1378693482
2029428635
940356407
1864026761
1505147450
-1190006100
-1335506774
473484720
-687349438
1937135675
1249728185
875419873
1039314768
-1804880809
-1216451245
2034136490
-387351612
1058627205
-1598146939
2018526926
432052155
485382169
89821250
-1673029435
188548974
-1306127417
-696123802
-272038554
1804266972
1511629433
2142910712
-1513808158
742166183
1756780898
839572143
-853584396
1125976635
1114654034
323351479
-350187690
-1104136139
-896008373
-1509915468
1584995446
250299393
-429869483
-412539385
412945257
860352453
-1436777842
1313562447
1484849695
286171517
369251716
1584558898
-9627432
-19816858
-1775100985
1032233820
-369203241
-925493088
1239475128
1051472071
1942436948
349041422
-1402987097
-790913987
780740790
-1743822976
-1538242275
-2057376998
-1912380415
1059437332
1719706485
-396889002
973286541
-311866152
1443015601
-789579325
957030904
-2046702924
1473351562
1376850322
-1044264355
1200736391
-1915038264
59647003
933672645
1460106639
1278663124
1856405980
1536228061
1995525133
1630858379
-1138862654
-1317999639
226203432
-1899483564
-1779075161
1710906104
-1641680111
-954239372
-2024119524
-411320743
-74568857
1610865568
185554535
-260440499
-1818223651
-700534317
928243151
-403711747
458258202
-855568031
1589989142
1703612846
1895995360
-229360820
-1546847930
-147792078
471318639
708538070
-128250704
1270238625
1328049195
2074412119
840531761
-330266807
-1756457092
1842471248
473067703
772552930
1743921653
-541615681
-411446269
-304446203
-705253704
-2041392460
813850543
-1615512865
423405335
-1608205788
1965165427
-750566367
-1235401858
-1804621828
812293539
1501658682
-1901871471
24394873
-1587606277
-293375288
-272361839
-1624141898
905362079
-1549622453
703725827
-1723840890
-1383348132
682253339
671151251
-209084285
-1008595149
-1728494948
476081461
-535243930
-590841320
728830639
223727244
-514439271
3066102
1419788139
84379791
1088522762
195428343
-921146612
-318545302
-247986366
1625425665
-979375573
-752611423
-593239115
1563901315
-216283601
223900539
-3177125
1685522032
-1208814845
-1659816291
1594860159
1580896395
1468181512
1748996852
-465638954
-807706907
-1656279987
-1759872552
-853305390
-1555212893
735786493
1099790445
1762168120
-1811525883
-1021043432
-679018931
750303984
-748979037
-1004058266
2056383075
1738864411
-310568712
-278830169
528515609
1089048426
1136471332
1397137935
1923954357
-932565843
-2007601427
-820582416
1924652288
1552931754
-944473338
-1717064519
-1158923480
27152176
1938747284
1064361502
-504819481
2035461995
423439085
1447637400
-521339421
1909426808
1992340130
991009040
-1902056872
1459534395
1298171583
89575126
462280179
-1697950864
-309336751
569060567
-1729744639
1680011776
444547623
-689290481
-1305926712
-741411179
-1537313059
616227132
1504208949
-1775531664
1396928278
-809793581
-1923114569
-2100595079
1377359112
-661621705
118890345
611661463
-584285636
-1261847512
2125665398
1305918018
858634390
1510681721
-1573072200
1326631253
-1779996781
-1169760507
1920205730
-14414808
-100466222
-214516765
-678143136
-146861602
249865941
-313501224
-305962436
119400442
-1048992504
-365825523
1314385987
-726329544
-1025599487
-146908415
-257212632
-1585768038
-296573176
-100057408
-1127303577
-2140627520
1833019354
680788053
-1836067411
-1553388676
-192468566
-93387652
-102375050
1649999269
2007542888
-1327869540
1971009016
-500816597
-974813116
1715190515
784229439
-847754900
98519413
-2014311662
2063957400
-224159291
1199932469
-1008737908
1024471347
971031658
85746960
-728221718
-69492733
-1139997062
-1947893410
1848754657
1770326761
-1697470131
-949572594
-1957585722
556187408
-129269488
-1211968860
-549387711
1533863066
1127497876
542451332
-1748962751
-447343749
1189131874
1744770672
1780090927
-1922182491
-1467070702
-1398940594
574091109
-1341299355
-407684900
656712494
1134766817
1561430796
-1715559313
-366704244
1780687925
2000295121
-1935270143
22807505
-704793150
22181366
735801767
175858463
1030267941
-846155224
-233442842
-1914403762
-1659585808
-762687957
-1258270839
-167253200
1275166876
1291134646
395635636
-715010532
910407102
2019840411
-1442837192
-901917270
1985483641
1502571819
58754601
1418761402
-532742861
-994770473
422878894
966917307
-1137370741
1351539226
-179676905
-80457175
1671956106
1012495510
-907582668
-1735957161
-1589273320
-740428675
-879867676
1867518830
1073182640
-1853869006
-1123304468
230183861
-1283215273
172547631
743441673
217863442
61278665
-1661095896
-381291961
1383952336
1594619894
1507347568
-1359358317
325840802
-372950100
-1232192100
-1854378353
-1447757337
1646921108
1482887269
-520700251
804394030
844944482
-1507350574
-2108604834
971771645
61178440
1821912982
2130830580
538663118
777663915
-893628234
-661525723
-1028915879
-1533400808
-536638353
-1501211062
1949029656
-1562870151
2098323797
-1358192473
-1183995640
1717866883
-254861633
329388803
-1818997076
-83853966
663587426
948544379
920977494
1684916728
-935150533
-1178899053
87061929
-1159498894
102225074
1461983117
-1047101351
1893712476
423915772
631224573
-1520422604
-923032057
58327488
-1212868963
-286733978
1519158920
-1873057795
564676445
-464651272
1866252787
-1277756374
-714467650
136594329
-2121119543
754410398
90880096
1593069729
1742605742
-31336398
246128857
1561514834
-410633121
301909540
-204105785
632563296
-448238622
-1598823363
567629608
-1305371213
-147832834
1508190774
198331368
-879854230
1204956653
1600407896
-42447941
1151786275
-148809648
13405025
952521772
-380437639
523417186
1405303726
-853432586
846054861
2041510512
91422358
-510797934
408262729
685239176
-1973765357
-1864393199
-1318421982
605890160
2012150439
768181035
-2005050852
931625433
-770251908
1526643095
1683492691
-704556588
1266430157
-90589028
1035870775
1408624261
1698155909
-2068223001
1220714968
-1859640811
1725625637
-517927777
-1320187549
-247631379
-579928342
-942409802
763329003
-2121795808
-1660668114
-496495230
187878509
-1017198040
-1224054002
811509387
1565868045
738870740
-298579380
1702660518
1759103142
-1590325887
-2125528201
1192775490
767967617
439730823
-1349730743
904244737
-1375664029
-561341194
-1134241713
-1440011126
1848558796
1342397314
-36403249
432542877
755949438
-1238483269
1333184741
-2025979033
1202286140
2020082560
772782318
1750248215
210343891
-1354493771
1944568874
252942768
-93604771
-60994509
-990279268
-1035003616
-1351176764
1680526080
-322987723
137526418
160195717
661835967
-593661903
-1343262976
-1900733258
-1263938966
1672566719
458168075
-765053111
338849853
-980219417
1882399758
-509297774
944675573
-815972184
1366431856
1091073286
1507940410
530486112
-1216518855
749513028
-1188832679
-659536272
-2129319193
1332193881
1550311221
-1682444001
1949741954
1282591039
-1708356993
1333992894
347077102
1094741159
-1368772828
398084109
-241970561
-589934600
1347206151
-522527267
-1435531054
450768534
752599024
-901896714
-639891750
-352362649
2139764931
1802318138
-1978541767
-1523047278
1519886836
-1017103862
-1429691184
-1172982903
-506530246
-2125851161
-752885351
1846950217
164075650
494312796
668462771
40918752
-677947354
-540201444
-1828727874
-1758457297
-1876687778
-688477338
934101864
2068879089
1714832118
-382164816
-1483099320
-210230277
-1705599423
1963813507
1658363114
-1350987579
1922629197
1973127588
1887976490
-435890392
839516503
1017939060
-610312507
355954025
984934273
-1561986407
-703588052
-1303790475
-1318058559
101568220
-1885309796
581383790
1795748892
-1504933036
441936490
1905447270
776530708
1827627972
1164820643
-1622021527
-1327692705
56457793
1050123220
-1376529216
1572164313
1711950360
829741605
-999515788
1428751802
-144089875
-2092725332
-1222792431
291310347
277196327
-1093592065
-716205653
1062069589
1512136843
-1352924917
567005989
901032092
-261576153
-2115960029
-1175020624
-1173728629
-1366484368
1483502171
-2034505070
-1469320720
-1655923026
1807277335
-845396184
2018857321
-1581651816
1508514782
-2107555283
1431247199
1456610106
1590478451
-2084419780
-1559716556
-1094327778
133129766
717652627
-953890888
-560310613
913045863
-1103569127
730127072
-1305978937
1854774427
-1387306846
-1051527495
1841772484
736586802
-1359520144
985242521
274326648
472839161
-1974705668
-2041275496
-1706824275
1165868972
-388518410
1463496510
910036412
-1966939953
-258821749
642392445
-2041046925
610696637
-762909723
-934263071
-2081393601
950976000
260703223
-1875987451
-1018723961
412526563
121444474
-819894456
-455633835
-407059642
-765293518
662460865
-436181957
-635923024
1359860341
-1972098193
1377769076
1166232490
1533345773
1330175669
-350599608
-1458494646
-790355044
-1130604796
-1090801739
1979608077
-1030837216
-1289384231
765943883
-557043734
-1736745672
915192042
-1470459305
-1772758621
250321286
357286043
-493185469
728394845
1927742614
1580326327
1407086140
1393107059
509657374
283127643
-1060896747
-720733818
-662974585
562074165
-1538522773
435956184
869814443
-1906891282
-1146748408
1317492442
321630432
-1428015644
1271412876
1176376067
805437237
-1622968036
2107962698
1696997602
1755772155
1458101623
243916655
-542878858
219771270
370823714
-1672257431
365764541
-1210814923
-1099610797
-1159667323
823407498
308588206
1974847793
1474084826
-744610405
1467134318
599299091
1974803045
2123666154
1482466432
-1012903955
349232757
-1425130173
737436300
867953926
-52513207
-1572733162
-1565410285
1601367022
-1512981002
903129230
-622227208
-648555857
-1963318642
763304417
1235123777
1087390018
-387575938
-984928535
-1165482978
-775595708
446271032
-193245196
-398833621
-456758039
846347281
-2112242729
-1675274254
-835507920
-520750485
-1771446455
-910291021
-1029591208
2115632406
-2126033555
-659404442
822628754
-92153101
-1440535120
-1678952448
1467606775
1678542042
-133549355
378376949
-524358980
1845446333
-1272287411
-1055623682
-1224418653
1602041613
-923690293
406583580
1031833780
-587483044
-263086824
-1202666277
393696301
155906371
-1639812573
-2082855205
32406966
1926454917
1182120795
1997564555
-42005800
-2011700364
-1499360703
-78022088
-1161827152
-442631021
1997369400
989858886
-2069930529
-1655441284
-765116513
232382652
-1944081468
-1498981629
-1450972639
1339413253
-1082466579
1694224028
556267595
-2102213644
787740361
-1303033863
194647646
-2136170488
1389604003
336478199
678859366
1056769521
1803153867
-912447558
508045194
1893814610
1028431125
-1074103530
2108926630
-1901064760
-639698041
1097536816
-1579586538
-459008469
892680269
2139663205
378168020
-358357997
1556205552
-23293335
-801344315
363844509
619348679
67056051
76181583
1829396335
-1664779603
-1485780712
-1178498258
-1931896584
362190835
528903350
700938888
103899388
-945809000
-1919919341
633436222
-1653988273
1197020343
-1945300603
-1516910204
731914464
-129011904
1443807955
1306958515
-1955367175
1294094826
-1406200804
-1044495267
736201412
-111327896
-284736521
672288162
-1701545456
-1043632422
-304013349
432259009
-1987204523
-2057461882
-189305919
-1206345999
-1092832523
-1825231929
-320692217
-1894540175
-1067178044
-988758715
1111040407
265049566
1841432522
-277375899
1899518024
1580971460
-1618357177
-1915556605
205408131
957696374
425366518
-1754498466
-332296919
1384095777
-197441898
-834392493
-1905268044
1124796191
877431973
-1189167154
616152220
-1503185016
-1736013970
-1437490051
106103803
273533199
958805318
2078831045
1509484147
-1725923830
433966610
51042553
1892993103
1377287378
336585739
390705865
1099195624
567200332
328551621
-1980969480
1105234249
1354799559
2047481452
-1530759855
-324905706
1931560457
161353041
177004763
396436905
-1079146588
757700004
-600242613
-832467075
852147341
135257475
1221426361
1028655567
-538487570
-377246925
-1850251369
-762826622
1639233850
-1940632660
-1392075554
-1414283198
-1580139134
-1162058406
445217417
-1281707796
-217582073
1157935905
-87285946
397414957
1270382863
-966202462
-1224344981
-2072146327
-110880260
97343676
2050746150
-1987463203
1748765081
733471573
-1114880264
-1334606841
585156535
-454584486
1325256548
-373319356
1690132984
1964106755
-1971257629
-1971694917
-172885014
-671277989
861891866
-358900103
1432206423
1017379839
676555342
-481814051
-527844390
1317418021
1899340311
-1210249162
-918828875
285623520
970306899
57360298
-1156508702
938813089
-1116864675
-534869927
1995316071
1534101505
-260965761
-716248639
-1005427218
-1673485379
-1904609372
-36081053
-831265900
86962944
-1090118318
19269031
-2077292544
1839153128
-1593974314
-1071047684
722858424
-565650366
158364864
989782339
1027224239
-2105147240
-1586639983
363812205
1962020385
1401657198
1209484722
159470434
-1215086685
-1220806457
1552030632
1715249700
2133499765
-697607698
-168489594
-635866060
1343830042
244643186
1806566562
-98698956
1425318186
1970024305
653499531
1301341645
579973990
1235565081
234997562
-399370798
-184686067
-2012938644
-744488826
1180216485
228394349
-696234686
-1054685987
640178137
-1343896900
-47276908
-1098825935
1745197080
378649896
643093751
960717359
-1601489849
2076298284
-804195483
1453056182
1707162343
1691972388
1937212227
-1975207546
-1837615682
334050851
1652569246
569133624
-1280216138
-1515657212
-1070656840
-1351869075
-1356362492
-1451211330
20717251
165800010
-308771444
707621629
1599296236
576088867
296038787
1048456173
-1574743654
1529162101
-1959804842
2072625240
-1475263241
-585945830
1365086666
-2111362062
13415086
1764903095
1224653155
1899749363
-1905899530
-158233224
-1939876854
724898278
-1707548208
-1919752193
45159401
264676289
-1172023924
63510681
-1300781415
1495791924
-1399997040
-1447003470
-1708336769
-1766306235
1586581084
-1958195317
-561995662
2071552796
1275983816
1777958953
-320118111
778604827
-2064427376
605227664
362099124
-1700029135
-759252462
1184075313
-950612176
-1761092752
-1264827819
1274719136
1442522143
-1536198692
1819105869
-1466684535
1009651439
333052037
-481947044
-1663426332
2045750170
-1990570793
1158094620
-1516602777
-1003390457
-1900675537
1624408155
-882919620
347408047
-1880730190
-344648602
2120463092
278526339
-1725592742
29334410
-984695622
444837645
1035424337
-814878761
1786015179
-1994604587
-2118297983
602109223
1482879781
-700376571
-1654816917
1559233886
1118879358
75338064
763956280
1228987634
104845943
1780353294
1947262221
475351981
1273830929
1760664747
-962298461
-318296655
219519839
-629249470
807322902
1781756093
-1178458755
-2016091260
-1705238788
-418436691
937834944
1825360094
-167521864
-830865849
-2127751122
-1233898789
-1301359088
711386932
-1131153616
-165982778
929829885
-1233088949
-1178124666
1542302611
-833939262
-339817195
1227095418
-1884008450
-1399612864
1509363597
463343704
-362161420
1650547591
1154064167
1692313884
167540018
1572947632
-555083245
519450477
-2144378068
753258473
971086530
1966582730
1615356463
-1479150128
1699566504
-494718462
-1152175159
-1063554299
-1618697404
162004713
1653078888
-869665542
2126373981
1138638152
554127936
528641036
-1116111219
-1931237867
-1008126606
-1456289577
-1150354685
-2059046941
-674614678
545503941
-1246748285
487932315
-1076595320
-1364507672
1634886065
1928207468
1509465857
-462146038
-1523643249
403271936
-1864072697
-46666495
399450692
963892207
881078824
269015622
765442079
-613153416
129762035
-423512632
1259879130
103694446
-607101472
-644454402
-1773399774
1421411439
-1445293455
-1308556997
1433756246
427282268
519570580
985027141
-73464433
1055095300
-489464501
-1728906713
5233888
707734562
-939679346
-1087701691
343548126
1488198537
-58240145
1999845809
-904568734
-654472547
-2052587137
2073906365
-319670131
1878112773
-985339792
-2106343983
1992493323
2032910750
1376619259
-1341291906
-1773852516
-630881102
82797571
-1265815598
-701866544
-1542441623
655365882
2064739565
874160145
-668132481
613401220
1138850516
1461871846
-480275914
-129279655
-868620923
-10355339
1716285838
-1242487441
-1542802870
-216610742
1038767796
-1741170345
1966710610
-815842474
1000964023
-617950233
235948157
967248441
-1718538623
1686403608
-760789642
2042162371
98289412
-398865614
2090636550
-934819400
-1267065677
1407750950
108325287
-493270573
2121900851
-83108038
1575791448
1175983885
-288328110
1173395691
662094511
-432780258
-1664258761
-1331795186
-93028044
274520131
1033481435
1132942647
445856491
1564793666
-82022985
-1877831329
-1267636942
542391723
1718151359
-1254248512
58085069
1582500191
-2115395698
1054412035
-773536449
1465075286
318469089
1922238109
1541552987
-2049613924
-1898036663
324505974
2008106265
1247761563
1661465628
-205515061
-906527571
2139044512
406994092
631880532
-640408363
-625618281
1640658363
-574196568
-1089594254
1129199385
-1053929683
-1872785184
1777661786
1693705896
739722751
-1765370757
-1040560020
2032709177
1843533432
760976001
-87709468
349190130
-1560371811
-1898028310
148269295
1042235955
