1190260546
-1586616888
-2063652921
459539161
1864826665
1842946
697508827
-1343742186
-29420403
-114390564
-868969984
-200698833
-1664830894
-710004672
-1441950311
-965360202
-241450485
-2129124922
-682738173
-172254863
442869919
-172632691
-1769511466
-515662004
-1778417367
2138379598
-633486743
-1970387825
-907107808
-1374802
2032134043
-934967725
-1037184840
219078610
1924285393
-745351374
1695532678
-135385032
2112903226
-1308545987
689040746
2053484229
-1651330727
-968989390
-1564183128
1208419353
43869124
1200522222
-1684329896
-402321366
-2049765079
1710647072
298625024
-913996272
535083409
1330314303
-1415849601
978317597
922148072
715988157
398581548
-423659728
1251520700
-204895620
929875006
-2107773878
1976725061
414695297
380216941
-1344009375
-1514406747
63538407
-598264871
-826021772
39680879
-1454865131
1428661035
-383782945
1672442221
-1757524685
1275562489
409077488
1302897565
1714844121
-407816849
-1379163719
-1599874947
1018284809
126511402
-1466899929
1061686152
117242719
-2090555289
1100878931
1958860031
831239814
278293852
-414704616
-37418516
-266503442
-714738971
236824548
-1732650909
789033659
-1205570461
-115852077
-840375285
827092992
-1276966943
-1748406279
-609343780
82065452
-812091785
-166600449
83008041
-2112580924
1075951347
1807010288
-710349855
-1844162734
670887605
-873187244
-1173765103
1205450397
-617014055
-1550892162
-1240441172
-1426187495
2031276955
255644706
1535147406
1667595424
-1588026377
-1554853590
-909445442
605041506
-2143805552
401786313
-1934204173
1600640538
-104950574
554849487
1493545049
-2034774142
1701243226
-934867649
-1179738732
-1667934456
-1413466476
1554150430
-925998843
-301875006
986647717
1147426701
-1649737653
1129142430
-746225780
-1441349862
-2131485685
661667037
-1177787773
-1274540718
-1839320076
368176065
56251819
390932122
-220223747
2077194372
909871591
-541150914
-578358287
-1168401524
-659071225
33669834
1112931884
1930629597
527384617
484282008
1527143078
-1273823281
1315201627
-383456854
2102847792
2105953024
1279805829
-2070693959
-775733762
339353483
525744005
-1586653811
76128101
-1411836807
-1104025189
-475245425
-101934108
-682646665
-1607841785
1516379036
-1041662872
-2032932919
2097474545
702300443
-1150478645
70637694
-1889427576
-1907281327
262456477
-1497599515
-1408025492
1622473715
1939964455
-483950017
2126351440
217401340
-1117816404
-508228171
-19001381
1536615617
564428530
243563916
-1570779185
-843306686
1984708352
-945746282
1111006316
1664928450
817965096
-1298124053
76570390
468514712
-422752697
-1453860135
-992386507
414894919
954126155
217831704
1464513372
-64589876
1687124981
-1741629886
144442284
-1391820745
1962395871
513181569
-554390918
1609531517
-2007938112
-1573774199
1274392111
1400798859
-538097425
-1875044151
1004599152
-648793954
482874661
241961948
694030974
-2034817839
-532000890
-83632827
712975070
97048055
39139298
-2075418789
-1062277828
1358084523
734504247
575937922
-1403315317
-724722780
729636986
-672294501
-1665392783
1238555213
329443222
808938685
1850627810
604788884
-1571562316
-1396932828
-844736758
1693530369
-1155881539
-1345664151
-1434156688
-404048373
-1689518052
1055088883
2125088600
-35804250
-777941816
-721184339
926269288
1019913760
-165504895
1801418489
-1536265843
-950040019
1251648601
-1674552861
-315065057
1249061440
835809909
2109377177
1058110786
1695833371
883989269
1860125467
332189584
-665097815
-994120239
1639461166
293282036
2143673355
1125786404
1192534934
155411672
-825092112
-23354834
-1770006909
-1649304958
370228265
-748855627
-1124396213
-228457285
-1506071684
362812268
-1475504295
-1405765711
-1539715401
979655800
108492389
-727211746
-220339192
-987990481
49540069
-1566085464
2134962060
-336288734
-1286942782
567408266
-788717275
-276003747
-1380441522
1949632116
1755136911
-1612983572
-609492106
1699134640
-231470923
178348449
-766269133
76992389
-248821951
-261928939
-1971148474
1984063200
1917910385
-1208774677
161753636
1821994031
-1154405071
232579419
1739558702
1273918608
1730733413
-783354898
164918308
-1384601301
210766981
190498694
168332251
1388401115
1411170415
1540024737
-1341639122
109897235
1803313015
-119256354
-470417102
-322320385
1196134083
1226860735
1557432749
1326255593
827838934
2008666031
1893297863
-1731723810
1806337897
-1427097273
1112493314
1810309008
411459457
-1250309428
614986855
372639870
1216192189
-1361924
-1849733631
938559058
-883375376
-1019687415
-1570593649
-1096676471
-1142268689
-1894864155
1849115764
-84573608
1667642283
232694976
-380197134
922479054
-73464703
1499899342
681942167
-631643851
-1712360240
1431994445
2085563126
-1917286978
-1949824820
117997254
-1859972710
-2073606564
589640593
-528468846
19081783
-722693649
701355131
1480020639
411703331
-1250901083
1332458932
-744455052
2051603203
1237381533
496295949
266639730
346101961
475890124
-1762273263
-2144436644
123319005
618834212
1094326359
16698136
-1201571174
-1839777550
626089240
1006889142
212752635
1104174727
1418040576
-465562703
958758293
-1885390566
-742487224
-820593035
-1115625272
-450401812
-561144060
-529590239
684123441
1170997933
1114446777
-827212915
1195058274
206730782
-180091086
994298510
1140355797
-839815433
-369592173
1300363640
1205679901
-616845046
-1075327826
2103594724
-748408739
1735747751
264063893
537631666
-861526018
-287011774
1855263599
1881010001
1163430556
-627887021
-2132648817
-1789424579
-781706176
-1778053763
-1368560958
-1074388791
-720487468
-1345369870
-651247640
-336836578
473065939
856993557
1460822981
-1157654653
-338622913
333297760
-469281512
-77349922
1547401688
1432277127
728528877
-1767150726
1737834122
-306370595
1462605103
-2093993975
-1506510042
1761916663
217595776
-459387667
432285269
-485992306
-1072058035
1331840434
-1016011576
940514729
-300681188
1653197023
-1605822796
-994033669
-32898776
-327023890
1284229245
-655272311
621239086
490315159
841579185
621850767
203538825
-204673196
863302967
287308452
2126496892
-213442783
405903815
-1529769444
808526542
292241540
873458076
-1533203795
-1787123556
-534467636
1367356008
-574182828
-603936918
-965863779
-1647405432
-2053349511
2094553978
477311147
1392174201
-1394608815
-1338387871
-1867986748
200405385
1503644291
-904845610
215203348
-403346479
100437518
424093133
-1833483868
-312846494
1404126825
1548136644
749153315
-107631939
1760700139
-272273061
247688169
806469257
-174532755
237744682
-1636970696
1774093439
-2049240531
1600155854
115060420
-411224
-466437132
-1485046459
-809943947
1032554442
-1662199173
406108795
502037098
1262963231
-1656287990
-100740060
-1428021695
178743624
-1403425950
2014379468
1689183381
-1430879616
-2021331235
319655723
619976903
-100184556
-1929590318
-365915714
371086593
1587542290
-2021437122
-807890030
-1836990856
-1177229760
-1260823392
893997922
1732723184
1297746512
-18268125
-270231068
307401861
1737578321
1956955394
-788081569
1988164775
1385163623
-585120729
-159759231
-1994578075
-759499074
736577302
-1521690258
375688687
-1166504773
858739465
-922614244
499068757
2004866164
493863515
-958715683
-1458396524
1998015586
-1901408215
-41527235
-509229869
944182613
1142831669
-567498483
-2137356311
2029025447
969547022
970342847
1431807267
739974580
-968429971
-424947980
1100232771
-1747213687
1628846562
-654168749
-984381750
-817984550
1815085999
-577348452
-1791002758
-1545748423
155776500
1244467196
263486997
-2106195323
-865354741
-919965790
280625003
-1993007200
-1304285131
1089200017
1062105491
-1932475548
-1223606411
972480440
-1759593352
-301913898
2117380028
-592619201
-1925931369
-1023796836
-954862523
157871395
-1533011450
1395650732
-1234412478
1642338308
-975426121
-1906469818
-414619720
-1578025155
-521183491
-1919182045
-1856995673
-51578059
-1018374320
1302860014
112576109
-1906691340
260250188
1602326003
797110635
1273748729
-1441687553
-277899754
778495208
1730771273
-191979677
364737285
-532719307
437819595
-623151831
923532721
-1462118382
1982268883
230462136
1332873977
-547635888
-868851204
386421108
1391095720
-241754697
-1855763142
234784323
-2113286239
-376653783
2066704942
713019724
1256565848
-1313254137
-1068051524
-469522943
1589208708
902772690
-1626417190
-1986506913
1416439570
610436885
922028971
-1289194380
-101850276
-1659253118
2043874507
-1242177247
1233449114
-597557413
332170220
-1896769759
2018564760
-71855341
651312289
-376083639
1458074025
176993332
395208313
-110906607
273433563
569282947
1353405264
2071316050
1960441195
311050081
1033324256
483023184
1647848571
-70005901
352136094
-1383009541
1701381122
1914201733
-1236057917
2042626930
-2070136317
-227620693
-1973545560
404184775
-1036415743
-1123601495
1167550038
1250500617
-1523647311
-359745644
-1303532195
-1306576770
454418929
-1234199112
1883930340
756297520
-897773063
-1343021636
1578828033
-1942367062
1171620047
1575403780
905385291
-1120866557
358749952
229251158
-1292302420
-1381948901
-949834100
498051007
1277220475
-1462724572
-591566047
1321610423
-2034538551
686763620
-1394024052
623747715
-227065862
1885415992
554484332
1691199706
-1007317609
1771158107
1131805736
1629040843
-2143314333
1972750440
550930466
2072351709
1635127723
-278143331
-610773204
1899592055
-1131389982
858662369
1242435898
1408904834
1045983084
710393863
767794265
1906594636
-331899206
2022638164
1608228576
1525089199
1629948822
-344304578
59142372
1808194930
1097283519
1279112822
1869754608
283150574
-1379431752
-291817944
-2133135371
-910645260
41935068
-1466904447
433924223
81874670
590051254
1374849649
-937691863
882601028
1318439823
-1641561934
-873481645
1411170816
385825351
1864299528
-1167509743
-586590796
-544702616
-2013555255
-1195363994
1547270811
-1294901897
1815451807
1166291377
1255397885
-1966602098
-451229300
-833027737
257236440
728507943
136197422
124772610
2006262204
-1960741319
476192068
1737075000
594791926
-933529208
-1716698512
257772400
634781936
-819156679
-423328195
822175089
691874519
-690416732
-181524124
716102748
483032958
-1590332819
1559505483
-1826770212
1881727618
278466005
-263223347
2082246299
786887085
-21364403
-1384223680
-183066377
-2139303521
-735005364
-2002549581
306374389
-1211129686
-556227998
1353517175
1500705909
-574704642
-904810101
1160131808
-769212761
-1939537147
2017906120
666779980
653138365
-1233427184
911440619
1199312740
1366810081
770606387
1353418162
1430657954
1815734121
545632364
1153769751
-1512410606
731670089
1873142282
-2139683610
-993350821
-1874448183
-2096188852
302080399
315373056
-204534409
-1541076153
529644861
1206743011
737683550
-633747443
293539367
-1941679093
635053943
-696737269
1081910821
-407650138
-1115975073
-1844571981
-1244150907
-944727727
1580826954
-1999044774
951900959
-2000664170
9946935
-790135454
-306253914
1425959861
-1314059420
-246690661
917277249
1234147238
-88963580
734622182
493037657
-20734370
864441391
-1297077221
1309356724
302626129
879400730
-382405332
-1187786302
-1040361928
-1724198265
-1627950710
904344375
-1543842029
770981502
694448583
-1941629735
-736690575
1896153149
629959292
-340088678
474290159
-694059412
-2062612884
30156265
-1842656003
-1868675947
-1356122391
1356176452
1021134312
-1287640622
-166369674
2121128721
-525248749
945532615
1319874989
-1603304786
132431495
1782040274
666520162
-212233530
1996993967
-432570239
-595564279
1308232166
745691995
-1617870524
-1639419820
1516923471
-829441522
-74348445
-924047584
1955543053
-2049151371
1716677937
-2142753647
-1211579320
-246762956
665865346
-1355806085
-2120951335
1989529320
265771353
765889027
-1832509664
808140137
5047525
-97243515
770654484
938472783
-854363730
997194424
-1796392038
-577982281
1353999883
-1184046064
710759195
1347692615
1759801815
-587163549
595628880
-2071819410
1866873700
452884943
483911519
1103476976
1575036846
1036776666
1424039723
-1175323743
1482543571
-564030246
-1374784025
717180784
-1387395646
-786531690
-1734906388
-1868074329
1693266483
2030704941
1868240333
-2084747408
673285590
662330678
-973534553
-304461414
844442574
-1798135256
1388825532
1543969949
1312971616
1802639868
178533187
2010150363
-1203491097
103713552
1207904377
2022303528
-2090240501
1109559374
1598807803
-1668002420
-1733953742
1449428877
1380071255
2144725063
475124789
1840151094
-1097984801
988699668
1827538519
-2074883030
347978945
-292477262
-1306516110
979234019
1456378452
-871020897
860286578
-1400518951
1675150516
-403629274
1026309383
1900202278
1431290256
-2000306020
91253910
-544315540
-480870078
369978597
-1281993616
1166357494
-1241251809
-390819779
-229223611
-1946355683
442857744
-1239564748
1263672794
1941532396
-1194248863
126657274
715801850
-2023782905
-1342831144
-1661695780
177317545
-1797175096
977320201
-286576114
-1341505889
-266675798
-1292754200
2018052779
79301108
2029723114
852855199
-2129922311
1568535063
-669450389
-349140062
-777895440
2102129412
926968025
226677503
-1005096964
1867837621
-426745839
826092026
1609890305
761917401
-2072649024
1526514905
-1706740576
-1481660989
-446338743
-1269771013
88532920
333878181
-907070484
-1528973009
-2025563601
-868409091
2095629860
-418226366
1843975666
-1962645170
1781019727
-925259047
-6559687
-2131250925
921970580
-2063927935
-1491475953
-632179216
-1709851648
1366948868
-487236335
1927958058
1084726514
-1015558914
723896437
508169049
948962233
-1222931281
780354126
1565054044
1212775547
1260593681
-783269619
715631244
393778520
1361649964
-1460285110
-1302000077
1124785102
112101033
-937464892
-7424449
1014877278
80484517
1169139622
-1723166926
-592275344
777552072
1087851788
-2063846052
-1180834189
1804432277
1093438404
-2146738612
-781127608
940013826
-1153934760
-2094865021
-540302368
1101081163
-2066988724
-1173917589
2019404323
2103703810
-254601565
966778247
-1202292717
1758843755
-1267503704
-2135362838
1398984241
2056010246
931315434
-1968111635
-470267361
-1302160788
1689554055
886007324
-1885999482
-2126838946
-757004627
1792490864
950715705
-284326374
1551037534
-324827197
-12451942
-1652827920
348447858
680437631
-1180288708
2053377813
1899096802
877530521
1025753289
843479479
1562275394
721834685
-819197146
-1828714927
-2122200689
1659580362
1452979412
-2053394880
29476395
-100529791
-167856743
1460849557
1295856164
265618296
-1865373089
217933611
-420276548
-1135620524
2024364379
699454460
1871205157
31368502
-1692806031
-866374736
432381835
-579129739
653843926
-1701347210
-1966850984
1775907726
-955288842
-2100045801
228577715
917005400
1783144856
-1486404536
-890748088
1492359547
-1389950144
-1311658945
913734734
-373208542
-2021344556
1384913800
1056143301
715794671
-87543678
-998397416
-1718548224
425597999
1510197216
424563106
778578018
158532943
86170708
-1098824663
-1763129236
-887878771
1419399093
-943351850
2080601846
-867279374
575166258
-494576630
-1653256516
-1928093570
545895026
-2035782729
1529019676
718895269
-1203195651
-1308520213
-1258823651
-348066566
-1003705894
-1003369043
428507315
-1398305751
1750518136
-2127110644
-937956032
1529843499
-712812079
-963164300
-2089043874
-940873036
-1170937652
-1687189181
1642242011
162300910
-553586462
1271480987
1951539204
1522269292
845932548
-1663147655
570390310
-541079207
-952313668
-1753764090
2048187729
159222255
-871437934
951536941
-2094271393
676319535
-1100384592
-1248528019
246461492
339334862
1695392200
458959087
-1345300666
2060501870
-290292683
-2066656806
-842265761
-470742003
-900255904
-105843226
146762401
-223768382
-286996635
1372078639
979828938
-399674715
-1219525643
671504459
-1301061447
1178129679
-1056844931
1759155358
465145393
1550056963
1247370376
1141990892
-178667556
61049323
-123684511
166627887
889306513
871081606
645319163
-1762802518
2113953497
349669664
2134818837
-1768922819
540274095
-1164602364
-1203615335
-718333701
-1841991289
-1351885009
1323400517
-1473434631
1606362769
1865422918
-624792180
-865942424
543991102
4779464
1705805246
-111020314
1339522562
1014921607
1725568358
1587213328
654003547
910319188
659336690
-1298579621
2079886354
2087685369
240596633
-438501596
1358798785
168617067
1532680825
-1217349116
26341268
547168576
1105343743
-1165159063
-822673069
-2059808674
-99065717
128018786
353362591
-228706060
-951071918
556875193
1635738235
-1792904786
52885126
593757254
1924259598
469112100
337085365
1428530306
1150266278
-370325102
-1407306642
-1467241382
-2132716800
329912270
1978712105
-1088669115
708786630
-1122562698
1327539304
181466264
771384664
-1865922968
-1848093927
-1484676584
-1140561201
1579776375
-1546493122
1594308560
532204094
1776882778
-939481137
-568233947
701119034
-813042969
-145534754
-1372176601
-1631934564
452287873
-1720812804
-509364183
644672900
1351219919
1243533531
718420115
-993293919
951822510
1111761716
180218870
1366282416
1831039080
1962089194
-276038304
-655792318
1193151013
1509779823
540084721
1979581121
252355489
-1205724313
-1535924050
1882568372
1042472479
1897787786
-2115036268
931680833
385890205
1659757518
-2073592336
-549154317
-1988996280
1377055428
-889060371
-1131271746
948753714
-1831687359
-1039589522
-1015289025
1963640129
-1051525055
1661836829
-1468036025
764456298
1692425993
951260356
-260779622
-919214305
1457758603
-108581925
1031152115
-632239099
1434829581
-1423400607
-644823733
-821510678
1374845707
1308365807
-811379622
-1511245322
-177266084
-1896223991
-1540023203
368601887
353912468
-100536137
-881231078
509800418
-1940222038
-1999212460
1801352993
441304879
1348590553
715779749
1890981971
-90662748
-1123830326
1262997292
-511818585
1535233022
-1135048462
1485929150
205727019
-1342364724
-1081526215
2123291475
1775523657
-1999843484
-1349715236
384450844
-347771316
482682907
1374528403
-1248000805
-155809503
695373231
-966347275
51608430
2045378657
987502088
278261275
962858667
1987604622
-1919613920
1262100100
-1214345357
12887196
1794783806
-2098755528
-1594485503
1558521011
-476570775
182915375
1725496707
1003580723
-1433890788
-899154702
-1037048853
-478342664
90186293
-931001470
1781899014
-1771351586
-230923213
-1929371015
-2081972788
-286663033
-269150304
-1865816977
-1523632902
801758299
244631244
1699011231
2144973278
609902288
-548092485
-999549751
327042673
-338172693
2124664416
-572038311
802038442
-1648846331
-1216500726
-832991289
1002196752
-1133158702
1221437981
-1079036095
-1766843247
-672407905
-1157842427
565062536
-1999749742
-9030438
1080525928
1134525975
-208544697
-359078185
-1903699558
1223465353
-1112522173
1173370321
-362793643
-1926623941
299296082
-720237266
812599721
-2037321936
-797119098
430575878
173851953
-1433274315
922650767
-1335258907
-638596985
-985940411
2060033616
1572692688
-453853447
1004515630
-2083997010
-489166202
-1213231492
1542962547
-1229832022
-1212296953
1860850400
-888620684
-609273167
82325593
99620933
2036072652
825121842
116864905
-189642547
-768810502
183306353
85756656
1681834386
-561200574
1938387610
1335157943
1081066202
1728781269
-259118311
989641116
598617993
-245581265
655928872
-1480333835
-397160490
-2062559040
-415119447
-2034194699
-371029183
319883214
1602740277
-1524472787
975228356
-107021415
-2065135756
1325993301
1115327560
-1752585793
1230491566
-2129784756
738827354
142301410
236539554
710421341
-1616948450
-1362065785
-211298410
-1432117308
-699097213
-127023295
-1474936145
1178372208
-641395784
290522382
732222850
-981378807
1013748190
-628244480
1760305386
710920499
1978044414
1161442591
-1875417061
614379540
-1756813508
147689357
-491395849
1240175636
-658152884
-506624021
130776480
-1463094557
-430342363
179049979
-1405173938
-235502145
351868917
1268521094
-859098527
-1968896521
1197107028
-919726208
-1233364039
-2014628438
819403707
49579113
413597509
1978580
2026008119
1031871733
-207915046
-1222948214
-1736609703
-1006414866
1166358597
-572917116
-173161104
266986585
-241645150
552640220
-276153606
1718088407
-302851345
1291654677
1299444822
-287284914
-1885325861
1601074526
-1656087106
-1606403896
728739044
1849515798
-1269736843
-1065661030
-492022112
-1376469614
1030185532
-1897102904
-1779455398
1262806558
1305379337
848120232
-1289727520
1484220482
-1771834373
772691652
262915226
-944108219
1557086855
-1743418107
-1168769058
630967286
-697816329
-1283217908
-1176768381
1535030441
1483977493
1961240291
-329621069
1282283904
-1640995293
492866516
-1472953083
1073247979
-533402355
-1834889575
-1487771701
715186289
-786205215
489269941
172026279
1651766703
-1394106754
-59554784
-1757280156
-595024991
953931403
-237956055
-1963617022
-571132384
-410096469
-920633192
2049943058
205880747
-911361298
-1338523374
-1743561916
-150532759
-1037687158
760870593
-1243756994
-909322898
-1124866358
-264922573
473304238
-1805935299
-908736699
-361946238
-577431646
29696653
-986883757
-764800843
-139959274
-145760177
757876925
-810307994
-608646962
895861232
1463142323
-648591708
760694118
128206555
475416066
-1352017382
1881091751
1775032897
1663231877
512345968
1249791003
-570662116
2088070620
-641137423
426293986
-511881104
-560952996
47108205
149400007
1492624851
1652802886
-343279264
1288651405
385272880
828736314
-1766119085
-1931914097
1895115463
762100205
2133905026
354915463
-1684419465
-312775911
-1627091778
-385251923
-1361799873
-1572469579
449075348
-821075965
-230044670
936583526
1181720751
-1003190289
-1572471670
550657076
-2049758854
-1115591927
964654542
-188732544
1163165449
355325494
1954211959
-508037323
-1914166983
-1622533899
2092755360
280288830
-2063872491
-343504392
-1135976995
857005879
567316091
1125531894
-778694530
1062819942
190212350
606280127
-1994786027
-749006100
-1772757234
1427526800
-121700044
584535351
1238472790
-1168480344
840836219
-576816966
-649273243
1181734427
399668433
402956000
-1068901744
527966181
-675069712
901685565
1377603605
1006051137
1153583911
-766064378
1130249347
-1547933893
-1387133349
102128067
824081497
1726707588
136585038
-1981211838
463880685
-2060265083
287364643
-1415901490
-109398897
128940726
-1345590239
-1121991775
-1584636434
-1443178449
837036470
1620442774
593578425
-1615343746
1197916351
1857136930
-271647863
1692084411
2146438918
291584901
-826056963
-2060833318
1359447308
1478694460
-991291866
-465902784
1903998215
164789945
-1595028954
535213464
-472396243
-1074056363
-1309973997
349810918
826279987
-1791112571
296174624
-1795844901
-1419853040
-2109845173
1131611390
-756983189
-1494327546
1043979504
-1632360065
-1970078052
1578111202
1626801135
-404562307
1026205345
-378259839
378565172
-1763587335
-61640409
-1508577386
-505934714
-201432954
-540047123
-1829044565
1392793408
1878740455
-870691686
595670629
-717155257
1300035575
879009738
-1626671349
-1848161225
-448127799
-639846039
593920072
573585119
-246348529
-1485569212
1935416112
1446622959
1854138303
-244654371
-478715776
-1712694033
-1046125581
-334273666
1948786473
-1643240077
-112708336
-893818480
-1104369905
1701078669
-975993558
-407931092
219118605
-89481086
831488423
-1369087502
1738454332
364324287
1288967713
-379143655
1742965877
1082248717
263057809
225202887
2005197331
-2144851709
820787625
831355811
585611517
-1260526660
-724856704
-2142060633
-653463837
1435588042
-778481548
120929594
945534150
-1676187286
418652747
791866237
1568443326
-734965000
922571163
-1160683291
-245315081
770821029
270566252
-1720848631
-1697715204
170836838
944616219
-28104772
780940855
1091026479
-1243899520
284761950
1941990072
-564637599
1829167699
-329842577
-2001168587
1903259264
560255947
42058852
586825553
2079032360
652627079
-247650883
-857184479
571377217
-562938959
1356930903
1733313003
-848530319
-1326647456
-1975022338
508266800
2065563090
-923527874
-1617247930
2067972076
1775779044
-1779652246
2014782618
-1715870181
1947057861
-1803808865
1700737429
-701079425
-1229174369
-1084120427
-1826463088
-1372252000
162272864
-634780249
80536699
1377048852
150761904
-744823627
-369155344
2118330880
-47908833
1111510603
-152469115
876818910
1028776350
1483934722
848942689
-2043388288
-613085135
549559590
1208842769
-986752429
-1731406367
-971262055
-525074276
1940263400
-1740855818
-1497730314
1161555924
-1781740112
-1058855579
-474119688
1698957038
-1831558137
-1172550009
-1676141027
1025567573
1322026867
1104518156
2112784774
865095354
1989047596
-234524882
1882147617
-1523588497
-378370081
1769350440
-985560823
706718709
-2015759698
-98005015
1364469036
-929263917
2118133883
865650181
1768914989
-421978199
-90131610
-999588373
-433715572
1680348292
1776582803
-1531352995
-740430844
1592583794
1022469168
1402027548
896579892
922515545
1696913846
916485346
-1165783167
-866068732
1454130286
360566676
1137002298
-1643092354
1353659446
-368034377
-1569862660
-1537601373
-676924796
943701540
-265528489
-993179405
-502735957
667236599
-815232591
-763496023
-492681123
1053394125
-1550569110
-755913205
319490928
-632091859
-1937067968
-419131901
-1684305947
226803782
2027689717
-991297809
832545573
296247770
-1347866833
1045822901
-1068492916
-1037487750
-1650492514
1226409497
-1313871061
272866803
-1208838557
1783470930
2047086281
-310276088
-836595280
298698201
1870096683
-647868832
-298500437
1316756100
-2015505771
822619330
-117277033
-1999233325
-458439536
917863039
2073166389
1912807050
-1184316948
-712678354
1233853287
-1225144705
-281887992
-1285243746
-2120383209
48502965
1360065104
-1424367352
299124054
2126908840
742597894
963259524
-583922233
-404982038
1319763013
1717481150
1342750270
-9505042
-1757017533
-711910935
1668541859
120136227
-766322730
-1182458894
-730292964
297540932
264685113
-1516136711
382368107
-1714729746
-1068971761
-1683985156
1616465556
1446767218
-1506198361
461558485
131043778
-64450068
-1904518016
-1954324890
1867851114
959913364
327228944
-1889647599
1417132976
-299867565
-1393331263
517699438
-1068729590
-1507941991
-1955775429
-1844600009
-34289374
-1645165459
1247764968
-646697849
468344833
-512904251
781774516
-1872906941
471142761
713318935
1314265108
466342360
1240390785
624581167
-1134196918
519038502
1260468663
-2096896189
1126392294
-211526213
-1605320479
703474244
-906111345
-1245400252
259689893
-1429950346
-1859177981
-1166410945
429458971
-1176412350
-1349140389
-1179064843
1350297520
1911474506
-565051757
-1073124185
1780072013
-875413314
-1856511926
1904188935
-94426697
-1535886611
-1683477051
-1538245143
501388600
1702025502
1706245689
-354210758
1294550399
-1976325471
-860450231
-1322203344
1670701252
-1266222048
-1627712819
-464077629
1558107439
1415596090
-621676588
958660443
-898023046
1649188178
713726956
-2044538422
-847035436
-1115091805
-654590048
-224190853
-461843704
573077143
-874577599
364285420
-475757090
-1294383015
-249197335
1496518745
1859906753
-506397016
1985562812
-723005767
-1737137759
1449951726
-619839119
1484502765
1592816154
-831410288
748313360
-299100361
2126006230
198157447
476613116
-384500504
-235293905
-1753178833
413866036
-1508619683
-335758313
-1995866529
-1992148267
-772556757
-1442063045
-180331591
73563107
160773529
133254502
398757698
-262816696
1956666446
-206243037
2116564532
364630555
-135861429
432807590
1265903379
541083430
1705082138
177571308
1135391997
-1223754846
-1241191097
-1442054367
1921963078
2057941316
-1782308593
-1790278335
-2078116796
-547569028
823732055
-720104704
-231202202
447842811
-64232481
1531658222
-55227765
-2094973322
-1269057097
2036599766
-1930188656
741557930
72673521
1771863143
195936043
-765572705
506565527
-1032916714
1312516086
1907588911
2121375199
-176467646
-528559922
214959305
-1886134883
-279807848
1980987998
520632946
1942899960
1315014072
1817578486
561867789
671757408
451997464
1224020129
521030363
203718591
990216745
-1557663371
51837764
-1614695698
959426743
430620972
-1828865321
-1542966934
792187029
-495801101
-1764400498
2022362439
1935421816
1006118530
-634435242
1339609444
-490722013
3218284
1741310671
231209695
-1946577468
-802763337
-1184565680
1239422411
-207870307
-1715986001
-724227539
43462944
-126297369
-2133691145
1223139131
898145778
1749110514
-1216851232
1135487124
1824533990
-308441200
1569626621
688630679
-1261017888
415562676
-1075976458
-4647886
-1573809663
-1315890091
-163620708
485411171
-2004155440
1074501272
13173054
-812489221
-1105802314
619093037
-1136682694
-1820280412
1453311151
-1201570312
-866629930
-125282778
-909061826
-1710144268
2007928656
-685167387
1040155809
-1323338412
1124058419
1534197933
-178541754
-1055957014
1350469611
-1801670734
-1851103619
-46357044
1780885659
-1835623983
1911213934
-1555312076
-2078341074
699574044
1890407756
1961897640
465715884
2090250901
1355172554
1777874266
1641823182
-1253155528
1939297998
1187268049
-1330454317
1820953918
1068678244
-278822969
-1857178732
833428896
1398189557
2126309461
80409302
1270907353
460201911
-369017523
-143756321
-89431568
1084738919
2087983846
-1731460789
1440903861
403400502
-699574370
-935832801
30608970
-1635771904
-1957840292
600372254
-1135521564
-1372133693
-1568117036
1943840859
-1706770989
-182551218
1378147375
-626317041
1779151039
-1817342408
-2045459990
670321068
919478067
1051445267
1511309053
299096625
1434218079
-999230494
1544267584
-1908352320
-1396743911
563406023
2118077194
-1575758739
1240097317
159526656
1327207707
1272539992
-1907249483
1208539668
-1330437445
-1485603331
-696638158
2033025608
-1561413086
-2065930806
-139412420
-951804584
584270618
-981127951
485746159
607180387
-308533790
1375784319
-1174838424
1956033830
-1981664171
440126893
-1900065657
-2109275027
568688971
-1499411082
666849269
423930821
-359478721
1837095273
1120366440
937554038
1631803186
-1625844032
-420758491
-1313058385
281048270
-117662544
1933105094
2115859459
-1425937203
-1869836542
336018749
1203425300
-1699667813
1491062242
-565471720
-852158323
602974778
2089144054
-1287610362
-2108454059
1233299301
-746228814
965437081
1762042368
-530181384
-1143213846
-473770675
-1174350455
447074446
726277032
-1555044920
376138046
-795193749
-840356033
-1976832413
975728891
-2004295268
-1694670689
39245032
-1888319846
-1382399908
973984491
792144285
1555948201
852737722
1924055368
-1884131711
1137036382
-1957351049
1524888056
-1611919659
1475122375
416783156
130991782
1534970589
-1849454267
42403788
-1145274878
1961139175
-386676422
-2095826434
1356757648
2030654604
-334017791
-1149169841
1782555325
108822837
-2103550946
-1292583378
-1842926029
-1552855840
1322973366
-2129440168
1061844077
2080075300
1224758849
1915095934
-164327283
-1747951502
-24420995
-384269788
-1419514259
-1811124835
-278638683
-1524058421
-905243405
377506715
-900134174
241594194
73613737
2098483853
-2137873918
385910424
1515497868
2031783676
-224380057
-836431258
-1423871197
-1808190363
886860609
-836533364
469614035
254489591
1670479103
2026775625
-1588573583
707591066
-1131126782
1560975599
-537093864
-3694285
727002003
-313047353
1355845693
2098003494
-790663657
-888814287
1329398016
1115389724
-231490687
-1555514096
1461820612
-286741499
1879518983
-466232732
-789958655
1581100128
-1030958057
1052947511
549729880
549538745
-440915316
-103952707
1251023847
23020147
-1649984996
-407692362
27967454
34916039
-1563039467
1576901911
-556463022
833006092
832801352
-1010954776
1091614545
356877880
-204548539
824751471
-323976907
-938950746
-2078555192
-1600468850
1079215165
561078041
-677776526
1749679465
377252185
665978880
-1942379845
317142347
2108069444
1250529019
-1798809049
1319592138
87533784
-1538132835
-2041722185
196346408
-1262693475
280873075
760516258
657912316
-238489694
-673564603
1110556996
759908880
-926853232
143413147
2098831958
-61367667
-1154162693
1009003394
-855721889
-168571563
1949925627
889792143
-1575213462
515857328
1979876603
-1188151004
-1646057223
766687785
-190164784
-835827215
1225715257
1321279162
-297264883
2095286974
-585024138
-498203354
152770708
-448332442
-1682071088
223090086
-1961223056
1570721062
1937771567
-1559146041
-1546684190
-909629417
-632872844
474393490
1599519673
1021224185
1337565680
-1676186899
-1596805146
1227342129
458339097
-936966848
-116947377
1540504340
-1229988742
-1491448998
-1406257181
-461026203
1252200171
787157398
-1378650898
1472334108
-2106452734
1712043577
1139127726
-550148503
1086728137
1523722782
-1204076507
-1871368713
-346187088
33054612
1796355888
-1719508620
-1180118331
-1317387386
1989805784
252695121
-706544350
922199261
884392423
53735878
56309925
-364728799
-2111552322
-1608966888
-1497749786
-332802714
-970444443
296741406
2036013157
2031511141
559880419
-1214564351
1318012931
-1257829656
-769497648
231082050
1142217139
486536555
-825631704
-493919231
-1787654031
1065390592
-689651103
1031328123
1602514802
204005747
699664318
-49799724
-1382761828
-524885331
-1695548443
-430604522
-1625290184
153529949
-1401328721
550195833
-1139120667
675686612
2101294911
-450037020
1081514703
-2018021840
-258034347
1146004403
1443905825
-1603576644
790001636
541060026
-1590942537
-380640873
512247265
-834159478
-422968040
-1484526702
1455447645
-382742030
-667033437
-1004722082
1673877717
-163400248
-1808384249
-1649807385
1809135304
-62442519
1169698552
425460218
-265717110
-1494185347
2096163615
2003761709
-689612968
720034431
-1488430511
1512545791
120475307
-1155556228
455008003
620194109
-6238511
-414835302
-481023491
471989415
676832952
-628078373
777782350
586699475
2111202061
-679198557
-2021571457
1771560786
781445253
-266892169
-834247925
-111543280
316923769
1328078599
-355048947
-1425913600
-1949121352
784447597
779091003
1635836408
1785836440
223963319
-18854126
1107791577
1934376270
-538495326
734098515
1283412466
-493624961
-416698712
512016045
274593957
-634258410
-1067098563
-224948805
129077835
-995476393
356351828
-1804800720
1328673108
-1278936780
-2022877144
-333089968
1283889843
1771697887
-1269738696
640815777
1307690872
-1291226720
1302008722
-1461333278
511139006
-1120239128
-1468266156
-1397381828
-375325242
697511333
-280606097
-1390098505
-126968732
1980742359
2067510190
-1521521681
-803918951
1344542562
826250742
-605252346
-249341823
531327526
-56658993
-1296342820
-323064465
1662460236
1667994402
-1143000963
740803414
-951053854
1746954052
938566619
-1361222294
-2116977494
2028869426
-121201476
598657798
-1280373714
-1912888290
-1840202507
860408783
766779416
299332650
1407587288
357184026
299628992
169821554
-70684950
-1104900214
-1706582523
-1098527408
-1403649575
572733437
-355499937
-503543846
-923969108
1529644713
-1113830604
-651396177
-403386565
-2123378303
101931371
-86968845
-1978454814
-311120163
890811711
-1372355945
1287027569
2049339737
-1754156971
-1170692899
-1846203802
1908473340
-1607440113
1348539419
1230833501
-1221435235
-1228811998
-887390018
-2022328121
-1193885055
129829221
1644111249
-1008488486
-274028727
-1439947028
1900521791
-210516536
1768526858
1173599573
1349456918
-1020856269
-892500803
-58750367
239787533
785971423
-1417292839
674283206
-69379832
-1332509528
1573025854
846323778
2052914009
-1337215561
2040184149
823374067
-1996009846
2112210160
-1620780684
-1293547547
-1670543783
2083450542
897975942
1990567660
658834435
-1304138062
-1265041174
529602996
1017530821
1691993944
-901574500
360968726
-381082977
-1052784629
99483794
-325519956
1693778522
-600766726
1428138088
390664359
1799938508
360694283
-1517425602
2131108319
-1016194213
1393318671
194533088
2007888939
-444724289
-399842505
-1430343128
2065889522
1788508939
-2045679161
-717340256
689805314
1983189485
1431306761
-831159445
891431072
-66953420
-1561414525
-615998620
-1766529057
-489082478
484233067
-1027683193
1738965045
-1048098397
-467645862
565421199
652801610
-877615059
652947776
1962720737
1829113619
2053045417
480791192
403651496
-1353874657
1379596290
829385948
-1455528896
962761520
-1463711844
-1335544007
-228655657
-1623862771
2120432791
76620166
590434641
1022441366
-40082604
-1594878094
-2068973716
-467021543
1123585847
708383485
-546319323
655074019
400334510
-1439929815
1312285785
812224280
-568427662
1822278640
-1238515282
1004819910
757209868
-453777288
1531576499
1492714040
1990689691
1322836101
512085317
-1879549560
1508759764
159914030
-1489147595
-168944009
1133229385
1238333651
-1343655641
93863552
1201492973
917745229
-1305670724
1291533354
1055739350
-688452761
1836410611
1512204958
-1899696059
365281677
273229772
-747647368
1650290403
968974275
-584273874
-372721695
-1128565171
1322306776
-756392183
1110010333
-1370299694
-2017906470
1801203391
301687521
728276859
-2083028532
-842639937
1261378216
-888868533
-1499879530
-1599550093
1137920326
-358042937
1959881532
-454565028
2112949116
-451132489
-689265325
1066023034
-384468914
-757649106
-2119082065
-1035152656
-865698861
-2064918072
-387195295
1949574632
933890891
2018677299
2060960736
-1941228620
1887700598
-2094789137
1759036549
-533713355
-257926621
537595993
-1818583748
2015377792
-1497090042
-365843995
-422624904
1898591421
-786794545
91129258
1439528039
1581952338
-809732745
-2017785053
-35438233
-1598988223
750387420
977492019
-1468856393
-929894962
267924111
770529129
-450294415
-252730523
-1033356819
692352645
1459801527
1273135033
1922332780
680247611
616592940
949605680
1569947190
1284531254
166479782
1649225341
-397034501
905108575
-2144678367
-1768269426
1060896259
-113420706
1279402998
1676524713
976356482
1753350752
1182118987
-1271375407
-1687565009
967073818
230109389
-1351080850
730423831
-1323514098
306844
1388154156
-1327087187
-1875529971
190258823
-1918670813
-1786334170
2008448252
-519859079
-2322121
575840771
619173850
-1398468046
-590548287
979550190
-1827026431
2127284537
844747374
1089872842
1335112363
772409360
477595751
1820563205
626936760
96880297
-21429070
-354600401
-1445836883
1690109465
42452695
1790070224
1589529599
-1802209397
166800326
1998861429
-752596078
59711094
1583363575
2145452556
-323058309
1888084498
1583952851
-326685583
-628708339
189088263
-1338054574
-1975832248
-405145581
2126553703
1304369636
1737573645
-793465767
-60169506
-2055296107
-1971691672
1713622385
-866994904
-1743018901
654653637
1588859315
1941989058
1553844498
1102646564
1972456837
-142470684
-1475040326
777599021
1551491035
365193645
-1909696960
-1321337210
618521345
-86403680
-799018357
-815785879
1270490520
283037774
2047087928
-2064002704
1849372637
848346453
517508729
-1250307661
1261754673
154839688
40625466
246473748
1262432724
1941713007
-2036801403
1038437848
-1894660876
-194779663
822657830
2097908602
-171804954
-1273685169
-651485807
34440891
-1424129102
1176096852
-1145153020
1728485885
1570791893
274815434
1158833896
2045506769
66686273
-755013072
31531900
-1719781938
663453352
-154766935
-701599052
-2049290844
-1936633095
-116160202
73144414
1372389232
493348650
-644784857
-1027881849
-2140302767
-1922667464
-249902386
-844369636
-1246132166
-723667093
373106038
636646867
842296841
-1819946274
-1486530925
-1194199477
1714165976
1964347966
-1413329606
663064178
-1569528685
-851955759
496660690
144728358
2137442251
-254724678
-226948340
1971645726
1228230856
180303738
578018576
1258441739
918151140
-1101914182
-954706952
1684258810
-1739279594
1370625607
529731713
371274491
-1964075315
314589789
-2120501761
-14316281
709251070
1909124391
-656788335
-947256290
702681984
-352139130
-1608908138
-806106448
651206295
1379360273
1005779295
263438397
-1022704435
-1203967396
1154926885
798885951
-1761638648
-1094834051
-907200451
1049209671
2078410713
1516294603
-2045206134
2026284645
1928458513
1414256105
-1205901774
2010844364
543956634
797609730
361645715
-1849811018
760914563
-860326315
-1598892424
819101829
-145197476
1662328052
-196312953
-565255894
1640918467
1373138119
2122697982
-1713973558
-697024962
1402697175
-1079058530
-788811106
339325003
-1339405367
-1152556826
-495483622
828984758
-615008345
-1566226812
24293201
-1592319703
968081894
1243688712
-1756977513
1644387081
-2104338268
507004122
-466170265
390197119
-371222992
601545838
-1279095673
1450541524
672361423
-1420934731
-37618838
897396993
-479284035
-34379562
1689312980
660216198
2009593201
-1359251939
-1314799933
-1358258054
-1311880411
-1077391053
-510833523
-731456541
-1676849259
1508292495
-1672448443
-1410683833
-815467258
225608236
904776803
-1945150590
-229335415
-762506628
-1127408221
-1298148134
-760678272
983112348
1308519725
1871694416
806376801
2037265608
-1858885899
1250908984
1276220090
451542544
460764772
-1172697076
1360906868
762030156
-1344806088
-1353105540
-818588581
1898067788
850041000
-1893781304
-585311267
904191316
1420098250
-557740206
-643330543
818948807
-778506695
2028929902
-1922587653
-547748575
-792496654
604308604
1248251150
1647941930
-585528450
-836224967
563887601
-425739160
-926427818
78836561
-454137979
990867924
42786690
-911036616
1022007847
-2048031279
-1276396926
476481849
-348317390
-371624615
-693164942
507387598
2056807111
1448154233
487825512
100227890
845328336
-1522292738
2087788576
863963701
-2073235391
1062233712
-1130159141
-368491442
895928224
-877161409
418935939
144967670
-638104121
1573171004
-1604199405
-1410624461
-1835362328
1122721098
472481845
-323135374
601902546
574100052
1022542636
-144208487
262655858
-766467711
794611443
-619656100
1656401563
-430953050
1923100326
-1563282224
-1192328951
-426955524
1847728673
1318320957
84102818
-535858158
1165907942
-228233673
-251387905
124222469
1731385667
-855193105
-196906709
-1460185107
1193702580
1257008326
1298500778
1288768922
1173774981
1063797027
-175697220
-2041232001
1988911035
-887132027
-307351326
1257801198
1866046261
1790948315
1301892513
1061449093
-1464807155
340317459
-1830409083
1083023592
-839108541
-2123090448
1975045736
-1808900177
1664231068
1141731360
481923572
-845089630
125144775
-760454515
-776578971
1523873059
1878899906
-1032699917
984265363
482968555
-810355589
309359282
-995141073
-651425031
1470355130
276392420
261192524
863641798
-1569607619
-1836538958
903254561
949456060
1578112804
888178915
1039786253
296787689
907442831
156364213
-1828928806
-767144209
-1817671547
-1102427152
1412652357
1684592191
417631767
822282807
-1563723842
-1530578554
185939397
-1851956064
-685540757
-780307098
181815327
-1625568633
82041202
2047492713
1244811951
-400374369
992833655
1323344946
-793159402
-1325875639
307466851
612677621
-1695615884
-305319640
-222244505
-1974045144
1869645069
1338321396
-317603008
-1057203334
-149267928
1825838991
1516324284
572206340
-126028742
-1689957035
-243923076
441011134
-396245692
-750008905
-1304864518
1377782579
1395725176
1077082635
1759218125
590266232
-603921886
-1457200228
-2054531540
-993823142
-1204878138
1546025480
1356998832
-102592554
400998532
1043153611
-661965731
1765681613
-418078780
1447413270
1191160546
269193975
-1252959218
-252969755
898143007
-1927988968
2021065273
20188240
743637992
-515848590
-1021201209
-260906464
978831112
-111861126
277852303
-1342470492
-504649592
424888782
-127240292
-998295611
-1754335695
2138059109
-1589819819
-1528061608
-1846086834
720185608
771438301
948160179
-1976286026
888107264
1547286204
1722118530
1451596040
508491536
736768702
2138454491
-1135210184
-1738576219
1890065691
349207439
-1294258870
-818530229
912175576
-2022060862
440287582
-48051101
828120428
-885929539
1081718507
-399074030
723380645
2109819394
-1561158065
-418077828
-881011508
2132759200
626742406
-1458566094
-274958585
1950505417
1811169593
1915008744
1197824510
-2004242527
1695281403
-322208405
1704355521
-200007592
334499790
2102883793
669306345
890643322
-493549589
-207051791
443534845
143862917
-1487779646
332647957
-1639973866
1493364923
-177374657
740714734
1809838788
-123423175
-1978720178
2045300424
-208237773
-825229239
-941657439
-1783613954
-358022007
1957899507
1379036336
1463098031
2056109458
1004918745
1368807937
1589252017
1516135583
2034112068
-1626840407
-1302713659
375570858
1035264121
-1522082799
257261580
-881099074
-2028520367
-521051651
-706387782
650547861
1476853000
1956838346
-393654008
-213044862
463940692
-1238183434
-1051137681
1915054225
-1703055175
571226085
536221458
326092524
-2066545381
-111735326
2088660859
2050734464
-126544492
1941290851
1183943562
2028174559
1163761032
-571580015
2121113001
-2128950937
-1144331531
2668038
2021832516
-654729820
1071500047
-2134698537
1559261560
1727974130
1346028555
-1201895211
-345445111
-1734596506
-945524677
550669584
607083929
1939378159
-497893798
-2016062820
261592087
1488062903
-2010432727
-828543081
164576373
262982094
-231446470
-545632151
-1072643427
-123608054
-320394229
-1079973811
-1444212059
1848302120
127840085
605447697
-330782656
-1640667082
1419262886
-1677004519
-1617714824
639447861
704245549
1706341033
-1107572583
945765881
-462399020
217821026
364824944
-921352108
-1671407724
2034971917
2090993077
1621458035
1084996611
-1981423465
-523191099
-1812656505
-1562598607
-1973059492
1464367763
1966256807
-915113035
-471837017
-869727776
1916275956
-1017569790
2126610553
-857987670
1137672189
1009485054
1442481289
173884897
-1373766299
167312341
303058572
-1573952672
-1538868029
-1032792823
-236578122
571211546
-765920055
1440087757
1682773375
876886164
-285855065
-1987770221
411546538
1148247954
1948339121
-1738773021
-782498174
2091216149
1385030975
-169985426
1312854118
-1239083132
-690970924
1052728163
1289969032
1289254440
-1438651775
1745498624
587425009
-709531683
-1670971509
-1304478869
697333192
489828614
-1679633589
1362616769
377894098
1459094721
10173525
-113456529
658173500
1251503451
1942528988
117585345
1495482264
2102151174
1851320660
139609016
-543695323
-973453367
1783389273
1599484447
171638099
2049848247
-1714556721
1072490464
762255749
126440547
-1118301879
-1634836077
489237272
-1731738478
-1419136082
-400501929
-159087197
-1895982798
1315279897
-1424124955
1579083648
-1972759413
1919924737
967910625
-727220853
1500403892
1136372634
-882709389
678682409
-82293433
134214522
-1467583466
1989822091
2089397335
-2115380098
1803632815
1077971252
-1869714782
-977893395
-1324509215
902010040
-2043351293
-1329282594
-1974221153
-380406843
-1720857303
-180013097
1597553922
1239162727
1457518477
-446368329
1977226076
-975986553
-42361695
682118357
589089932
940197300
-334159035
-118847128
1890937235
1059189029
1930230398
-1126622680
1281696359
-1759657218
-133156759
168234549
-1282320377
1003201490
-1724578707
-1558180552
-1290300465
115176297
845539503
-1517277753
-24008691
-1382031422
1494787786
795364878
-1453144621
1150888027
84319167
-1734552918
-1742758898
322589103
-594002134
1412886488
1332794327
-1687057153
-1742378569
2096029902
665878024
1620367445
2068778707
1730654568
-948419054
-1962403131
1187929509
-1498710521
1415544334
-495828747
979402047
1125207478
-1786423279
1669930464
892688400
950266509
1886707907
-1733028906
-558159203
1597201498
-1414164686
-1035875898
419940720
-894375555
-1003192861
871198911
482071120
1024442898
1088397610
1312054708
1129004209
1004714325
999132859
1522858879
593100142
1624355138
-1797150080
-799254232
-1567444555
8887420
1401277612
469227622
-1672968894
-496747921
856667407
-946552731
-1013659697
2051731896
628744108
2047850697
1035199946
-2019922749
410816136
-464359182
-848512952
-1360077643
1468865732
-836896895
898129977
1108018829
1628892909
1822721563
370155741
6454917
-1964862317
1460520300
157937014
-578701890
-1009455336
1697434991
851680831
1597423131
-1720094263
-1419811349
29884572
-1507334036
862441266
-2147333312
1469593234
-827088689
-1765365843
-346129565
-642311816
-809030318
1848773948
1051709222
1882952686
-133156131
258338968
-2111478852
947529486
1908876366
628738953
1757452412
-1683681567
-124846107
1971068024
-67132187
1826994709
-37159197
-1458469054
-192083231
-1687582484
-1937695891
10792782
-117610162
-33093770
822251701
-1309597983
-1002868039
1455429377
930199898
-1987784784
-1966470036
-407323952
-1564807153
-75945802
622385578
-931038196
268195451
308118856
1561835320
-988833545
1015719520
-665151131
-739906785
-1901300889
1678733566
-1086896302
-533590864
-1110904207
457273529
-715343258
1686366408
-650589341
-2137140999
-108995806
1300883029
-953883144
-1852600239
-914657148
1345957656
-1522315322
-2046795550
1547403932
-968089428
-1412009222
1206954753
1746391647
-1718040122
148669512
1485477399
-821134662
-61507651
1509121052
-1088013367
-2026565910
-377317299
-754700523
1796434264
-405026294
-837454953
688773555
-844131511
-788814867
1157464683
-358894770
1467277128
1135632173
-30251830
635575369
164980809
-2063801212
-3392346
-1504101496
-146530065
153714522
-1207930645
-197026018
1962866737
1123078046
1543052482
-821709749
-180083654
799638744
-501371117
-2094642523
651605905
-1779943809
1523023436
479172244
-1638603654
2012605831
1489327201
-1575524606
690262683
472724286
-1614989549
-977501613
249637601
1008253272
162263155
-2109055341
796900772
-1253314744
-357164119
696494318
-1207113976
1570707664
-1820935695
1361662052
1480201639
352172507
-1707895834
-1336211524
-1641670804
-1567659126
2065689347
1697215161
-1373171519
1995468428
-614842523
-1023315317
-1608891924
-1028616526
1104817621
-384088696
-1256177994
-190567487
-1454396922
462384667
-1913488307
1073511306
-1505421030
-1923181316
-446080661
735664440
-2115366806
-992421215
-761789258
-430426648
604290182
-1985721357
-1672092310
2034826878
-1042008966
-748065211
-77370828
2011892406
1426996563
623384193
-1294835103
144796025
-284737055
1118175140
1983399223
-1666245007
809206461
244044907
-1665987677
1610687711
-755187059
1742512206
1966047251
-1525331029
1089991302
129948589
-1377163099
-630571332
767206194
474842953
85077889
282481034
-602391181
-845477131
-452465278
-1175986448
-222607417
376884108
170326811
340480582
103758796
-1373524955
1688595320
392179119
2020847622
-366154107
85202403
-2014862930
938596832
-209574187
-1751117463
-78870017
-1111905296
-833997164
936887997
-961682524
1836848255
626295502
-700629925
1473384509
-317972409
-1778460275
18448624
28998300
-175569538
615627408
1151948792
1911845016
-1846584557
1124857658
173378728
2017281569
1173356599
1393810893
-1922887921
-2065885803
-1999669218
896754647
866467703
-730025647
-1292321274
1193804780
209652753
259037833
-1910844040
1147552404
-31079216
-1480847012
1196989133
234622599
-85800556
1236046370
1971754995
-75730921
-1807780213
-1608559608
585818480
-1707983891
718861012
-1266180897
2125414311
-830554889
1968162148
-1662648784
-1233770406
-836466272
-241085395
-1806839917
-259568528
1431173186
947368316
915896896
-351224329
-2128484648
-337749086
1790142950
558232171
-2001679880
-795815210
-1443187013
-1007278792
-80791809
1694640474
857201876
1422384765
-2012062323
965407195
1441993910
1373610514
-1510595532
1276981277
951263532
1737755340
-1485054869
2108960727
631023194
-550382081
483115464
-894409253
-609788398
284599107
1683142766
-1884438663
1363262821
345074811
1492713155
-1000012763
2133909373
-1562117613
1722140262
-1945162409
-637285974
1974523784
1924065376
-1060382542
678321338
-1835693012
-468506472
-1812318104
89229196
-26665941
1381022860
42345948
175869671
-1055713848
-1869543106
-1742652792
-427524473
-663769364
-1191326613
-646311136
1507334009
1863956193
-928832254
436347127
-1237332056
440098906
981806803
-1879790174
1179956918
68364214
-943250041
525858010
1349145616
1072322949
506282704
-1394902874
-402599364
1410268490
-1927164960
1376056249
-1294070924
-1757730686
-1627848162
-1487958504
1087523704
-588251675
-2018055401
-1929955329
-1071195488
669703403
-1353374798
-1838919931
838968880
-2025880175
1119236776
-456527490
-622159377
-1173736356
928452146
-1177836512
1767145210
-749143394
296143107
-1859834392
668234709
2082199287
-1074292104
-1566978498
-674213438
-2141666
729527821
-98684585
1696437078
1930273761
-1594644973
1703069402
948932680
-1565612950
-1160045153
-1826988346
1343038092
1314852291
305952197
-499961710
-1951201121
1639698843
690113030
452374677
-2113300188
1929807689
-182327290
-576268376
782867376
-174836207
1357940353
1333117193
-2011866399
266862502
-996116609
-1214332287
1749566389
1668247280
1413663175
540435145
-1194285544
-689017073
-545452655
93901353
-731092290
1761947294
-1989529474
-206255774
-161820109
-2045086917
1243129036
199946958
404918575
1754865991
1365723077
-1625800251
447536686
-1005061142
421903224
-1075585983
-1400159168
-1074863783
-1317787733
1204779716
1179078429
-198375589
-240544241
-1206689160
1543005308
1494744072
952589749
-2076353128
-1437770076
-1919717677
1844662720
840717839
1107082306
1884161483
316254044
-1225230754
-1335395971
848282397
-1032665362
531756226
-1134041529
-28655907
632847500
-832639851
-1811477002
1003960581
-1332134993
-22877708
-1066892270
-221231171
-1020302809
1216416673
-1713001872
-1391024676
-1322391986
437509931
1951319167
1867736494
-1026409344
-1717281973
333016033
-1884517385
1119895498
-1253335919
-1012319683
2113525560
-768476703
-639547328
1213774931
-2132265168
1948395093
-1967998603
-524942768
1432271013
1741073669
-325231475
642212195
-648025757
370397141
-68625208
1264728719
365885573
207093662
719587369
1726405315
858789618
2055965798
1242664353
55691303
284154922
-1645304624
-136316564
1627656376
1026929474
1262704853
800756665
-5673450
419533869
-963079244
-1929968240
1505514140
-1181381316
-864665305
1073604592
-459983951
154132711
545919446
-1186291401
-1871469219
1042463693
-738749680
-2134821690
868555550
-1264400647
1751485880
1184819428
-1663671812
-847898010
-670179203
-801839390
-497408037
-1371450428
-1380693683
870988160
-150985712
-1480010372
-1128541685
-940257905
1409135925
-413634062
-1462119298
-66103081
-1423833024
-1025243383
1902168461
-93566150
941432018
-141046293
1024219049
-1383846375
1262631628
817324809
64705673
-1721756171
-1417433816
-48838047
-1273254371
-1377367463
720295429
1550382078
-1986564420
-826308617
1305276419
1733526725
1896960159
-1564180207
-771878703
1844438893
573740178
1394573338
-1352056573
-1403131441
-1376579609
521130140
1555414312
1418488415
1654629806
394318428
-1708215269
-610215430
1479712548
1661983419
821302937
-256993823
-1426811032
709118046
1001409556
1039883781
1184099956
-1295864559
154394822
-1776391292
1145829194
1500393960
634749192
-1222907021
-762030739
-2064016985
-679094813
-1485381155
-1486602862
1989903715
1869354727
1750055180
1453100439
330293097
1809409339
1548091654
-135860300
-1958047651
-72465419
691544922
830962928
-1537351002
439271851
-614199524
-1820224811
-1101449207
351741770
-954719955
-1220030362
894104980
-695451611
-1286353729
-1891996079
635095484
337612625
-1616132073
-441031072
455061705
1573979695
1656603029
548085301
1118264177
-1019408311
414966001
-875329226
-2143626301
197068897
324573382
1007351237
1833352262
-2017629497
-1444967340
1359280564
-1517623966
-271165205
-506425983
590557688
236516605
622346802
-1440876767
1897580955
988671080
-1948531188
226486134
1023867895
350115964
378610502
-681435398
287639072
593123328
1747241116
856328027
1340685218
-973003699
331602578
-1712150842
1214526060
2136080436
1392689795
1160676200
623524362
-1639796449
1358240506
1516223281
1474204186
-429791626
-1310225089
1331418074
-1365830664
-1079102653
1902212149
-593950935
-1838922821
1320189464
-1004709789
769986419
43318373
351472432
-284911281
1998436450
638331733
1071416531
405526546
1339766776
-428716288
445163007
-258803927
695768019
259239136
-1800508604
-1102789752
1189516978
701985451
121499119
597662452
158997047
2118858440
1029590378
-212753518
1638836462
-914256898
-535409950
908617914
987937933
-1711694738
712014634
427618576
-844948355
-1431240765
-577359137
-134045227
-1452334951
-463454041
-966094645
-732920966
-986194891
-1007303304
1793149582
31570806
158889313
1879707707
719527803
130240344
535178349
-1287419440
-246671937
-51215073
932894640
-1102099353
-1951537720
1255175369
830789509
343384370
-1790756893
1262788393
-334248298
1631069532
690395175
393321981
1187605084
1723517497
61490321
-562282177
-624252955
1814570173
2027698544
-1558794821
889487576
-228016078
1897144323
2139508961
-986358602
1436313637
438240095
-738935332
1667965538
-328753759
-159977578
-1488402462
-1215633949
730246047
-1707942123
952528334
1820274279
119082684
-1992451506
1300851435
-1493821302
-485546964
36203926
1104642321
-160900904
-1135651858
-421996209
-1065037834
-356883824
466037313
-1499553719
997576125
-1454164309
-554691498
-298723227
-1393576749
-1770217701
-443108282
-1209081477
-1289651461
991812183
1848574021
195061373
-77814362
-1876821225
-135356136
-1618621220
35032967
1609924700
931808196
-1907968470
222294887
1475799475
1342820999
1298823168
-1324756939
262523833
-1879914229
-134959583
822868577
-569366303
1531385817
926304991
1244851817
-139062668
1338657547
-1695233603
-635455309
1813501401
-1444550587
-268474283
-134347107
581122582
1218525158
593791355
1182905554
-1627876970
-1515197063
-285759837
-102689
-725048276
-1629592719
-67472513
-1046399995
-1474775721
-279355883
1354897388
-1023617712
1607084743
-860190279
-665082866
-1600667416
-1843947744
-727570386
499196601
1815785126
898706685
-1757830789
291696146
1772421610
289332791
-931009588
-438359434
-482020181
-735138970
-385089878
-369390695
1440669646
2082072487
-437729940
1351862258
-454019909
1010070687
1518421228
1165057622
-2125464530
-454739264
1289676926
-1775791645
1633152586
-2091425334
687286814
-765935585
-1426163725
-255324779
-1727198744
-1250396832
1576747356
-1116953844
-2089940788
795861869
1536494046
-167126660
-940074367
-1614766491
-1538200309
-434889714
1563247289
438027231
-1498913533
515243922
-1535716969
-2111705006
1986829829
-1381904259
1788965725
1214424759
2144530248
-916488907
875923306
-889713044
1552911628
202924171
-2015464862
713435995
-903821333
636924040
-1287594066
-2026703781
-541168268
1162253675
-1955650009
1923017685
-578413063
417541362
1626522637
977018538
-1363760216
-1722155560
1935484477
-354701996
995743448
-1026318433
-1061081437
1630028619
1004338085
897096335
-308662804
-716824407
-1878096706
-1477065731
-121879424
1748474384
1543452540
406035152
2016763567
-902876469
-308040393
1435002945
-1497022422
-135875277
-821850667
-2048579359
-1190767948
-861606573
1602838435
-1862696480
-590861288
621930959
-455147417
1498105483
934805341
378791681
-1779426379
-1878896106
-209556168
1038960740
-1569901951
-185484901
1482516417
-260684747
1807681525
1970510434
-1969218199
-1546443433
-486307964
-633534366
1341792043
-1028503690
2007660607
1386471688
1547318786
1613443439
-187068057
-215448010
-811033702
1896509935
-1373322174
967951757
-2130736567
-387177894
396414770
1812557807
1313364032
-88001555
1461939714
-2129894081
1636995581
-679875802
367377283
-1830217622
735954948
1280453986
1072863319
888393643
-656014387
719488200
-350999796
-1840765686
1695422464
702742117
512806252
-672953563
-90030113
213599896
154729234
89971250
811647491
466462640
-1857219264
-15128253
-2015524278
-165622061
1524305904
1411282892
-1439633649
1357282081
44129320
212396898
1538332060
-2137294056
-1903844462
2108663237
-1485264420
2086640697
-24958645
1154643744
7658836
619344108
-1830951941
2012868750
-488644268
-815001440
866428197
-1064854816
766267497
-1476970954
1801314751
-1819519587
-88524011
1359241375
1885335557
1264001609
636341185
-59516477
-1357984119
1661919210
567719410
7260068
1749469326
254655175
-884022085
-303715389
333220759
2111657074
-127918990
1634530498
-191856070
211740681
-937458778
2000458
1650231353
362475192
-1122678961
1261525806
-824161326
-1029175167
1493028423
-1939429936
253882453
-1093587649
-358207495
360583875
2065548791
354380263
478995031
1272517041
2147035878
-51663343
1611322129
-1987098497
844753309
1967222199
-866623485
750032046
-1264277384
438508347
1711596270
1320369924
637157002
-1945256530
-374422422
-2036120213
-1544224338
-1809242290
1060456987
-458105064
1604608476
711364688
947688483
-2143641873
525755837
-291005984
1936686551
-1603938267
-677127040
254016869
1500665268
-1103746777
2016237806
216296457
-1305173869
-1993781063
415517116
663577208
-201368548
1127133538
1939653407
1276966119
-75467656
1744316167
-304493147
1256904535
-1477746358
-1127214378
1385123395
2020222490
-1185800737
-748043931
577887146
371241622
1838739619
1506774810
-719448867
1581242440
-1751468586
-2048626996
1432767751
2022120972
591044992
-1440434518
699310217
718874522
863743138
-710125732
961333075
-1217414317
-997908051
-112795289
-1453180812
103014461
771685431
-1196426027
1677488883
705386572
833097708
141637396
481329119
1358756579
-911004990
1479822110
-73137756
-1281248359
2039981680
221202394
71787680
-1160763073
-36365024
-624805695
623510773
239948066
1391539554
1588868292
193617312
-236162419
-722355868
-1258817683
349279434
1286430353
-838570656
1253992516
1531640158
169861127
2709845
-2078296973
123553243
-1790990379
1372289529
554294956
-57361302
-714327695
-1015083795
799926602
925528114
-28009565
-1529091022
-1567424842
-593080341
1390858638
-1025659685
-787923956
369018289
-1647353872
446330116
-1473510915
1282539546
135619240
-1027818238
-1422004234
-1316865910
1411643000
-63213605
36105602
121604805
-1856374004
579804920
1316939244
765407685
-1773833925
-329630440
1226185256
-448184883
-163579509
-1301965688
-577360654
-1388111939
2121676538
1395747984
-1780134601
1617847720
1455167995
-2005986768
1302799028
-684120925
-1205053506
-658655220
-573742883
-95089697
1454477748
-1505697372
1659118591
1645841658
1870393682
-1856647737
-52134744
1687487889
1162755092
-1861184439
521784646
-1215891943
1220125636
-931075341
1347214861
80105967
1578096379
2068432315
1362217758
-868991828
-1991830040
1159087668
524562661
260884670
-1450946736
1093250631
-149996862
-1083405517
112953813
2028948003
-124422166
-17098536
-199811718
1162511729
761698959
-1307066238
635076966
1303814092
-1741716161
-1712908629
159232487
759739504
2071153289
-1972033984
789213881
664668464
-555613467
453597880
-476778104
-1712596819
1655479509
117864296
-2109895500
1174735812
-461173945
1208102933
-1010711981
964531784
1021081149
-1738197302
-1065448581
-514168079
855593391
1906168556
1042720704
-29869421
-1657176401
-151235189
-711746309
1153594002
-954803506
1743912698
373321549
-705220972
-1687756354
1323313568
-395750045
-1454632583
-1983363784
1714343440
1824255226
-74237561
-1451516129
691975256
-1657293915
-943799319
-1817402907
-616765802
647415758
-577465510
-663524562
-266192689
-1064094214
-313831907
-1312432974
-1115489789
-1512221104
-1591425232
-1196744857
109060732
1725693531
-559331648
1367454942
-915631258
-459830514
2070570463
1447738093
-204588124
-943913208
-60067469
804472205
-1551092256
-1028198118
1991805042
733934342
261632996
-1582471419
-359339701
-427483575
1483918120
-535316345
-1136909657
1185174428
1859090091
-1113217384
1958288209
-1247417476
496394757
-1410936079
638657905
1170599870
-1848684099
1065034701
-2026860288
-1137594634
-2015216425
1795104754
-1326878345
1225892381
2001693617
-879524110
-584283447
546932845
-1513476081
-686839378
1605343635
1722015119
1170115188
786581275
1924360850
-1895035400
-1946464077
-1600327352
1188001109
-1169355376
-1312839228
576863903
-523243981
-702532460
-318508325
-1909503126
-1072790658
-1355643204
-1513922122
-142782567
-1988281864
1506068639
1166866486
725634242
991829125
-1251145898
1945607473
1997805672
-535186654
-1971947936
-102778
-105298305
-1169066731
801556421
151494769
18331695
711633510
-1929485699
-1280737761
-518729000
-836669299
133896977
728129413
115843926
-847587732
-985967998
1288808556
645230981
-848804993
35233642
-803396400
1323665415
-1730306479
79127905
2083477099
-1857866684
461301297
-1712390494
-212301941
200360625
-1977535451
-1274258451
1170585388
-2145223851
-2002364641
-275431762
808301122
-1212226935
830046062
1817735518
-400167339
-1705655809
1013362039
177054248
-2007893677
-885473788
938334116
474334160
-1636199775
2044492553
617479067
-2063198000
1774109042
-463497377
-2037150029
40258755
-252806052
585170241
-1732705885
-2094252026
91993640
-1520774889
899631996
2095475100
1616765929
1564966905
-1232097320
-1263537326
2013876303
-1666534799
-1185467309
-321391581
994627644
225453956
203389242
14118109
421899416
-760300557
-1171265150
-1315443964
1401148769
2038309310
1065186811
1741092341
-2048544251
754060265
-1533128763
-1894733234
489431795
11915906
-1004907006
-1780602995
-1654880145
-1276128543
1147677389
-1478839306
2025841317
717492273
577905513
-1605584198
-1253351679
-331229137
-1367504963
-1837234091
192145085
486567985
-66988800
1681975607
-1047297349
-529854870
1403320240
-145355098
-1843353452
1945936748
-1066618680
206659042
107267312
749746157
1434753585
-1831203447
207656727
938664653
-67404168
1376040253
845296072
1521523543
517076928
1850487683
-155601591
585460679
1121946106
731418094
1798772415
514902027
-827151276
-1626263684
200050879
-1216279347
-1870353
-1201002177
-329885404
-1798739279
1050141140
-483239617
784488482
-1206599205
-663495129
1755487134
1423842459
1886138803
1226742429
-3380739
787790257
1697669356
-349582805
-1895264994
-1495680613
753975745
2143210495
-596851510
352874940
-1950591359
-381620301
-971404811
1197212657
-1306805682
-1403828032
-190886113
-2110414550
-761499104
-291257040
-741547268
69984571
-1949185520
1388608407
-550577834
2058830836
-399523117
125264963
27401778
1090334574
-932654205
-429919822
1490687794
-1575223385
675251109
-2058273724
819787577
-210764975
-850845337
-1918454479
1988044884
-1972223514
321853481
-1585408836
1292955607
38799104
-170874050
513570728
1627369670
946450150
2004818163
1830150123
559837303
-238116759
-1666553393
1960938657
1130332533
1740890097
2130014236
-1164845757
-16549722
-2085566510
1141619622
1646375960
-505425745
1823371748
-386103870
-2140763158
371318678
397125201
-309732975
1084339453
-1491533143
-941595728
-1676968827
783543612
-606264162
627659859
1450793764
-1628059723
-766180869
-1533754148
1613331980
-1779787961
1529991095
519041046
-1173763274
-1825910630
-659806175
-2135116799
81663870
1195251534
-668442111
1734673454
-292598686
49048182
-123292164
822259021
1830856202
-888069049
-1085942212
-815317500
799821191
-1787707124
1986321487
1266231553
-65481889
-1530551971
1968943440
897086546
-1420997047
322648975
-191933372
-988902925
-1514003916
-560304018
1041867461
2117205416
-207047795
-1360333015
-460159004
924867597
1992592065
-1014950771
436385099
356341482
-860574719
297931126
384191138
-741874996
-1089198268
-2146098047
782765876
-1924458032
1740973202
227328774
174334417
-2001078335
724168830
-1625322171
105595637
-1031650459
71552243
-2063119906
-1209131735
835991828
-1603021
-1185962874
-1236652119
404867721
414460957
1929749495
1038630726
95520764
1568153518
991169320
-973704819
122586735
-1686780727
-135784002
-45713879
-1746938040
-440381382
-692232254
-2118491515
977757471
-1091155464
-64579437
1882268597
-443463207
1664035754
341098781
1085123222
-595987979
2034623340
1174199626
1082275379
-488464091
352468690
1943019704
83583082
-1657721824
2067759660
-679383379
-358821681
-401540170
374255627
-1047632569
-910444081
534293796
-810072828
162621431
-2023652328
792257449
-312382541
-1874502352
-1021096904
974004057
929099010
540742490
776017540
1282977072
-1320656725
1187741964
-802562758
1828389993
2053136890
17912955
-1095770903
730866960
1536609495
-748190164
1594540816
2091961302
1421231875
1376903921
-964975867
-1487433948
-860448350
-510672622
272684312
-444515983
1459265272
2118669513
-1463409672
1084749016
-1051146121
1648580595
1977609300
881662948
286753017
194509061
530977477
-745618514
2010574665
1382499644
1735259114
-167554262
552983783
953582104
-1330597164
1793506237
211272972
-305059318
-2070050395
13248273
1263423467
329351275
-1293025165
2075143725
-1530347975
-387321680
-1416876431
1686957503
-1727002385
343452892
318335312
-490566724
1459534158
-569229515
1499858658
610796074
-1878016733
-689503430
407966977
-122600644
1636809548
-684541485
647048110
900532895
32550010
-1295733558
219528572
-251793390
-1497908169
-1088285318
-775779794
-277246148
-1736853974
-757351739
-809691233
-2098079559
-1764064358
-1848968630
-1751231262
890888309
986217776
-461786921
75025321
-1950827203
-1451977472
1429976604
-423230486
712134034
-1558930230
-1565007966
-766247489
-224987711
1166879868
1091157754
-629807731
787000112
16051451
1334087481
-699832728
-1722490631
-2101654750
-55376477
1209286326
814229948
1347999498
-1548289627
1020525330
-1942379856
2081411979
-1998120952
-1772881038
643398651
564640259
-558361244
-1061411189
-164679100
108443221
987894738
114093939
-1507242619
-340238540
1703555045
-1541172856
-1763067611
2086743713
742615257
-1792301424
389482821
-1533903183
-801548275
-1760462047
-1708375719
-120910188
-1526043730
291161411
-125440005
1244419026
1543411893
-452877997
-1199262725
-873653290
1352841234
-1538787031
248151738
949371312
2006975273
825735549
2065246135
741243926
-2111151235
-2128184954
321791338
-1488549973
-2032694870
2144958691
1432387408
640102787
1734082456
525408190
-1453109945
1802962406
147499501
1209085230
148920347
-1765431468
-859411261
-80879651
-121393312
700912073
81586075
-776280854
1883916417
-1964421566
20741264
-2034939632
1098054425
1972591231
6756047
794699783
1620209281
-1207678711
2040947782
-1535183318
733990057
-122299018
-954370405
-1149878183
-942059989
-510252821
295632735
-1032452576
1564275613
-1566577951
-13722749
508236312
-1824325594
-409880020
679928330
1805055117
340592979
167787065
-647681537
-2015591327
773173291
-369106793
1710701481
-229045713
672814976
-1603858760
752247038
-140346958
-1648792697
1718715383
-1547794092
-1482334872
-801829205
328887260
-186157986
572741746
1467170717
1947372703
1456543829
-327327042
72469679
1015831018
2008266613
-1029495961
-302667678
1265627107
-740861782
1320357211
434271037
1210399337
1377671051
-311614914
-1642049825
390253725
-146538617
-883654771
-2105323945
1515465891
1175742045
1165629958
-1819732045
-1546479703
203160017
1135430471
863406806
-937983449
-287771492
-831187531
1990754703
-490710936
1205481123
738149023
1269300454
695157578
1850408044
1918942882
2009289656
1632433473
-719777331
2102712398
49493637
-261373023
-1115071515
945767689
-1830052728
-1083404260
837551696
-32567245
-895095289
-422951288
-1972428906
-1738614646
984809452
-298257691
-1710059293
118554576
-864504683
-271469666
1924619517
1303163051
-261597721
2090142735
1349474929
95084235
-1569194839
-1335796921
-53355248
-2001689263
-1845847794
-2129429746
-563281255
480683887
932671635
1264831273
-441280841
1716737867
1322984715
-1066259236
-885341651
1897416488
1038719223
890745519
975567183
567339207
1182352667
-2009266059
-536158797
-506241269
-1934240947
1004590985
963905320
-1946532389
-869199217
1432988506
-910366745
581473355
98998368
1234377258
777797640
-249103107
768058190
-956418542
-878848969
1993109701
1468666576
208243273
1119116199
-1118197877
-1563522990
-1927993179
1109907782
-1878404235
190776720
-1424258208
-785132495
-598154683
-1131897817
-53457121
-403954839
1788997887
-609746328
-473822928
-533315385
163501518
1193943407
-1307787757
705713965
1476125735
834596980
2038348859
1065254910
54611758
244199776
803856149
1560929231
-863646119
136503971
-1592295863
977580638
-709597101
1639676484
-1049260737
1300309442
-278296542
653934136
821538532
-300350236
1267318923
-2116923912
-200326739
2089179437
1559683508
-683462323
-1253464101
509954944
-640793333
1648230509
-447459327
1367497834
115700582
-1238599349
756695491
-879268968
1189644651
1094948395
1185362655
-1349696887
-1613758926
1196456308
565733489
-331442557
-1399214040
-1454914871
1755572338
-1491814965
-1987355594
1103929690
-37568639
1705333775
1694688033
1550202742
-653041946
1878796839
-801439437
1500455780
93673171
-927834884
-391029733
-2060172941
506458347
1939922888
1447365393
1920269136
386494216
1729774975
-1577910979
1221114007
-498273735
-244599412
-142089639
-1013824341
1656311305
204208064
1073052052
2137210314
1932741638
-1277506681
343108281
1732174171
-1522916479
63045212
577899920
-364066422
-792385135
1596781950
-1477983356
1115779094
50199902
555917027
216516485
-1228174743
-1497713509
504954221
-990144464
-189623576
-1915761580
651740251
1856397356
2135167884
1971970537
-734349823
470548694
-1192065615
-1491371943
1204795835
858497823
1155652398
-557101628
-1994400481
-256380235
-1085602651
-428604118
2033955953
1016424288
224463131
-2119292808
1914621531
-1129758546
-2001239350
-402012475
-199676195
1613371347
-372009675
340603608
-597621374
-1790104631
1049473149
1795335661
-1806888236
-80098369
746305011
1861667512
1003188497
1289651120
-754953747
1944482986
-1162890211
-52826287
2098568925
247072626
-827419461
828593967
-172595809
-1148103994
-158557449
-1891795944
1277857553
751494754
-1721205786
1048589498
-1934583064
-1889656240
39919250
1638646154
-548982847
-393246870
-127763410
-1857881369
1861687414
1803226141
-1897672815
-229130882
-785431885
711489903
-1441478687
-280545041
-1815506232
77206594
-291589490
496633008
1785241791
-712632615
-33959806
1020665650
-968117583
711966363
-207205738
-1504756927
-1481144235
-1755516393
-929334969
-807141456
854051801
-391003320
943158185
1633492276
493239285
596333081
-668722789
-1475518832
-790502596
-1870146773
-1706685125
748689138
661778612
-213795116
-400732260
-1242197347
-1076558423
-526357397
-381258570
-540840505
-586563
-1350525502
2118558366
-2035747389
773123652
1448853235
-1531195402
-205129630
1719055822
1170005599
-1381108314
-639326825
1110310148
-826367757
827664331
-1272092839
2077208503
1186838189
2020854255
-463088691
-822248139
35623774
430133883
1797922211
1476692703
-1748668495
1810190697
1101178559
1327250424
297784939
-961434051
539859228
-1473699137
-1370013196
500584757
-493966867
-1047171394
1388482069
-1676956738
783641348
1410428004
-2027142654
1701106730
-1723019657
-2027689519
-1103890789
-1980159840
827113600
-996436751
1227447534
-2070893229
1005648805
1282385612
-233658112
-134505994
2064022296
-458264549
224945356
-78591377
-1162662048
1661311773
2072833932
1624639178
-1611540168
1615673003
-1784271562
1745901168
-264884554
-1476141430
920922697
413782680
1531686575
-163212032
-760760376
-1396855812
1690551897
1018438057
-307739770
2096256976
2020486450
-361428598
-60264284
-1965746193
-1214211295
-493980570
4011096
1030312535
1103183066
-946039984
-1507624209
202468311
-472282490
-1050780543
-740517612
-2078402042
1596810402
-1456361365
-1467347630
1487691895
539794214
-1148961779
-226142761
-2109100758
-70040854
918531209
-189211014
257476676
-1410368187
965543923
1183533822
1319734018
-2130078217
1404321643
1656660376
-832531989
1964350280
-2087039379
-1615259218
292249157
853791856
1202813799
1455788769
1620089545
632797753
1414827403
-1137313715
821262233
-2134682142
-859894810
-1473113073
-337882767
-776000954
1315035569
1671534343
-1844963299
-357233858
32818151
-1907861282
-1830606806
798394178
1654314007
-1088940982
86739936
-224540842
-1166508934
1982538640
901896047
16910627
41414984
-49282742
-1439755161
-1367926941
32064326
-1908043414
1641640045
327246978
795938723
2084861566
1783145259
924756866
-124659451
-2089683148
192298888
165493534
357129693
756889633
-1472895975
1568296754
1526497282
1685048765
1602256598
-222159783
-494825091
-1790514510
-315418608
-973966889
566368930
-528830891
-694101854
-1970596423
-9802401
-445819020
-1462091930
-930791621
-1481729576
504651602
-1232946709
-392309911
-1718511566
-582369041
287511652
972310536
-1382761554
928247947
1495168226
1123700917
-1232944390
-831043731
-820030011
-1865500082
1684740547
21751776
-449498256
1692407954
-1508434034
-356557442
1815273787
-1353045501
1603045320
609844656
-1637303891
1873483283
-1177737445
785402996
1658133994
-107222657
-231357950
-1284576927
-1768359830
2135553269
-1679642465
-1500526361
1294284523
1157951996
77229003
1621802459
1433497512
-705687020
2116769647
2088474419
-354736693
-1652401124
-567583215
634279437
-28286689
1155857395
-1646448207
1103773685
-1621127927
-772511646
-1142405674
-1218096793
-1745759560
-1567390919
1187895011
557700242
-1743494501
944641975
1255576238
1638932575
1552441619
1077566254
-1780894126
987415472
35154538
534729703
1207416132
-22830868
1680728578
2078296642
-1217413724
989117883
-1777368879
-158619614
-1739018795
-1936733426
-1898588404
-1116870009
1148931919
1531160929
1203352866
1005554043
622127795
-1925223100
1311485931
1745812018
-1389983457
1626515478
375600161
-71946388
-1469679933
-1113392876
-754524914
-1958921186
1445911220
-690279791
-763952505
-1365115824
1646098432
-430415994
761180696
1763108936
717614081
-1218570931
733906816
269055464
1528364534
2107768233
552081503
971156564
-365374513
-175311607
-2095585491
-1412772393
2023432263
-1818322675
-876146322
-287097849
1708629560
-644529335
-911397597
-1493698010
563244330
164916296
-1073870461
417100235
953623340
-257967405
787891947
-1950523967
-1590515737
1734427506
-612042222
-2132017362
1093086447
1687534642
2114965120
-1354432265
-1015621796
-1285445464
-30254016
1956097379
1165422233
-327237066
-768564012
513300990
1634116731
-1621024628
-1210061976
1077095871
-1042167148
711452273
-1186440118
-574446228
-1271330615
-203065661
745879450
-721454531
-906073822
940012988
-217025731
-1430925633
1336823009
-1587078538
-1228797929
581289467
1279925973
1468961968
-1172677000
1672734935
-1791273233
273189586
1179815382
1039138235
-936729835
979039278
-341548099
-1489029514
1256212790
1251922824
262628867
148953187
-1258285410
326800856
1916748863
1104331463
-1044090742
1658657101
-377787270
-1299351683
1845582335
-1204576107
244234023
-2082108972
-1578007849
179648091
-1660854704
257595320
1943843867
1694647569
-122768366
-1459998449
29896088
-1514182930
-2109518773
2088718693
978765996
1505669690
-603484783
247287754
-385354656
1136330185
-49423003
-1141937926
-2057183557
1675434436
1587207079
427050942
-1065066667
-696624977
-770612915
-133222510
-1905821911
-1711684442
-1139591601
1228844424
2028042671
-1479840535
-685591835
-388828308
-943836374
2307995
-64962572
837566759
1676779582
-1947204666
885385925
-433323928
428214981
-2003540062
-219381769
-1117161856
-712073246
-1921609962
1248649655
-1914359667
-530263211
-388956545
-1985180371
1594133978
-1576524784
-679068241
1242792761
-2058285946
-874703349
123055927
-995948450
-1542636445
2038527316
1945114601
-886837250
-915702753
-147245463
1515100824
-1693325625
-594484055
-254244919
177679393
-406032275
-229570867
1027926216
1812317103
-51540839
1832214305
-1041213021
805423929
-214878432
-919755740
-733021997
-570715057
1364735864
-1183559005
1853399461
-114961130
2049176423
-1845158818
-1255317494
-1344573039
1345337596
2075729131
-108212821
2059539745
189477827
1962342619
759016512
1136549966
1480261939
-819770598
-574336734
-1831424313
920885355
-2065693541
1083946526
-1787971161
1253505309
619684404
-1097972853
-619800071
1367659978
-75801402
789096350
1587015550
-2074202833
-573982816
-1796059396
-349425747
-929790210
1701122340
-2093198704
1848205562
-1021065263
1166547371
1091628702
583714395
1112592475
-1566550874
-1852123368
1295728391
-1489609760
1041565701
2063400240
168255104
1453117926
-763150885
814258734
1749713108
84999980
-58344382
382243714
-119382242
1761143259
2083133307
-1042904036
1470687315
1839543547
-643677606
1893676795
493642298
256952104
-2032910112
1509998340
-1906698564
686270597
1566564649
-1593354220
688918877
2089372655
-540238200
-281457320
-1429294838
1581889397
1527780080
-1012588325
-443870700
-1728561144
-37774699
-8810400
-516975492
1307167854
709234130
1108906865
-1301806479
-835726468
-878660275
169060024
2066422550
1283754372
-961225640
-2075068276
1946912135
247984395
-410933862
-1904325938
896954397
-1418673473
-410515986
-554721802
-844734479
1309630631
-1946351222
-11208344
1467282591
-718255972
-319240349
-493624052
-1751210933
1859041783
-317282608
1036412957
-1112034327
-1369472373
-652092563
1781178687
1682042808
-1417206059
1270037313
-1091875881
-1270421490
-1173497486
1733546787
-413481321
-1932347813
-1646856752
-2062951080
1908371287
1776782951
-1748438488
-1150550399
1969842219
-1321033762
1441660075
1840311475
-642311759
-103871474
820295675
284157159
741279402
-852757522
1715194588
-634875244
-1758804789
-2055806367
1372206891
1206865306
100150997
81532604
1656859662
-788213150
-1005378589
-1669172347
2069317484
737073218
1818978306
360781181
380795551
85535269
550468102
1021892321
1872299624
-681761430
701395611
-473152789
-1639300573
1615315725
166740122
164937119
1550524987
-1537962236
222615197
-56892477
-1509445153
433467883
-1790960171
-202610898
-1916406795
-1314164510
165790234
-75633851
1269915471
-1922447435
25504579
1911793090
1086679580
563413310
-106481737
-1289893961
-2133796704
-905088505
-642479036
-1795558702
-2018327769
-581650125
1993116974
-1544601886
1502447414
-1696388195
-913156981
-1215917158
781916164
-674869951
1860581837
-978822509
1712415272
-1654457125
653770400
1131728279
926725778
2126263757
751367414
-396597988
266432703
-750154683
-1606831521
242363149
-766161880
1232521118
-1757272931
-95816240
-137093893
9977607
1432984439
424726404
-1281695731
414571618
1275042765
1336806794
2089768462
273213805
-546664468
312466503
1021943293
1797720871
255895843
-1574026457
-457669922
-1399386260
1830078102
-650386204
1148219562
1060270306
-1037404847
-575930361
591414407
838907160
736189856
1607037870
686189625
-647493397
-1294356067
-124597104
-814479145
643874604
-1495764727
-1102340546
2115176641
-1928358529
-1567910305
99855531
-1245745967
1740956549
-1547992794
-213341714
-617403184
312285245
1333277062
1744800837
1497853739
1491151271
1269180702
-768688035
1006962661
-301213014
-1455946476
-1984775216
-641109297
1799551798
429860205
-521489426
-192627465
-446560595
399439262
-826049345
-194506403
-1985624962
517188194
1927468104
1856232684
-1914777837
1723238605
2032508429
1095744936
252388589
-1451816288
600298199
-930762461
-2070599668
-159288353
464857271
1667053109
695775123
1082174881
-252856502
-250980885
-42659924
-789415386
-774235075
-1708144705
-1048757335
868374062
-1809914861
263365897
-234527125
480287624
-600360155
173105077
1105184007
-1257195288
1864051434
-601427914
1599100837
914526973
1924523896
442396346
-451289940
-1938267453
1261760842
149588895
-1329311205
1761322261
-1803481277
2002230053
-2139117255
-21434491
1824417011
201730148
-1408528271
-784089489
1589717272
-1383644289
523728758
1786810444
-29835162
1605566233
-266587730
-2059083197
-81051510
-962277113
560126668
1981932037
-1552441492
-867120569
1610801599
1967646937
-2018176332
153082417
-31760950
1690178549
422208400
1815122156
-1607855629
-703951344
1895840435
-943909598
958710433
1327324724
561883296
-520208137
589283712
421056472
-1722913241
737090102
-1753820248
-1984968659
-1564030672
-1580000819
555472381
-1702650696
1309723063
143980155
536921048
1987067680
-915705066
1614472903
1003029478
877580873
2120494474
235441715
4726608
1587805345
846679023
1102449073
2115127068
-651129928
-586372658
732352342
-20624430
-1246741226
-1601067623
310531405
-571020446
830193736
-1732117708
-2042907635
-1088448188
1400915516
-2126167369
-1514883122
1688675553
-162516530
501159794
771495224
-1096097231
-902447710
-1798558927
1307424094
-1486145372
1885973299
-456734272
-1443410710
-1714897850
-132296916
1590792369
-1187859816
1243034909
287870710
-1466998948
-2111133465
-586204971
1545708433
-1562655962
-2118775026
-636667234
-1783777881
-2117639162
748727597
1599550805
-2143901986
324023621
1956122564
1863341025
-2061263763
1231384196
625354344
-468436001
41361138
-2042392317
-420832845
627695233
613344129
1479867679
-2090922884
-1885867085
1659802112
2005392412
1887550535
-1289518209
734010545
793928228
314914047
-1994186319
-1052148465
1537911951
190516194
274186174
-1606358562
-695746459
-765798981
15087841
585489021
1272278304
-442119081
1759181958
1012296574
-979560523
-1134897359
-1303151893
-1359087496
-557731371
733342575
1405040645
-1317863653
-34774672
-395249903
-446388064
-1947754620
-1758225286
-1368667289
-1686880823
-424587823
-1848460048
1791212228
-474594705
-1381922568
749490461
-1847927440
-1215926457
221424340
935046169
-832949790
-795191056
-215407232
390494866
523832366
2000559192
91931112
-1359257650
-1400403780
-712708771
1699918748
871292656
1818293818
1117875126
438474215
-1398336391
-1371116845
-1636572652
1193125408
174785553
-898565984
-979709052
-2055418049
-1089307001
934163806
875854615
