-1795964305
728273336
-380597815
205455918
-281147097
-355007235
2141350055
399489498
253303454
-243522116
-1411487828
-1936298896
280040540
1239298663
1619221763
-249776160
376767982
880789218
57786659
-1020465246
728662082
727538501
2129576004
650035999
2008172084
-1795331360
1916956430
1788700239
-1294798232
934119295
-591915372
-1196089182
1433904729
1986452718
247647104
510682660
851842738
528017599
1786233998
-1251287333
762349788
834759242
1504912445
-2008874893
-802318889
-735785228
-1538053692
817438236
-412563891
-1402298700
-146735805
-1781198157
1599626212
1926606035
1690143546
-2135299809
-1080697901
-1224208142
316416830
2002855677
-1726206280
893332561
1165741545
-739402369
644311463
1223966541
-1062498798
-270539631
-1801481082
800215850
-428539587
1651827773
-512163433
616201234
1657541461
1394151503
-1324742059
1612429149
421116312
845232700
-763411068
-1301026285
-205330223
1738808639
-2020308349
-1780235346
1047280333
-1520564028
-901098012
-451442397
449705735
1161448713
1404330814
115543075
485716645
-868987389
-1221095359
-804302178
435944359
838623358
2086296842
-102976888
321045341
-890579577
1336712631
715417054
-113869798
1938675725
-1904201410
-885990677
-771711450
1854210245
309711226
1595163847
-861435912
52937806
108941446
-1262931936
-1156190812
1940004758
404870990
-345956292
-1742386286
369436283
-1159464606
771848254
-1812967312
-478193484
-1179340275
-902875993
479031913
1976230130
-1731486042
1850620191
-2134826090
1528701506
-2108945883
1380005493
-818259532
-1228064843
-1494901256
-1776063260
518216983
110185025
982436887
2070269592
1459360479
1951719657
-239909290
1245529711
659699304
-1733128420
503453433
-1075304701
759117318
-582638246
413937293
372049384
945465074
-1916614627
1939700469
-506099918
1833665662
97030390
-1320690749
-1056187079
1158786704
-1783194123
-734492728
-1280704353
1858362189
-1529105586
-1708804115
-621419374
-1336315884
422695736
1655417668
-1539953842
-2083195475
518615064
-1513269159
775888613
1216289730
1785928926
448683982
902820418
380796813
13197231
-1178528730
1804897898
800827858
1504873156
624732896
-1189056507
1834874896
1489813393
-1680020793
1551587613
1025598706
-1833664471
-791811192
-1675568348
-1915755509
-1380420896
758889093
601881915
-2000665405
1603484721
1751578856
1578664625
402116747
-1378970910
-1088633094
-1733847607
-1525999528
721482342
-1586392908
-1045570880
1849271629
306810753
-2088530026
-1837814003
2127003834
1652847410
-989653577
643602666
810731333
-1645551668
-661916131
353708819
-65881242
661808229
146579022
182640845
-539948264
-1887485324
1387050278
-1556040151
977616076
-1817900619
-986819861
-1703444343
-2138736735
1534758480
-144562530
-1515500701
-1178658094
892640569
1490558099
-824492732
714922096
34411225
251353667
-1081325288
-572045488
-894289938
-1876843679
563556264
-817356730
-514553681
1367571498
504796515
-421029230
933710386
1541643521
-17158048
-467756134
1972015634
-134116550
1284526755
-235950631
526099532
2036099893
765940894
1151595287
324193129
1753767855
-620977157
-1677163046
-1843130654
1873414740
633830040
1553727004
1250585535
-925826665
831095250
-1698493123
-1078234240
-266121274
-483400186
-1726585542
1245410625
-1067888808
1060347477
-45392097
-1352100584
942307465
370142374
828118202
1351972289
406909992
1314019824
-810884720
-1796056963
-1940715601
-1242058055
-1809285355
-334637258
-1268863340
771606489
-1992085482
2007276775
1173681374
-481691773
685289337
-1794523078
-1773672710
192987781
114021929
-2031639438
898050766
-1284836914
-1619383221
-239893366
944018958
-884404175
-815998539
-1507062626
1297831375
-63030169
-1109153377
-404904566
-1821803687
1829214042
189797787
1882019536
-1584070080
1942344352
1933675458
2064999103
-1856855115
183673669
-486317009
801964240
-881456359
-2131485491
-20956751
1464261202
2134392786
1348221048
-221931077
319302986
-1487251358
-352121657
557727647
-762005100
1431816885
-670140097
544755451
717872205
905768377
753027692
-1523564173
591756660
1256947764
-1088415192
1722842016
-1600408626
585124049
-1836158948
52477255
-2132262133
1009394555
-583866745
408936653
-378054618
317984749
1852004158
-1938448918
-367843311
-586607223
2135839987
-1219411043
-1556458352
1741820009
-1531218759
1365613919
1381841764
-1866810444
919088071
-1224640613
947819436
-1792242382
-2073148037
-364415140
242613640
52639265
1240282530
1822374216
1557751807
2135416136
1660930806
1738861516
1853649186
1321035341
-1738799641
-63186792
-238869391
-1701225917
-1147988066
-272920242
-1728595076
-1901443705
1363397950
1249293173
-358005555
-1377460533
-1611535508
-78284877
-485272315
971279219
-1376174575
-651329477
1424827972
695735583
591093854
-1222403453
352373198
-1982684024
-7110384
-50632646
-1093578774
-11676273
101426932
-905698439
1134627341
2075195539
-1031587411
143716920
-694727880
-917646078
1412354741
-1545700093
718752414
-1316060878
391486113
-500253460
1095765128
-739744911
-735005016
-2080426813
1042773373
-1797935014
-199914907
-154334844
1461775261
1421343338
559665627
-1726108144
-142464435
-1583634734
-1644374086
-1514531296
-1459672040
-1375904882
150555616
-126507914
1180716756
-1355826506
2137488930
247023700
-232516093
554762003
1273233739
-1398899151
1670393724
1604668916
976943716
-1544738902
1572576843
-1155280318
901816373
-938840394
-1202311212
-1655573294
-348934388
1452062
-678453442
-1729542662
-1821584196
978807083
-104658163
846851174
-288728856
1223705760
1957798161
-687559381
1920435585
584835818
325166206
346349852
480482188
-726046314
-547016100
-1504449700
-1145823192
2115593730
-23173087
-229309131
1522232783
-517296297
399298715
74543911
725284315
1459549110
780811027
-283478206
-1648423348
-378641232
-920952657
-1979214665
1617471432
405092092
-908395496
1060960428
-398039070
-1881347741
-380881061
-1714480048
-1062296674
879658750
-2025090028
-2122976208
-1629487564
529160356
1470345673
-61652792
-1337544684
565492125
-1564633453
1249170523
-1826571734
1626276762
-1267048958
-1646992890
874219875
-1955674647
197030466
1395108370
2083114606
-600523804
-1156271239
-1259923574
1752731079
-1233635670
-1605226125
537010957
794209264
-1426919919
-58107007
295636709
1481800193
1248095450
19253917
-994258857
-804977053
-1436316634
-117962286
-1234093508
-1455737384
403157545
1317732570
-1656308528
1504241853
911919133
982705416
622186185
1079160979
2104184
-404761496
1910723499
1537137083
-1802789280
1144815396
-82930854
2093403520
-800572578
423854889
-2119264528
2054033499
-555536302
-608412151
-1834484016
-457940879
-945970010
2109413666
1543611899
1315747936
-1962611002
1976308736
1586472610
695941690
2009414863
-1104703233
1181848571
-2080880943
-1540254586
1350494261
-1621492393
953632052
-499687797
1068467342
711102068
-1246503302
1814229197
382078775
-477011697
-1471106627
83741760
1182690623
-1435937858
1434371177
1587970509
-1106021508
2083027451
685060790
-2058521974
201028779
217381251
487908466
-2097094869
-1386410534
-1335236383
-661894653
-911869257
1239012618
519766853
-343186004
-1922829186
587386383
96421273
960013583
-1604244151
-979056197
245352661
-1457828110
-1845359661
1029247803
1625910674
1236830533
-2099501960
2057899968
-2095764259
-957596829
-225990612
-2509727
528753230
-1049145192
-1599844690
442365503
-467033256
886120163
-1106890756
759011562
-1980827679
-1260259844
559038729
-1112539390
-650016748
858331800
-224827475
-721362655
653628278
-97472022
1996249564
-875622664
-2068527817
995516781
-279856102
18063031
-1949222454
2115479264
778777390
1298280114
-439694921
1434266770
-332571371
112794945
1012772271
1479581151
1702487353
490920679
416206816
-1770209286
2099914722
-1680360779
278617739
-684731668
-213116692
-1440619280
-503942190
760512219
-54894150
-130330639
1574495958
-315240049
1497623146
1186456396
219453953
1533481010
958808649
-125032140
-753018209
1557160278
-958293111
1482895901
-1319983693
-280128708
-408662479
1862045347
-1850677752
-948141485
-705227180
240485290
1433010054
1580000254
791839109
-1947280187
-1949090874
1186691482
668549002
-1380777765
1175972839
1673457599
343558734
-1894372088
-1660202078
-1995641403
-1216800484
-381355584
767930779
629283209
-1354149110
-1076654534
546896122
-2074078352
-2020690766
765601291
564072506
834711211
-647422680
30526736
65841472
-1345459780
1329591847
1156478353
-443480401
1466067769
1977576333
958516386
1950106234
1588496080
-353556983
932475084
501934522
1069158026
-2032042734
391737069
1334772160
1197175891
-1576184806
-644208292
-2103719314
-406782023
134485763
-646509232
1926943170
2016484340
-968586799
108247681
-314168141
-1837956570
-378380383
-192184049
-670242496
-39762973
-887239462
662002083
1218710981
-1841563150
-1741322079
-1385382957
941078927
1147706197
-1189940846
1128724171
-51037517
1403633798
920078764
502460456
-1906299621
-751216893
-909361780
2130406695
1920071393
1741949196
149498589
948062718
1814312415
1332534699
247585294
-1414708343
-1476660602
-382970636
-1690656954
-253544663
-2085311506
-527530866
1051268756
901971177
-1450733265
2041051249
-506990741
-810860575
882670574
-288269328
693599052
-1925383969
-419987398
1165373178
-609487931
-608669885
722412952
-389870692
-586830951
-391191510
157588828
-374063159
1285463872
-209630259
1446545978
885899101
991697041
382122283
-368300772
-623791521
-1026926147
1715167206
-1840772299
-1285872762
-1779203201
-326938518
-1151442603
-359230722
1862412945
-619031980
1683028094
1051357547
-197963679
-1065582320
1239887800
-637679826
1285731076
1529450180
257576737
1705741286
-1044928406
1306448236
2014017607
2002088505
-1247282989
-1602060731
456640442
930163667
153709698
1274853231
-1126925349
-1520997970
-960364369
-1545515059
520500474
1426857108
-860751935
26700079
2068030112
-869549599
-428721988
-1076211533
1113928232
-1478391667
-1217089032
490814823
2095616660
-1584973206
1501278995
-1489906381
1908941213
181294505
750285352
645635062
-1212967413
-380095838
238039104
-635916050
-1283949753
-324431405
-1393905400
-311263652
-868330962
-860680663
-1352402492
1011826535
1680042791
1928851326
-1545172093
2037874752
1459932535
-1460592285
-1626174316
-328139642
1661779923
-337489378
-148269768
413040620
1145620022
-986481162
-1342303336
-2098549479
1598105844
1858169517
367033081
1562234575
-744924913
817616717
1423159853
1834817358
-2006858295
1657824295
-537561780
122941946
-583469190
684554008
-2103533916
829311803
-555547741
1138270222
1955236589
362082980
953921090
-922205750
-1282143040
4946775
1087949927
1692959462
-611736758
1965112998
-629687289
1970260762
1317136444
710763773
430572815
-1587064646
-1993053947
434641152
1461876668
1636858498
912940867
-1326364432
1279613993
-451405418
-304219018
-1795712430
154371881
-730546237
1830173942
1775793106
-2001639338
870168074
-1623689689
-1682161308
-131570327
1297897311
-2102914070
-415213909
-1089333556
1649529773
736115030
1416762270
-33408659
2036834078
58341543
-1673187479
-880973355
8458648
1427052150
-1503048304
1628961912
-22480246
886148138
-2063515302
-952531122
274607335
1033977262
1057006444
1050079394
2102282098
942610019
-283468365
-1522657495
29244732
416678232
1987514759
-1356109995
-875273622
474640568
-569279476
-518852117
368050492
108423299
-1040761636
-2071210029
1601616714
2046754945
-321838366
275128110
-1119864049
357273970
-360815736
-606059091
105707947
-88735350
2084921364
418587680
-1191371548
-670112741
-763306673
-2042628275
-1798786707
-1927847788
1962316135
-1516920317
-859126421
-1807870807
778972182
1975483502
-326817996
470509011
-538034942
916538539
-1839543207
-713230853
913742951
-221707106
-828693274
1398222705
560347634
-757530365
-1831280920
460266530
36992496
1522075075
1072356910
1549663242
-1375442777
-274750584
564030548
1798524647
-249906172
-1913048429
-502405891
-2066660050
-1448805514
-1606701364
-1811979681
-924136382
1019969048
18071834
-2015154685
1884924387
-51032299
2101905909
1514273229
16145124
-1799899065
-1720123080
2028414266
-847075040
358699809
-22085829
773034729
-1278006098
1823130575
468796193
1254740572
-2056049581
-1323990373
868158061
51159551
1254199608
2049136530
-134935077
-185266840
87876060
-820548505
-565905555
-1508529185
1453291595
-1231284074
-1469733437
-973815007
-1899206768
431410124
-155987793
12538465
-576666521
522566277
-1218452728
787696015
1992574263
-405196553
-2000740930
-975212325
1204776254
1408544814
-1339860945
-306461572
-741558515
1071790455
-1459752520
-452638548
-310545865
751070210
-280508275
-101410313
1797408837
490363074
-42907187
-2104050251
-971858708
1362243736
1320873680
-1098647851
-1788002943
-1749667665
-200819773
1521001179
1491080108
-428773079
541102967
-1806671061
1848364892
1918925306
1266185333
1692669575
-589054982
1845215764
-965807275
667903701
-549899040
90733764
68126287
1208676133
1738894604
52320603
-2124319214
1863597555
20676112
1832327440
658868180
-1410517080
647492173
1065819941
-1315195734
441490790
-654164384
1726766919
373064217
-1058948091
-509092389
825445946
-388575252
-184973481
-1323301065
1221048501
947662663
1679009203
1893870345
-161373046
-1649207557
-2113785935
776516212
322740234
-175666916
540485681
1650241758
-966122586
1015545297
970911906
-1002537754
-1380587047
-584734870
-361284224
-926260075
1755144517
-1664326729
893538078
1616376019
4824348
-1015550313
-475106651
241527835
1552771009
-1747899953
-1144647844
-169303950
-1042326610
1597476380
-1774402519
-1290207084
1096951447
-1698162294
569530711
404140145
-2138350897
-1447801082
554470041
269820119
1545302763
-1823401166
-1638601394
-202952081
-1608520796
-647056776
-2137491707
-1774840851
1994561537
-2096645023
1100638276
-863285373
-919104587
1365729319
-1358651515
2146024342
-1244825659
1540032136
165386368
-1825029453
-1992706706
1216210141
-1533240401
-1703102780
1739930436
-2084985494
496034319
1393828734
-1306802018
1031323894
1514713379
-1644604387
1275237169
-2061738594
-1763855555
-251559853
1591812858
-2054109466
-808710144
-2046667651
1083279457
-71773424
-333051616
777242903
1612402843
1687800240
-1075962005
-2125234830
-854664113
-968450176
-283114483
-189363805
971832444
656579440
477157903
1490156478
-1955530343
-536823551
-1881961440
-1328450492
-883857155
-1473881133
-1514784104
-1571383847
-9538431
193800316
221906361
-395101126
749369443
-2060904806
-290015177
-1365528979
152312684
-1514860501
24122874
1213022265
1373062485
81375771
-360000735
-453437736
-1059285145
-1951989218
-1012172982
478807275
-2108339360
1569926591
-1383485168
718778797
904633501
-37902663
-295248428
-2033680533
-936501387
-1705561979
1711196608
134669619
961456866
-855329996
1953885193
-884592693
213104742
-702814338
-1338465421
1952308708
459628075
-285855718
-1812777190
-1102967921
-1202894996
-427346865
1375903598
-1638752016
47402772
-936767542
574249855
-1310574544
1356243108
-663671886
433837690
-2056196424
1318945625
468849913
543170930
1143379355
-1068223603
-775429131
377292132
-153422509
1196781149
-1810101970
1138405748
330438831
-1543662709
95327097
-1686140547
1430115084
1030980006
1096041285
592173256
-1317734974
1105236072
1760689972
-1875415782
-1729894175
356732254
1239580141
60775923
478255901
-1986076978
-1104398032
1444054037
533658886
721629396
968556074
-705731261
-1265206405
-754429747
1647423242
739153994
956575072
1813617401
203295187
-757013180
-685332338
-476864933
-90077069
1427678747
-780946933
2088884964
339717653
1147808588
1240153466
569884112
-910993997
1869031661
1277587413
-1043169202
1605490158
2067099632
759667032
-983053210
-207876575
1528919977
1520130752
931089431
176861363
-1592689779
1879730613
1010009791
1931763372
-957992645
-1652643708
37269695
1115777162
371350208
-1521122032
-70364834
-733329323
-117262058
-249244918
-762649875
1669015793
1254367982
-1397320353
1786695980
218631858
-1267874897
-1938593038
1226734060
-1388153547
-1806580035
-742747509
-1724312587
-174426515
685175550
-2078164466
-1187209175
-1889349892
1329724057
-142209809
308627689
-220179517
-1252162816
-679791131
-663170122
1835183292
-1119082192
-1271117859
412420379
1588422918
-440400329
-418528719
614610635
181780545
1921480694
-549510119
1315516421
455775515
2048340520
418235233
190738495
-2080273109
-793388126
1620171356
-416660478
-2019732995
2037234652
2038038808
688921619
-720482451
70073519
-18315822
768962259
-1104116936
1204241504
1523144876
1189792744
1996370383
839953372
-651264356
1721763355
-1684499345
2020103493
1345077159
441882499
-2031823763
197895853
395150415
-852253725
-1834162218
-1653510880
1718359626
704986448
1092166455
-939430937
-717244300
-1205547241
-1219455816
-1507910645
615664133
-1487220004
1465613423
-1788714984
1672898822
-1201261562
-1119586830
1967206434
-1254012928
2097939802
-836098258
-132546036
-824202505
-507876122
-524515210
968552967
-1872150634
1309927967
-1698817570
650375001
-107690837
1197890125
-808281654
-1155632801
660780244
-1570545881
812257473
1747220692
-1065654150
514198457
-1255127418
1018487123
1475928831
149683085
-1990855575
-1492826342
1357102899
-425314294
1971996890
-779746032
-449974517
-1998024682
-70217666
-302412023
1215120020
1812219395
180819717
-63919033
-868029916
1451571111
1521588476
1089558083
1098672083
2081875148
-1461005857
1034305453
281912361
1632171979
1954939698
1456555954
667621912
-1568590734
35816272
-971285124
-2050601428
-52235986
41986499
159422462
262014208
1506967142
-1870091050
-742423055
750185715
-1757601756
2104050793
-283182567
1365815068
-1372291590
1165829635
1796069324
-9004166
687254819
470003245
1934926772
1525310576
1869232359
1604995837
-53945133
1545248111
-811086524
1940487152
-202481209
-32640780
-1247713334
1913748221
1039361615
-704167499
-879676730
-787488026
-667435763
85338902
-1428656478
-675748144
-296191603
-498428702
-325513845
1685319446
1455763077
2061585974
1088087380
-388714663
-1972089762
-1330977856
1421319066
-911799845
-1583324174
1699554601
-1172918233
1199920141
-305114729
-2045571633
1479887259
1236652134
2097714268
-1492777801
-1312053175
-2088406667
-1155246702
407283650
777806686
1898134073
-650582899
1565169181
-1638411192
627101616
-137450836
-1106776578
394286164
988942253
-471409771
1433301388
-1633537895
-351354642
-1468701243
-1038514402
-1753450476
502706285
711649095
623216808
-1041889260
-1593192458
1692576451
-892987791
1712093912
-1087690247
-775622470
132276489
-547300235
-1942045023
-915535601
316120698
-1063237123
-385901020
-1645281080
-489611587
-2119901475
-898837412
1686431765
606647151
-611478393
-1394542185
2117072018
-1204199740
1603401808
1741782186
1059324873
-549880389
1254153114
1097857612
-1738522118
1649467795
1530356277
708392352
1733556509
-562918275
1548751618
1159890451
1498598439
-1530329710
85970649
986697320
-201661812
-1358989305
-1986997844
-1974906608
-455882747
-2086596194
818553324
-381028930
-778763117
-328510369
1435767339
1991496763
1542435010
1426542472
1028700418
-1136519050
1202096690
124318657
707363636
1315738590
-730575790
861075091
1400980499
-471691276
-1896328849
1668348187
114059298
1984411163
-1998733331
1264641530
15150587
-315154254
15845331
-2111849841
521931122
-667031196
-1138641780
48050024
1166710011
1170196670
1621219051
645723124
-658393784
416127745
151685999
423850366
1617285942
-1205936583
2118705352
-1248376490
-219787287
970751373
1494524569
-1247804848
1691588405
-1946386983
-25834369
-1659004558
60388415
-1663869063
-1962956462
-899946008
-378041244
1551452519
1577591466
870326331
-506715048
317608328
-444201820
1469951170
-278686830
164263490
1688812006
1533241688
79759847
-805626543
-823376929
-603396530
1987808117
1675176923
395211603
619647651
1544832706
-1593832511
-430267114
-1293503630
307865892
1291792951
-426342633
-540909909
-1514351262
-1115358314
-2009945696
906030341
959799451
490401904
1041490139
1096324915
-777422490
-411514907
-86852969
951726677
-191963846
-9127116
-539620276
-874037327
-1797570544
1391263380
-42345124
-651377758
295766598
-609258684
1715745179
847255504
-400584506
-64887071
926775313
-1285935968
-304338073
574518263
479896062
1031859694
-791949934
-1482893351
272836125
968212217
-2115304152
1968886196
-409111507
-1657060962
2082243491
-985473310
-743400276
1435753673
1543804283
-1078859653
1381118181
738047528
1746545610
-726550990
-1794924755
2034766624
-796107726
-1077462435
-225276055
1542018308
254114558
-1236202667
935592914
-50592636
-968674425
1900256767
1099579900
-264462237
1301103320
-1982458454
616679443
-158784660
696957077
109821212
-1267608984
-1392609882
-2100305384
1479769319
-1403964117
-1142997818
1081951196
1446503168
1511558778
1530052580
1114260766
-869298287
-784919398
-423505294
-807636543
-1186522355
-2112912253
1526921833
1112962673
-1441085051
1010234529
-1686076
1058552587
1478991674
-91779112
8684337
396083004
-1939821966
1685421257
-289615354
-1343185560
-840001905
1110734163
587644273
999446476
-1477649316
-1927228836
-361867533
1282659302
-631692374
-1547235375
-1710029809
-960714733
10398235
353438954
-270994626
-463790214
-1804549315
-1865380686
-561484763
1213732904
-2092644902
-1185760570
-1349161207
1359486844
820837005
-1172260772
-1451403390
604467397
-270835816
-674400889
2119136878
-39536087
-122923531
1408326328
902879016
-382153784
1543932842
1937278600
284861434
1596429600
2094970721
-1401904204
-1131029041
707335346
1526921527
-1211131033
-1246864595
507452902
1874523347
-1149458497
-540917151
1923553579
-2054752069
-42366327
1228043003
862265954
-908474654
-1700664241
-104099204
553134460
827183748
-564975723
1619439693
1000143201
227542838
-458292130
-1273252621
226511123
-1522045640
-1152374795
-51441535
-627164397
-1964884211
-730907415
-645440435
537915139
-56212403
853808984
-1471224858
359532940
2146141625
-1705092752
355486021
737760897
944090768
1793416243
115128385
782821700
-758010080
-915971975
830299464
-1370529944
-1289587553
-1122218949
-1032252596
-1275123305
-341784005
-352290802
1980923130
1408237238
1272952687
1240486124
858914097
447077702
-441978985
1127600698
-151895375
2134654733
445785798
820321285
1337809683
2126406389
-382640169
-1921668721
36929784
1604309299
2001438657
-1294341110
1072961925
-671711829
-5246416
53431715
1559532814
-1890964334
1797294928
1312612545
1654138640
1004731733
498848491
1301757838
-1418294939
-1782890567
1654846645
-106668107
-1225834830
-1797851326
1870172646
472014445
864684067
537243865
503975945
-41908041
1643938394
-1975939416
759070996
-108387357
599268772
971550280
1753446583
-1848198569
1986192749
899435806
1604412152
-1586761581
-1395602698
1428377345
359018495
1362699887
1027237700
-1508635872
53373230
-1999279961
-2033620901
1990427427
524419956
-965970279
-43901524
563505295
-310672669
-2075140020
-317401141
1936888942
-1979366529
-697466700
-1508307100
-1973562066
-1369310376
1983698995
-1176533137
-1048496439
-692925990
-1932981405
-790110558
1284909350
1769891938
-1198159342
182010919
45426878
1818382357
-596139379
1176847247
-1093415550
1297082605
-2057337567
-982066171
450520060
1468339732
1001356254
-1902160186
-300452684
-560942220
-110601570
1674940624
1398398420
631822478
-1654756539
607366105
1684038415
-945687413
1830443593
-1364567422
-908601411
1899173776
792586100
-2107622452
-1760606390
1025834326
-948150552
1810299338
689684433
-439440135
1874009700
-1357439080
1352377091
1377550863
531540676
-1795237237
1977852237
595964667
-1561519666
-748741975
-1755462854
-953505661
2037830699
1526056539
-1954208491
-339625312
1794306994
579532129
1232029906
-103438699
-1448295956
430073605
-1099029971
1890341443
1251220180
-1643010157
-471580397
-1714245446
2006628318
1590597895
-44646847
1957288979
661432122
995185416
-1310798293
-1278510980
-526224551
1428131349
-1300816354
619230355
1936703151
-1882780163
-297836632
1915255544
-71739461
904904596
-1680693705
1061071133
-2102785724
1871019427
955480831
-1379967137
1519233764
-528174816
-947205343
550420058
-1238485558
-655081314
522523657
159294840
-295247430
1481278214
-420777449
-802076981
-1856139688
539109767
1540126080
-579820515
1729297574
-1224780597
862118262
-216512188
-2097242933
-1959507606
-463029881
-1498425415
-1166871530
318273443
861356354
-458606741
668196673
2025572937
-875376097
187072721
58209529
-185896710
-956585056
-821234626
279219357
-1208182377
-2087247437
-1053584776
799354182
1004850415
126274906
-1076155766
-1578538745
-227614019
168928141
-728829736
40036469
-1185496876
-1385359778
746451828
2005903977
-452634216
575972446
-754516048
-843203580
1651088816
-461342145
1084542196
-746328846
-1358801671
-927855942
1693548753
-530906125
-1359473987
-1357397838
-1638539179
32978839
-1419396828
-1254674535
-1234582880
280620872
-1579073558
1000302099
-330262345
1250955405
557691473
-476363048
-541712744
-32416628
26908761
-633992226
-1396930163
-101080623
-1771815121
-966633546
745457605
-1755527603
2066453730
-1841923786
1532929312
1266871712
-1217164452
20366679
-1170216631
963264410
-990038385
-1311691935
-1076968695
2126516991
-1761928722
1153132357
1767970010
1023115402
1512528158
337081929
-1251510597
828351028
2101329901
743977450
-2112093886
508297909
304469378
1142568189
1743402487
698745162
-1592758570
-859607274
-1006855970
2140024249
-1407224734
368970286
689033045
440459410
-377893094
-129399169
-863741920
674337718
1613279385
-920178510
-1869795134
-1939554531
1197648540
471160380
-461702130
-888914477
-1406383692
1222564869
-1927512580
157712194
1297819447
-320694
1278640320
-847181641
-580671881
-1424742205
1791653656
-784135394
1797837110
-1601705465
276066277
-2099441392
1250494296
-1625645777
-1753469187
-406386417
-1713801766
-782780742
1251901247
1302736912
-835876605
411580848
475075047
105422905
1416023512
1408495113
1888780066
-486242326
-740493612
613751118
1468873700
203771137
1882519512
-1782801024
22386937
2062622810
905538912
-2103532999
-2146951334
-596261484
-940195081
1436429329
1831001537
284398362
1031326956
1253066307
-531006593
866774625
-1296381626
144024207
-1862982515
-113719186
1340996596
-1489775775
-2059492640
-469836133
-264218040
-230325198
2120235264
-166411367
998767014
1764447277
1341264347
335606968
180041080
-1927465194
-1841473066
-1438548123
-1678720924
144080999
-93367004
-1903428876
766710977
198507707
230098779
-1133716832
-2043283386
1961213295
-1596112828
-268739633
414451460
1950382726
2123375090
1088918681
-2061141610
-207835443
-795315179
-2139330933
601922198
297390655
1153456271
109533607
-221798574
763778730
-224905913
-676027473
1135531967
-1012446574
1824515901
873324450
-421434963
1964820052
606573279
-97633914
-1738929349
-86145138
-417552998
1000804968
1168666766
1124490942
908909747
2101108897
1557356733
249582376
-550345386
-1974448038
-183327217
-540368643
-1736873489
1649010769
-130331288
-230427207
-1809801032
-2126858532
-496244481
874548940
1809559442
-960246994
-1943156140
867245692
-1604880103
930774744
1293641569
-1015506167
-756177166
974246803
-1721016561
-1488102383
223741286
982870332
-1094528789
-425448906
-556170188
-2024845281
1000930329
176825597
-361500510
79838071
874600840
1992073977
579779797
79026229
210806118
1922854952
1590716514
669731840
1029999574
984354460
203513380
116138109
-180556576
1545526621
1472224079
1019616975
1204874153
-1812379251
-1588743227
-357900447
347684067
-1063227955
106301351
2106724834
-705927034
431604703
559562287
1131004305
1766912703
-1390293876
1474025917
-1806689862
647274537
181064136
1540487471
570846847
431442234
1925392147
1985780341
-1937404453
-1364528897
-1028355039
1087435363
311925988
307368715
-1323002436
663940553
148637007
-733979476
-1495777047
1289564096
1692284729
707872096
674960458
-1847975610
-718257372
-1922352505
1405907906
-142219763
-1895395265
712856153
1973160542
-2013640049
-1377684759
-533677543
755527282
960692069
-22304905
-496610422
-1618910205
-35015207
-1653082827
-1003735646
-750689948
-1840320071
2018409899
-388103043
-1777845725
-1310874514
-1578763232
-1847700332
1880822821
-1183521460
968063331
-861500114
-1586754801
1715755818
1661876168
-20054506
940451303
1057827637
1876417393
981474445
171999995
1115848961
-1538764082
-1595597950
-39461375
-39713824
896615270
276779776
652989567
294505847
-1023082794
380840679
863472748
653702541
992560154
1825995998
1608753431
515835686
81678603
1031774599
1148549704
426439376
1862731816
-2053399307
-1435602524
1651855932
-1347998056
1364598362
-1132500395
-285961969
1958282863
2119517956
1877720810
-1989882118
-431240912
1853254794
1431480699
-467038456
-2068789614
2136492610
-706442736
581601334
227879815
-1361947147
-1640255678
1259629384
1413657977
171977685
-513374942
-369118758
203544022
159597999
-1624551846
-1160983884
-46396978
-435392164
-26489966
-1264175262
287664731
761379453
-1978567403
-1844547836
2007021697
78429030
173091507
15243874
-1379833385
-886535846
1201634792
-1337426621
478378309
1929752569
513604157
-1991827202
-183959538
651030518
1859391470
2111771729
-718677232
-1145522932
-6781748
-2052303759
117563466
1392277298
15896420
-107400351
233728159
607681292
1081999457
1984089991
-483118631
752199077
365436462
-2039156613
1083366639
-755738789
-448981281
1824939298
-1617195894
157843994
2120232017
-1571029253
-302749755
1017409228
-2011693425
-898996552
688588084
159770128
1183488119
-2089646576
726925864
771797033
-811916643
1370469075
-2108274128
870096952
-405446546
-688240834
2074399457
1718394541
1337023384
1019442064
265408474
-930650373
-220470871
-2113661732
-1986878718
-10359669
-959006730
-1035885279
-587461357
-1133077774
-301094467
1365874839
2066899548
-878451355
111924365
326417483
-228472894
-295708308
726587110
-70686227
76463111
1887807701
-1117010661
1751950568
-1039175346
1914527467
1611925631
-1249938253
310557406
986526951
-1006203712
528945255
1763808038
1118255527
-572792947
-606883952
-476807680
-1745010531
-1964890497
1329796167
88492857
-972010487
1663569717
-371645824
-1463681711
-1408244118
-1115415103
1786386591
-1522411394
-768532687
-1621623486
-21545647
1416748534
-1293148488
1000715985
-1067968871
1808283502
1273660785
-1375276384
-1168671191
301618909
-1138750878
343189344
-1297275149
1413336709
237636816
13622243
447834110
-59759309
-693498566
1191337731
1987207293
-1456395580
-2128985719
1754831297
1362020636
263164139
-237324156
-1457266768
328992413
-1533031374
757645449
835117460
1021464995
-86933186
-1885764231
2084841029
580061134
-497548714
-1597236748
-1862226471
1401584135
1870569766
-476684346
-437574911
1995426844
1158273215
859014048
-262521165
1218099598
-976055327
573702154
-1208270327
-2142219351
-1361505412
-1991615592
118729320
-1362817835
1354840436
-1859709349
-1293450268
-1419533012
1988246436
1169783450
138935779
633195596
-1959787738
1665025218
-1302059520
1988398189
-765150256
-137341286
-1624249039
1664340661
1513445376
-2020152902
55827243
1048422602
-1962668900
813692221
-505801724
-1959332951
-47183532
1548663477
2012451866
22072246
651292970
-1613648289
-579156429
-645479917
-391588045
-1550700905
-1383671835
1981523764
1767097246
1082375821
-508202952
-1836865869
-1255144203
828356665
1560718473
-495727520
1878315427
-491411060
981567408
-1883486564
2141781429
-2021142297
2123698021
114555366
-283653916
-640783152
-1702032417
-2125383242
-1800009517
-55323933
2109144509
1425324681
305738644
755401221
306091561
715723069
87428720
444441568
-1164505798
1680495518
1244988647
1832890762
297335450
1982770752
-838439947
-1780338809
450008168
1092748174
-452905578
1041544433
-1635616673
957605923
-1854220148
-1533496843
2056479543
-946302888
-1569755041
-1286952575
-1749976501
-447577315
2101172645
2031669819
1693977467
-1377556980
-1714958717
-552709452
-1648302253
895841979
-611825805
1582927069
-1727219348
1265337681
-1404132281
1353133241
-177339630
309625947
-85171859
1133702740
-2032755673
1818526176
1896308083
-829796621
-2025726394
-1830019662
-1944784179
-2020827764
506715691
-1233923834
-28939818
1240931960
-274180271
-189031610
1362888468
2051225190
-7197220
990390310
904149440
-444084078
1840687801
-474758411
-12538236
1525576759
1555944963
-712332491
1092831878
-346047166
1627624360
834641517
2089898660
-1884148665
-1639225780
-591484100
-1181007103
-1159626312
-248316820
1676779953
1046223552
1938036820
811461574
2146088154
-1799675889
152498908
1813462776
480190874
1622630503
1578135820
-1345603225
-509284673
1203007761
1244979145
-511052446
2013534804
984888299
2024233110
249806982
-1554200526
-1042176916
-1109089204
-2040636829
-433502755
-1685262108
-1971514102
794130783
503052172
-872848376
1664977769
1913600474
-368672119
-1839078738
633805556
-587375725
-180827973
312541652
211288535
1560965449
1796966784
-1640630042
-2038437931
194504357
208911296
-1557138369
-425420673
532414550
-201788097
1746766832
47951010
-1214432643
624587569
-373923135
158390016
-725964468
1299421203
-1244581516
616024131
-792248343
-1731595592
1335411280
356769326
-1430773353
1669079713
387358941
1653543445
587489559
-1356190318
1918009835
1887230607
-1525231028
1171593825
-323901479
-172166039
1222169117
264037648
-1976449261
1994213085
-1001969506
1679892510
-875614500
2065258243
1349544306
-1470507239
18758221
-840368506
1364096618
-637303177
-316912228
-499689061
-488437647
827473062
1773986721
491135023
1377395372
-1119012766
1257992086
-1362043297
1802343389
636852293
-8186082
-1656307667
2122050056
-445648988
1317636232
-1222056849
-224297896
-1569598312
-1735757484
1225157386
1744891714
-1867400359
1868912885
1500426848
533518058
422097619
2050483160
80050182
-387228730
-1596270990
-160775516
-1720987462
421332353
987007296
-771239485
-1267979373
1493880865
-430453198
668216609
-1224289158
-918687893
-1105833538
-1408156621
291482072
2034623621
369752241
1970534971
-1788544623
1735903709
-330889154
554827465
168999216
-2130970295
-1824507047
-34076028
-1179349662
-41062288
-89761467
504765482
-1728293720
983603047
747774316
-1972809259
-1075173048
215829918
1077977198
-1744037249
1272843908
-1489870595
1201095291
1868135367
-486884082
1653003081
1244018405
903376884
662979258
846172620
-1128990480
863019066
-1654888075
-1600748747
-1462890004
2075787068
795482485
468324284
-780375930
-1588787246
1977100977
8030089
314421594
1259447307
-1679074925
1532824406
1431491787
-152633227
-1007267092
1497488210
567303702
434032539
-1259467992
-253349816
-513914971
954909134
-1768958782
-2107112704
-2118666079
-1652345560
1512958457
1141138917
-1578072118
1287283149
-296854076
-1037085464
-544237686
-996178316
2106828802
-293724253
-588619962
1611258149
757416181
348901824
1268725239
-1004847036
927072241
311508379
-1647234567
1363613645
-217239216
-1075802843
128037410
-1414953248
-1505585240
638483724
-1919884266
1077946752
-1618162625
-737040872
-315630630
1851593367
-2080591169
-297633576
19140774
716794429
1456993317
-190001283
-1322953986
-1944245191
736081151
1120811525
-1214476285
2095434439
-1198523690
-72718181
1243280902
-1861371493
-605326104
265377853
-1790554531
-906812123
1835965466
-695655009
-1454333830
1883003415
503340588
-100160946
-421629384
1964810531
1348847662
1187399704
-962578056
1462014729
-1658756046
-105085269
1561907948
-269145904
1056849474
116680572
-1185672654
-136508333
621921428
1001755626
-34750684
1457253630
-1946224901
867355042
955946094
1879039193
771266977
-1720243900
-1100344480
-1597179450
-1498980621
-1106818234
1787904260
-492837114
552877275
75775769
1425776755
1275058945
-939105996
450680969
1335950948
-1814215354
1976007034
1383853929
427024901
1829130447
1597522369
1504212334
-2044348659
-722811254
-452292888
-231307685
1966802194
1247613972
-2070591474
1249302110
1230718999
1469479623
764019523
876880570
2070756968
983608054
-216319614
1642367141
-859193430
-1868083338
1455244767
-76618126
-1109626579
1339575649
-426007556
-1748849933
472574853
-1465795562
-310435391
-601704680
1496327512
1988680067
-998705077
-1821755941
-1543293064
449150630
1936850981
-337867168
2141048371
327276624
-1543736139
385864791
1745345514
-1974048725
481950456
-1006413148
2129879264
-677998081
-1567694991
-1054192574
-1246995373
-2038286032
49725278
-2050199708
1542339280
1958032010
1868435757
-352487716
-764324413
-311062975
665272365
-15891008
-1575462835
470679090
-1590079608
-1642346166
-1093755558
1601297519
-77514639
1780370688
-190457103
826054138
950957977
1565551892
-1479364914
-1158251057
-1568244250
-1523873011
1108140077
1789217831
665974886
-1071388506
181496552
-347156997
-614325375
664653045
961652676
-1418164026
-681861778
-1339205681
-541317626
1796691599
1020750824
1853204330
-985593267
1074675238
1803692320
1830958148
1476200091
-1131672659
-2146661387
314541892
-552386636
-913609382
-213926046
1525067294
-521161813
-1045325702
-1430569673
1065423355
-13568583
302234296
-861331445
52466776
575755088
1319877534
990978160
-960358867
-803948945
914952796
1094824296
-1576088238
-1572742857
-1999457336
-381030376
-1483535330
-1937596738
282811558
-940156229
212295505
-1850694365
-1520845784
778928856
1899177523
-1617926941
-1901444425
1755918007
-1136785156
89026921
1654167795
-2099536367
-1850216074
-1304973589
-1332018439
1956111878
1379232224
-2007068301
659174371
848271443
1222149654
1332525371
1065637268
640100803
-193152274
-2013167554
189941940
-1203385370
-1447147549
-1393341173
-493723399
-1042502144
2044466936
-1898791205
769401256
-873670332
-788711722
-194246938
625262171
-2121130943
2068927287
-1443626255
-1528536060
-1274234468
907399047
-1655444181
678989361
-366293505
100624328
-1713392327
41938065
-183656111
-903709771
99636879
770743478
727078695
-680368086
-1566785535
-462308324
747156089
1737659074
2120294553
-368208279
-802561896
-1002828863
-399659606
1122104310
-1039368353
-250287564
1716729381
-1951904627
1452954281
656197207
1163204394
994566772
436165890
1611920950
-754096670
-1237317206
992038816
-43683690
1946772107
-455532688
579437972
-312116716
1892780244
1055847946
-1525219780
-1559396209
808571242
1410316486
1706101499
1896859843
-137627438
1490455613
663397420
-138030539
-1232674951
1394175704
1192335699
273061206
-1710532855
32906646
-106688363
337641443
-1565527811
2101477643
-1227224727
1392595850
1161470583
-308451669
-1596467568
-1671804206
-1191685808
1537903176
1861862210
-993187781
1880596080
-571657256
1182291881
747639716
-1724546720
-639636100
-1029181294
1455188461
1893697821
1511527869
-647127455
1347478236
-1313286610
-383626728
598638406
-761941692
120332792
-212523588
-1407317843
-169868957
174483281
1903145105
-1004342277
-777750132
-654639022
-692659588
1976681078
1402904837
-1454682767
-1079808287
645336196
-741519054
534329806
1045949545
2115702807
-1000172302
1666003148
2017266948
17511015
1170709064
-1469228829
1888504369
1074620642
901487165
-456317004
-1231036036
-1783841440
2141117189
-1814453411
1612979528
38625691
1634283616
-1621629682
1759372750
-2136341026
115187267
-5197604
-1398874523
-1203542277
830669239
314390228
677352195
241584001
-1442585601
-696889005
-1236502013
-309202
1561713664
-1725377388
-939864536
1503089570
1563107805
-1880702070
-1249737503
930779478
-2127087391
1997962736
-1874139954
-812182581
435803042
-1786889315
1227587714
1939322374
-1194240414
1899718940
-1420060278
997383226
1732811704
1425717628
-1127862354
-1717826617
-72753297
-1816198813
-1862713226
597855843
-1759841363
-942526615
1514863343
-63269738
1533355095
660403619
1563945903
428968811
1003318452
1540814972
2024367381
-1549428380
-1954028720
172660428
-620517419
-1788643666
-811892702
-1232822494
-1680896077
-674425707
-4611856
-1007057308
-1261713266
463390777
199159794
-1045498982
-412233825
-1693455230
1372164277
-1273907962
-1382333182
-1247334576
-139806910
-846368137
1508397430
-2098594313
-1892151937
-1371754274
-47176608
959562986
1201900244
1499265825
-1054290411
-1016531275
-2075745775
765215791
-370935208
1981615664
1127737742
1091688019
524439329
1366425585
416326035
201745357
-2089323616
626446082
93961466
-1546384226
1092158336
-1222493997
1500401682
1382051235
-233639312
1589226609
-1692694073
-733999899
-1652546594
-1798045448
-710632705
1219737391
621689605
1863098182
768815174
145072864
796911402
-795667727
-1843174996
1708485633
-850317279
579745402
782515437
1321155993
-491419882
621375170
-330019373
532397120
2002755465
-71980612
705939672
2073789937
1426019482
405738595
1924938766
-421897436
1231167110
1494465518
-1031280061
1840465180
619109489
1632013890
-470731681
-937407107
1639839333
1081961896
466924817
-60450015
-1065673830
1827687360
1009185450
1248921643
319693047
1625980852
-566703288
1565820251
-1400060968
-44119121
-141295818
498261667
1116689681
-541997680
-651461229
-1654934278
-2004971469
-604662053
1982945073
449626481
-28237043
-1324529681
949910462
136033667
-1491359371
819792510
-1147755223
-450016080
-121757368
-1894762696
831853886
-28089524
-249161042
1549071049
-1678440045
934618771
-145938270
494448134
87230887
-931024383
-359705167
483390818
-982355129
-2011255328
1785569537
1812415398
1000663347
1753858850
529319828
1679936480
-77101054
893188208
1426120142
-733581668
42206530
1246973058
-218464972
2102021713
1195515106
-441704015
1643285110
585873182
-1399328556
-123646262
-1010968657
195513782
-653377810
365750564
-2034096406
406632855
1796706577
-1466360845
-1558556440
-73974143
-806892660
354787551
-636513249
-1910376154
2060172738
-2085376560
1646940166
-1277775075
685152521
-595432437
1434235023
-36601316
699757013
353586306
-1863447051
-1239243162
-1596510443
930008423
309724343
-1304732542
1276742620
611812609
631409123
1693029933
1829900100
-1260223037
833912727
-1348350320
-233562482
-1773572198
-414020156
-753570379
1250135438
-1271151994
92947253
1007120183
1897222469
-1652930964
1658045135
1513635897
-1936312113
-1394566103
1196196122
-10680167
518639743
-1456583702
631363071
849728356
-2140023992
-2145262406
409757395
-442938741
1848692318
-43122340
910797972
1883503063
-1325343972
1043940954
1343298161
1210338586
1986106152
-749228707
1180084367
-1776566874
1441702612
1216131519
507823882
1732305667
1405263303
847983198
-436994759
1777687259
2116024796
606149811
1577498934
-413287367
905204809
1925854498
364123036
-796325390
1416127747
-1574530925
131369874
-646424478
1710310497
2047251264
-282067192
1108253275
863889151
977766608
377250624
-788805285
111539172
1482238373
-1049558640
-701113092
476928231
-1744461455
-666223515
-1396357712
-712883890
-660935921
-363454325
-36577620
-1995353417
1647154576
383927978
70814500
-1163504581
-107329901
-362297069
-1077873991
-2108841009
913083865
-1202040388
-1668411089
-1970463250
153542167
-1395948407
-1243902621
1477532532
-1412382962
2086947277
-440071301
-178886195
1198361816
-1052132081
368307807
1465999694
-263235451
1083950096
1105411175
1108508130
-1906393626
1385665036
-902784172
1626185192
1051312808
-951542976
-999516284
514935644
1981354659
-145310548
-78927263
1358082868
-78893708
1411947546
725398554
2138517260
-728606392
410879070
1988156566
-1083554556
-1073778949
-1827520034
220991396
1125728745
1140380513
-1944534188
137660534
-1110716014
-7851550
612532946
-1641340849
316881292
-1870214069
798620422
1000166523
-572515847
864908259
-597185345
-205703296
-1064773452
-1950187587
-1054639953
-285556334
-76997959
-1201646516
935022962
1744647243
897904580
-932949956
-209417778
-752712293
-123694025
-1820380545
-843234500
-1802107396
-500699840
794643877
-1126711129
1013888490
-607182022
1659772016
-1981701773
1649999506
2092432980
867699623
737495232
-1571372599
-2105677456
-1665233622
1271133423
-715393729
-884687027
-1471297466
-1523889308
-901956364
1829029351
392198986
582048909
-1865860886
621837341
-544611750
1122919459
-516130277
-76079724
-1936279678
-1164195408
-1999940947
1387331803
-894066674
997467472
-1208224413
-751750193
1781046040
-1199027013
-63006634
1984559681
1132873057
-1737905022
-354906395
176689877
-861206940
-1261801064
-1693282582
-1350375892
-2014872920
1110984467
-1469138
643695685
-235229355
966700084
-1316676322
1092260896
893125386
1552557732
1806475198
-341993052
-901660691
-1393175296
1268878813
406468034
-1114717438
906044823
-60671607
-2065873703
-1885158208
1417917810
-2018680123
-1209401509
1718490849
-1722705004
1667586937
-2102558543
1977805689
-1285380990
-1184041303
-1253484452
1584101706
573784581
1929885417
-883717796
-1800564394
1490957101
-1821773808
594320340
1534687668
1423583385
784125995
-1527601938
676012455
-667490058
1185252276
-2013107972
-2120088852
-1695958588
-90314492
-1553597473
635782226
158404704
1818265349
874677164
114225552
-183251138
244366123
1766654348
-374186926
-478112907
-1729932636
652756195
631175829
617993856
-795147571
-636719949
1990350388
946071618
-1452313368
-239428798
1988157889
1309017418
-517154548
-1866088453
1483130520
1543507288
986002524
1885576081
-1282473935
-1809670624
1936449147
780624490
-1175430986
1188009549
954655295
-1990614726
1088756437
60114120
46740900
1480017901
-1413772074
364300345
604241154
-1797521719
-1872066321
727474893
-1771287166
184166867
-427374889
-527514054
2041979598
2076524146
-1656051048
667720703
-1975747577
1142509394
-1874088791
-1053176336
-1392913412
422900363
1217769275
-2091101455
1150511255
-676796927
-1433021229
-1923972095
982320538
-328002035
1438886936
1051409786
1457669771
-1217336740
-628046610
885543062
-1298299923
-1297154793
588513986
-2059925195
1188290480
-639983548
744964135
-268776484
66135273
310105451
-16574558
276172800
-1531613499
1726258044
1288562113
1747335813
-269366597
489469679
693131377
-13296511
590367232
-815835091
1959993233
-852288956
1380398656
208815150
592351938
-208847204
463363466
-118201502
-313630592
1547353684
-773281397
1289476821
-260531594
-1648316418
1233352190
-1212542067
-1601654003
844299250
-1529849245
-1742842826
1300512837
1992673430
-1896523026
1683345665
-1443326008
1735583454
1253749954
-1673374264
-1318217668
1365967638
1123858782
2079256181
892023768
1434623455
-2036634281
1864118692
557092921
-1790504586
-499589561
-579595897
1177866102
-1612175556
1773298693
-676374774
2085017201
1793524082
-112180970
1710566199
927114352
136535363
-160803230
1230983898
-321908757
-588484345
-940057046
1679032424
-802685785
1548413637
-1133813191
1192255516
-1804968189
-166866182
1788567897
-1731378590
-570384239
-730048616
-762619896
-963016583
1659451880
808108881
1341137003
1109145427
440571319
76621076
-1098523261
388650175
1111003421
484862935
1593632158
-96800055
31010104
531298967
765878287
-1081733792
1737115132
209320092
2036369952
209788473
-165453243
-1419189759
-590489785
-1019835661
-1488195282
-1682891661
-186556264
1059279228
-1561360221
-388525000
-1317120133
-1072130382
513734964
2118296947
1049587614
-145425587
768494380
695129510
-791251924
1608768251
1649211618
-1896406665
419658815
193911244
609679950
-22158666
1957065362
-1416600624
-1468893730
726635166
-830151558
-1912864003
2016881290
-1289163686
1510558742
-390353066
257550117
614347723
1059080645
1464827210
422028022
-1004952440
-399802152
-881897895
960564103
482561318
-369554552
545548285
-434070596
583326392
-1725318614
-253029177
-234713050
-117434215
-262172256
-2008370233
-1066972007
-582539160
-1036960494
-900408783
2027816699
831632979
-1737070882
1998744380
-2075210913
1855630744
-1823724340
1483721293
1440230737
688271689
74457990
-211317932
-1933165965
1575476559
176397638
1539130742
1466794568
1652396976
-1431296047
-1664062484
806242127
91445780
-1589545565
-425111254
1922116947
1648954244
-1705499029
-1256146877
1429207297
1371202165
-1373887815
-1851484021
-1003342662
1083842309
-1089700107
-770508931
-619786582
160648579
-797566573
-347210529
-524221415
2050224437
637102212
314221860
187706881
-1202088108
1050356207
554546704
-210812193
1464899163
-1117590496
-119481950
-1148050994
-1551303296
2051383488
1187250989
-333186352
1428977794
659140422
-719486265
338389103
1296575397
-1028310355
376269543
543035012
1525271546
-17920409
179252297
636408406
-440436764
-1765677424
2061405205
1350500326
649991126
1614743399
1314084927
-1569984376
-1253429407
-1131128839
-1158054352
-130545995
1285273197
-1753975778
1772185510
208081695
-103484730
-1880200791
-1526808104
773027590
1405723098
-1636821798
-89517347
-1425893430
-369417536
-886222825
-1411661491
458520512
-48562052
1956506331
501051944
1649641544
-1867162495
-1703961618
-2103910154
1118243102
2142829942
1835557590
-294021584
1434159345
-55900611
-1953952627
1682513886
1633311537
-1766811344
1216794483
1342419072
-543025363
-830936147
-659672442
-518174670
-1273007012
-1917415980
1185985487
-2121413622
40310778
-1988171121
-1627266529
-1149456444
-846845994
399721426
1954536955
-1848961631
-509036950
721858339
-848398892
440764555
-105751509
-1628907940
344674683
-382421891
1169592866
1943371951
-76226349
395755809
1610850748
-414898197
1761935815
-977194310
1716272605
8068605
-488926850
2110092611
-1331095238
1454507704
476339405
-1309641256
1911360999
-990926376
-362339347
1449127509
828090927
-357211836
803710317
-1221703876
1585133219
-1068324974
185001065
-916442148
1773701493
-302806320
-1510597124
1238199470
-1859896570
-975370367
1545544178
-1393546239
-2064248900
-924479514
363659970
-1289924390
-721638631
140002174
-1092923206
274811925
-1142104055
-564815154
-199142276
207371215
-387632518
-1381201052
1941044392
-12986105
-1079026127
1079207961
-1491045670
-1282925694
-1500317989
274203031
-528184362
-1283868688
707360098
781372187
1685686018
-2125472692
1708476034
2095122298
1896141076
1886965384
1870835355
-1150926232
2014952971
-307801752
-932014392
697670136
1179283042
1241576365
-1472424145
-1463313314
-897231997
-1094734474
-1942564198
-550912516
1572996986
763719651
-783845561
-1960793189
1752656874
-731477253
1510799611
1225194744
-220183485
-1650848305
-863545252
-2084172925
1538441013
537756895
-901903488
744419682
574792543
-1307854149
-2122097727
1901458619
1548555083
-537108755
-13677358
-715988173
1076370590
423409430
-80125673
1215111601
-1056995701
-1032864170
1228525360
-507349914
-412380279
161896177
1162869974
1667482385
-1673156027
-1415155154
1064653546
831741311
-2123753000
1285706370
404799179
-66812847
592801084
2015316974
-1701808921
746863105
-360775172
-841111899
408209556
-1368416218
1396299307
982091761
-401593056
-1109629705
-503332458
1696007510
-1945258970
-660863731
1201311292
589940215
-577725149
1586161004
669099006
-502606280
-321598904
-433550909
-570803310
1958056356
-1394528623
1183214323
-2056041283
-1129396463
-1429567211
477049293
259369921
-1461224702
991297952
1719687711
-2116810221
773778507
-892306818
1192002033
-498217392
760069883
-2048349287
456976652
772994930
-522292875
-962110778
-1186143045
-205095106
-283803680
-738048677
-1541256235
1210052608
-649209408
993758980
1966219002
1646535034
1121226213
-2046244394
1188098331
-285716199
-1317482365
2124016548
-318581696
1305610602
-1819033694
2139735185
-1311322491
1169788107
-979531336
742836966
-1063904411
1073461093
-1432626541
672944165
-1596998342
-1367110567
2031071868
334590814
197993220
-2078088647
1338444697
-162241344
-58399128
-1185619271
1297674643
-1145188750
1475143164
-377728602
2019094392
1331787427
-1310900287
2118831894
532215777
-727814433
97120240
1880983776
949955415
1198679204
1118902265
-571535538
-2090393358
-1804015819
318255560
491077905
853316930
2016982701
-1546472631
226329204
-650665101
-418484138
1886447150
-1857506348
1279323307
-1272632261
1407055855
-397698225
2005291446
-874323973
-1117747694
15709627
116335333
-700998944
-1230951764
-1162108198
-276239822
77328175
487509287
-481713973
-28036184
1333533889
-1456424124
-1637496126
1063974913
1821561042
185781859
-62583045
-1454338672
1552912152
-218619646
174133227
-1965735071
-275638249
-2059069309
1804887225
-1275721058
-20619085
-1336293583
-304747284
-977087948
452587270
-1625167228
245967716
-119768907
-305614733
330303908
-2042307442
-1748666241
-1312514821
-1769113557
-741327918
1615770142
-1210926130
-507428561
640330832
-1608779538
-2128257755
-835961218
-1816610612
-1311619579
802200910
-554115029
1273798374
758887759
-256146168
-1514051511
-1511007858
-1295273735
437410576
-84435210
-1137287498
1823469331
1855191803
88425115
-1407482808
-1019140752
-1050852026
1749858417
-835469223
309368784
-462226261
-1817853626
-16926561
-2013404096
-1082415947
-160811392
-1152363232
2031268289
-652200554
-27061406
-1081423316
395846952
-844908232
-198816115
-1889088115
1182023748
-1112595055
1803175882
-845387012
-1910796475
-498071493
-1722036730
1233791957
-1295660965
738056003
726663581
-854882802
-514178659
996342592
1987811035
-657275291
-1441570516
-1998330201
76364990
-247797288
1311140760
883936862
-1323226111
-472311206
581915777
-1848911986
2105941
2120008387
-1124698751
-196948291
-453227023
-1261933049
757092169
-625951717
1876094285
-822286934
179681545
117631259
1486989097
926106483
1953833493
649734981
103472851
865725023
952355269
25593930
-703297366
-1340892456
538972572
-755988648
981549789
827790886
627330475
439731119
-551831944
-1147075290
1253816119
1069782132
-527924063
2081494584
-1809750631
2064899525
632505374
669419133
-1956941467
1130192653
-827370727
-2023781822
-69032498
-1161162088
690848039
1984055478
1632199753
872116841
-1424763514
-1320329501
-960848273
-2050116021
-1730873946
691609051
-1403778521
113794853
2063134698
-657328079
1840051203
29074322
-1524535633
-2025336149
-1106422806
1424986545
1559205772
-1454035915
552536056
-566035912
-1194190117
647778583
-90351199
-706381617
-366594184
63442282
2070229276
1480142235
729724616
1759548104
1913297662
52296728
395322621
-1256422078
375292964
-1397660885
1601292695
159474582
1427754966
648757879
332866605
421904033
-1328468952
-1691279121
1692266860
68875282
-1423488861
192858283
-1958151072
1613455456
60379941
-1621341185
-1396686862
1677016061
949739269
-481900598
-281862991
-323381301
1249679994
2075293451
-1912494380
12201167
400520764
-1155404871
-631353217
-1502088412
-777365
-2009628462
1604940869
-942689231
552274864
94591412
1889305582
772869150
1207904162
-115244372
-1288511623
-184578429
-572762262
1440810700
-1550149532
-1787493790
209723816
-85586175
-900225750
-2007570089
1965882520
1686527588
-1687664372
-1627339251
-605649552
306233296
-1142836204
1516754420
-1536210419
-584763212
493363030
-1923861968
824641741
-1475537623
-615126664
1800834004
-1598911810
1061101894
-1332119691
1021376335
-364610569
168666035
-544612963
1818000166
1945167430
1405152636
1785631967
-1753459229
1491808779
1929024295
-193544118
246099788
958976355
1424663304
-1012873519
1904060632
-2032076408
-579769134
1557873998
1440285022
1795427958
-337793423
-1867211575
-2026651633
-28597038
2124429847
-2004967175
121739942
1395539463
-1806997099
1042295562
-1598354723
-1542446414
-960105749
-1943628640
1392789282
-1967325377
-872549854
-1136304357
-646016373
-120838444
-1360905128
-1198355684
-24504314
1716232301
-1321906149
464675912
-1477589804
1663853127
-332499206
-1509046965
-1413622217
447504258
1477635161
-1235609568
-1993273751
-56538111
1530535301
1785370254
1398785232
1632713364
747460359
-424243467
602359152
-1212909223
-1782287555
-679956150
-1407241311
1708019806
732323365
-1173903265
1278600193
-1652521333
799900284
-1874295961
56877483
-803745601
-1679985657
-1088441415
-1833561432
1309511480
-2003277009
2077074132
-970843
-782402249
840459731
259007651
-284654874
-443271453
2031681882
-1682814463
-506649990
866498925
1031561734
-196585602
-1508238928
-420920972
1669774224
-1771183005
370488777
-1903547477
-1980674320
376989171
-1016894994
-778847303
1506734459
1408281331
1621818980
-306713248
642347315
-87422100
1538064125
-1739607072
450914906
-462008145
1893899473
1746226077
541549128
-1442735718
1461876526
1124041215
-1551221890
-1991131368
1906114508
1622087577
-1778624774
-950469395
-1346474427
-1521639283
-270010676
532931251
142079683
1825539885
825800168
78041375
-396806150
964760806
1404381502
1580173192
1123947609
618702169
1057553927
-677149270
-1807749
-582588470
-2128467614
1279018406
604004579
2013024957
444136735
-1879141811
1268594920
1685007838
-284936743
515538333
-561783570
1951127073
-1894295991
1916124043
1916771798
-1276501975
-797252647
677012738
1324143543
-661062419
754145399
1197500203
964974029
1567999129
962911660
-527949073
-296616527
766692273
1158620396
-429850439
-160192054
-2100320644
1547563311
436141184
1327592195
-1735934305
1786783168
-1758564860
945228222
492969735
121663060
1659212119
763457031
269982220
-508046243
-718826594
-1252821236
-1515016749
-1478240864
814032920
1092017613
614386419
1554960389
-509417121
-1762214129
2081612122
621991597
-387052818
1226557589
261969777
-1075035063
-869523741
71402898
1649790846
-776823127
354087940
1055882841
1453023050
1906548627
304205831
771235670
-863232509
-1839892778
107317773
915053377
-456315805
-513631843
-1146795665
826555535
-855074032
305312520
39709885
931191340
569955142
-1945531912
-401711869
-604937369
-433101390
-1933709270
-1739108018
1148892974
926901153
-1123545465
274024046
-1127335302
449947226
1115136697
473673468
-632233460
1688971463
-1290272255
-500916322
-235101351
739759962
684782919
1652063113
1798537410
78150189
-1678720398
2055562567
-700799737
305962347
-969083143
-1055492166
-1115209219
-1665098770
262981562
-212399264
91104895
1671049257
1959336458
172919767
-1587396702
625618760
1373342220
-1425694300
805140780
-1949543787
1993802310
-1389513681
584233285
-2082491619
-1552304015
1781532689
-608259218
1793645459
1657906064
1763310994
978939571
248026227
1581891395
-1892666515
-2138580196
856739434
1811394652
155881941
4342376
-776777996
1732681394
-1279819332
1705631741
551289671
-141207499
1837421650
-1832645607
912465263
-1020587710
-722395445
1155556942
-111059015
-1085843912
-1112502683
840086316
-1506592171
-1119419829
-488867671
-25140929
249405238
2049003415
102050800
-1865619141
-1282297795
505238648
-1076771800
-1712358026
-348476523
-1479441896
-1571682344
-93340523
1557379680
1686370377
627216736
1689148298
-1510373997
-1575239020
-849098619
-1128662339
67482909
-784313711
-1744277459
1098881673
1497414990
-1975137416
1699269734
875127529
-912744842
1515844344
-1890343764
544584306
538016460
21945159
1897309803
-151279484
302982802
1218288249
1015802818
670146236
-2048584075
-619928811
1083353737
-581089876
554455097
1460310501
-436908139
1306286286
1446330773
629638414
211782202
279977397
-563764901
-1457237921
-1591014384
-5954940
1219542748
-282058003
-669908742
-552341596
203088777
-765300257
1396867940
-20012879
488549085
801651845
-255946549
-879060812
1851094138
1983446447
1101546114
-954940009
1479693458
421060156
-657305934
919742165
-1462688120
-1116537615
719918497
-1435137168
-120478250
-573579381
-1865892041
110017320
-548359888
-86417130
-757519170
1319534313
730864618
-1373720193
848347881
-417448828
2030023062
1583364712
701190167
1589713314
945836017
1123319099
-1900899624
458217972
-1058784514
-2091630975
-1161157457
321907887
-1531048077
-772959628
76074265
1408851255
2143418196
-79520046
-653950770
-1457087718
-892140322
-1387125261
517902662
-1293660865
370202533
-1265291491
417714302
36611166
-195563520
616456215
-1769689861
-263397198
250172580
1092410364
-42497521
1804795629
1580494478
1951251280
1018157146
-1789083540
-1626849498
-1912311464
1730196115
-55278932
1746883745
-1318866267
-147717496
1632344571
88875174
-1813663502
1020424803
311501682
-1715366604
-1385447377
1759555118
974094882
1280191426
-486885155
-47662696
772275084
354269863
-1205163108
414866936
2093426518
2130230460
-1264207359
1630139538
-509336004
-2076315841
75180205
-358805223
491246660
-63084038
1489567386
-23539595
-1963431371
-1905617501
865060280
-2069901370
-948354487
944546950
1789477048
-469102681
1255519265
1735094625
873736742
-866039882
543767544
-470751090
911495357
2100325972
249979163
429219687
868721910
-2262871
1480658840
619675109
482741218
-1441753366
-2038933195
-1046045046
-613741767
228356318
2038878628
1150339200
-1840930127
-670095715
-1954547212
296986626
1847322260
-1202972261
1163161417
-72210181
-2018168948
403358180
-534916913
380016620
-1367936063
-1038675032
-143748885
1308847378
-1395811035
-1594607366
540091827
1779639751
-1659113202
-733305900
6638752
-1202597848
-25109244
-359220130
1841386882
-1335808777
1030536412
404598639
-1624725325
1342344131
-2114163195
-1870519981
-1371014001
-2121284282
-1902001119
2108344526
1186655779
1411315725
-502910249
2034841185
640020771
-1592595618
-796016409
2121223115
-404042975
-1701561259
-508716930
1384523730
-556986884
-1215448752
-55916342
-1058960829
-1975564906
914919308
1015745745
1314321462
-1956066103
-1754583280
357215102
1659898006
444562842
-1360525111
-1710766852
860090591
-1894797137
1939311350
-1912299193
-646198743
-125812738
512425925
-1368927232
1002593894
1590132935
1440494142
-1715844736
1126149607
-1725863741
-1583874720
-2121232082
-154858204
-1192865123
-1868551799
-1681000171
-992552260
-2069555807
-2046608358
415583920
1460474298
312108211
-569434790
1399085320
122960921
348825729
-816990054
1842634752
1663863178
732088572
1558772378
-1731504913
874319475
-1722312189
-1075457493
-1284607889
-2073202885
-276635807
-1585703147
-1369417356
-508003388
-185066503
1154186042
1671571872
1192132408
-1430609857
-1618220549
932176596
914769929
1470204906
1381628378
2058758666
2055744562
567129831
1210471519
-506963103
705596866
1994438032
2069444672
-1915008135
80454554
1193503773
1420392891
-1401271808
886868596
-2017598118
1303946566
577845645
1739448872
604594330
-562288533
-2038443860
-281642198
1226885867
1251321068
-942188487
-336537513
140711818
289067565
-1467647247
390367472
-1596052583
-1586523949
-83625403
-1583571226
1003507983
2069566631
-1387373455
930661719
-1462147857
816531648
-933500979
-375735464
978597052
1065865697
-370311325
-1370867979
-1931231445
-1345826017
1971598529
147158133
-37270502
-1355294521
-246504689
680850913
1162055617
1374260605
975726435
1490892487
-190952154
-1522459224
2141735507
-1204725701
218966998
-1584173811
871296715
135661854
231716049
1298825914
1135680033
-1869336926
1857530565
-792604891
1326836070
-64024307
-1327353473
-465686381
481462270
462033084
-459835234
985094590
-764265613
1514547050
-1871848055
1620999857
1842534533
-2006992462
1445509282
1596484599
-1697974907
1759083729
77220283
-421565452
405827042
805926065
777222088
816029329
-691336444
-39236062
40064982
1533454111
-2035784104
689674602
1645457212
710530164
1107515563
1835772159
-743512817
1762928474
-144536900
782637202
-2110843174
1135074090
1924594443
-8110001
1803371662
-705342285
-662926089
-1924851613
-572340297
-2113692833
-882117369
1009930430
-1866561040
251969688
-1636919673
569942297
-810373479
-1674651289
108668502
132551994
563520454
1777888862
-201120002
-1768597130
-2000368006
-607025736
521310725
1655917431
1612334612
-1168069698
-2063842686
-270511297
309482249
752721259
-1871121166
-821540756
-1865505581
2107210066
-306188212
833087421
-923241688
341744319
-2123781038
-684909356
846593647
256934684
-1952052951
1433117757
1165173615
446068118
1994779691
-450147921
-1108150711
245475584
46224892
275072656
-2004117336
243938295
-1763686949
-1524988738
743227190
1510741829
1329462842
-301676148
981768785
1801456266
1485012623
1979780362
2015237630
-826151143
565134956
338788745
9348381
305204511
-1123174963
28970845
-285668386
1175748362
384212656
-1629337372
982375795
2100326183
-780542997
-258729273
1854513414
570362765
355336505
-522273665
-138685971
-1958063047
1181841557
-778459877
-1736364260
403842938
-1174429493
-4487105
-1815147045
94122127
1631633739
-1128947857
-1617648712
-801006450
1284826944
1365492621
965901246
174635398
1707540448
-400156000
-1894282522
1532421095
451331077
-1715380778
2065078221
-1687591390
-560117508
1726938059
-704779865
2064264844
2147043997
-950625525
1256616563
-1482719353
-705854821
-1975598891
1833887855
872676835
327983389
366649378
-454393138
184992129
649312909
-336112411
693259688
675892281
-1400029522
-1909780589
-1595717326
684428029
-1956393740
-53676828
-1543321554
-959167170
-253920753
-1289439781
1000718756
-152658290
-198354232
212673540
-1232139822
1935380102
642934801
-885701124
-545020320
-1941933335
-61337514
677359670
-1493978664
1737105417
-637662695
-1632098821
394887764
-2067917975
192035773
-745290062
100140920
891923619
-1138701151
-1284486303
-461597790
-656830324
-867454096
-1697965965
-1189641120
2130811541
-1067690570
95496123
1573027362
413663347
687279287
-1261105480
-752734416
-1267954686
721527675
566554
-1550004771
1416564582
-397729235
1875644293
-1382169092
1508276083
-1248560474
-92523884
1801603475
1596727374
1587472963
-238628320
741456078
-1357557676
1574839550
-626335551
429921590
-2119238342
1622777276
-374357100
849867810
1359888244
-1003913245
-2040099266
827106413
657070042
-852414929
687110961
491551593
-841389175
914512582
-1164565458
-629768942
-2040899065
-1917776759
-1023459574
2058736518
-59354710
-1475205716
-2139954508
1712900532
-861370823
-421314680
1001166965
1564491092
1390587347
-587993169
-344801926
-17386
-622450673
1257622080
-2110850929
1506131997
1642460004
68793725
41011245
853983150
898110667
-1477025126
-233673546
-1336081372
346248610
-769851433
-1226001666
2117762087
1686141907
1484683216
1481794317
724106525
1345609781
-250293741
-1788979422
2664415
-1592096974
1919518963
112426747
-159161168
365830057
1120594075
1779585875
568830570
1517915156
747621221
1406369196
353109241
1479727597
65685356
1845409870
1197477645
-878851251
2042569055
-2103367026
426169099
1265784534
1476466840
-1351170733
-1096693948
-1743732269
-999530388
-265395242
2125650280
339392669
661641924
1388885160
-1899020996
647694656
-338237460
-1827787015
1342435978
1648092253
-2120228949
-149383146
1365784153
1000720465
1083738003
1269882163
-831958178
-1352697194
-417654119
67781994
-199326286
657044329
1138472423
1097875459
1816847812
-1814601811
-127975696
-452177163
480153232
-1269981937
1504843461
-1942098515
-1004047600
-582691735
126234278
1062609933
-353003789
-350841237
1950699996
-1222273609
670932620
-579199368
-199378747
-1374838
41937421
-1630822451
-86230736
1008035180
99201012
-1281834776
-1983338517
-1221305782
344509124
-1242633946
-722583655
-174162852
-1514000904
680412334
1401102536
402970541
-1559873996
317629070
-1900069055
-1482723110
-1296217923
372347170
1990480034
-1743334887
1427797547
116350140
37589034
738911357
-1687612323
914543745
-1309185069
542611831
38110124
1112668561
-870551898
-2059655009
293639010
-1496318870
243661898
1938941364
-1938802323
1222061197
442806749
327938785
-630746801
1623178850
686653446
1917408065
-1136961960
-1987933352
250991178
1880564133
-1336455913
1770336336
995776415
-1428623468
-1774432243
1553935931
95502398
-85356398
730198948
2109600001
964822205
-1255746139
185726303
1418191012
-1958081956
-16843500
-1982666159
-1900224347
1630976158
-1317086606
2004541651
-2146115162
-1225599973
1791752922
-1295914640
2084792656
-1687276908
-496612997
618117924
2010199158
-429646776
-2143225770
80668358
334190458
-355078523
-1048923834
-574403135
1364820207
-1863003263
-1954983104
1348784138
-2050801024
-296836246
531480540
-1247124147
-561609713
62866106
-1551336172
-469691031
736068896
787026384
-646959286
1435337759
-263909256
1577861564
-1256771697
-1269955579
-1193163263
-1975639462
1738392098
2069259456
-1354916112
310295969
-1698516682
2050879601
-1615261655
-1958980548
507269111
-596947857
2125295329
-2034659494
-747623985
410071351
-853771387
-322667582
979362276
1198140832
1209218778
679060009
2063992549
-1200559790
-1719507612
-760229689
-121250042
-1271555464
-2137955060
1952344615
-2042793912
-678911308
815151356
2132364606
-822523651
-323123373
-1289228339
-136664385
-427963253
-364332863
-1989228572
1795447725
-1995306897
-1674715841
-584600040
1292340529
653546885
1425773266
1896297112
-1296378451
2120305029
-580068226
1954639884
1817446160
1213840592
915910324
381444345
-1216589205
1201465453
-720154872
-2116931735
1967820996
488104013
-352814298
13699786
-1319582422
1633414614
2118683398
-766545898
1021783049
734105246
946340447
1295667252
-1387238465
-302638217
-1792260776
-403392355
-2059945361
705584043
-742169467
-1456020925
487787796
1511557256
1958229009
-124466515
-1086282792
1993114910
1170481718
2020784998
-1359444059
-6205882
-784105227
-21994600
-1654665988
-1787107609
1127757571
985229299
-1643335674
43271284
1947339778
-1724609326
