364341879
-1666897311
-1576873633
1234646042
-215737348
-668882950
-1403523672
-689561246
-181895746
1522472162
-947310441
-1850908960
-328307023
-1456057703
313005995
139061154
-1090201540
1099854933
-250096299
1244941770
1841781769
635320908
-1906449169
1772941680
1446152988
-1416397517
-539792916
1807368647
358349351
-1765323263
481349199
-2140705666
879150875
-1269969416
781210721
-1556865176
-1690147838
-224591131
1427869597
1066156126
1695202059
-912905307
-1704789777
556318564
658374630
-1208919829
-1315040739
849929994
-1418870190
-490516927
319147141
1472581396
-145353229
-460198068
878847752
-227027620
-761339032
-2048148141
1778333510
1702904055
-1590118755
633022721
-2041769461
-1723370601
-695755172
-1143554966
-1431222520
1008880943
-1113329366
-1730453173
-783817787
588752348
790760272
-747747435
-2135084586
-295108093
-1169204681
-120049620
1749591116
1672471734
132401401
1573134315
-1788565394
-258775973
-468721101
-536363285
-966373975
-2094013041
-1766114528
469493765
2010314948
-2105204665
2016410595
-615502700
-1920887209
-1076047048
388929827
-1330884481
2004353149
-329332359
-1321856291
1730085494
-196310072
-1976756635
663243892
-964078469
-757141643
-1330795579
1351832076
-1825916765
-2101674784
-296440273
1729699609
107578909
-1062544838
1502948264
469023282
-164607373
321238136
-1529603952
1039448619
-1493669104
597892238
278116031
573605985
-820061439
-844463140
298568426
-1480657833
-1733826305
771329000
-1027259317
1628040321
-1385993812
982719822
-250201471
-1268486048
1353892381
-751535628
767911348
-1840967730
-1102670184
-1748189567
1802138876
853052314
-29220450
-1419344113
-745347325
2076535639
-376539349
1421519646
-687257368
-1556964239
-2063058885
-711047988
2115436390
464547456
1003911824
-152209598
1958149685
516194528
-253630286
2058856561
-1389227601
1859024257
-1185980873
-1316412930
268672695
1577352443
911311940
-856076934
74448086
1554255844
-1747373485
-1469841450
-2010919258
1701079397
-68905162
-1004042219
-1882850189
-1979869429
195653211
791180611
-321112802
-1418710566
-657013424
1626818469
-2130962108
1877415079
1173296521
1409515825
155284640
-1144151129
-310135199
-167065280
-643552851
441088322
19327838
-1398139007
-330386545
1945603117
-92663112
-807265743
1338008115
1588470455
-82724836
-1413526648
1033155764
-137484446
591499181
-1737921930
-1652853248
818786996
142515530
-1142601073
-226263109
1700191823
1512442902
-32559294
1452558179
-133745345
56326708
-50125231
1192270260
541414803
177847506
2039223676
1348413517
1842779950
-1346543511
-947294337
-1296314990
1193790430
-134190782
-2000239553
-1551979820
-1697026899
-657254341
146776127
-248216401
-2058303369
1861597130
1484615512
1354105267
-48953412
1391703362
577001129
471969606
-36169289
-681538987
-1583400501
-1669926712
-1082597713
1144732377
925523785
1104035064
2102207372
1843751631
1920952399
1192054166
802636460
291983520
-1260613728
-625203896
2029288951
1804208040
-1219730483
-511045695
1305372208
-1863973128
2083680419
-27262945
-1549081714
714850391
-1737192475
-1580207724
1650176907
-1303860342
1033877818
1032269384
164065274
-399818283
820173160
1113825406
219378527
-1668502079
-2119657278
-1758817803
-1231606150
-1716571362
-1321381665
-1394508400
423019301
1642894155
1518653836
313513784
-548669345
-291507788
-1064352509
1748692481
-1172186201
-869598052
-333733028
685460619
1886954382
-31564260
-838244029
102579114
-2083739769
1888074090
-828209686
1257524041
-1535868671
1358411870
314684481
354682251
-1856525897
786361650
-815221916
-2049036238
-96457914
-258438007
899486293
1874411588
-790678529
2071610290
-1164344598
1965548523
2110104830
-473911507
-556996600
432326301
1494150523
1473000813
-1476422895
2018767740
-745683105
168446431
193619098
1099790846
36677914
-1442751446
-1139620767
1658534096
-482017101
-1751779400
-1644583810
1651372791
967412768
-1207707787
1843069911
-1381231816
1302946519
-1972506154
2019468249
-96550470
741639332
-426458851
695330148
-2027409431
331088317
1399999450
1846411526
-1130873188
-265220077
-2123386444
-1775432085
-52239751
-162553366
-1797242775
2009304852
-1320293736
1323520427
1034573074
-558141369
-526250650
508475129
1220971947
-464996282
902127563
680163585
1539444435
415191747
-127690097
-1890405866
-638000689
-1315655534
1795871225
881752188
-888557868
1353658016
2137621432
-1083793277
-1168877691
-707758045
885333767
205392855
1953052090
-838379502
-57775349
1880037910
-915996030
48803288
-1888784513
64425635
-559830677
-619284157
-127614062
-1913552967
1858898944
1519858114
-1369544945
1389568706
-1299777134
-1158751025
736266686
1840548329
-1546526917
-1676765270
80143626
1907533550
1105327135
2135328839
1453034467
905193272
1211229685
-1884198520
375149797
1623194928
401361349
525346478
164381369
-1486705972
100488434
-662750707
-1351315781
-1065016983
-963075461
-2015968513
1538734557
-1116648739
-1191212931
-568228070
-302037046
1106087884
-1743207940
1546015397
-1525217202
-753275078
-969772830
901934151
1464799988
-112297118
-2007778233
-963964927
547805424
279203781
269717234
-887675555
282194239
-1932569467
-297911777
108111079
-2096921844
-394239246
1022099586
239624412
874213973
200056677
-1991848565
1634870561
1734816462
1385176140
-732062485
-1767742858
551707909
2064587398
994596439
-1144006421
-1140743738
1182431985
1372004748
-46729838
-1579935808
-1015990976
-1816889710
1681381237
787406696
-1360926703
-1454281148
769339338
-1285609188
-993208770
1961367310
-1916243611
-82925172
-1332222606
-440937992
271254381
-1109923755
-1148489217
-1998849052
-1968477358
1514034414
-1440216081
1964861203
897360382
513295815
192049496
-291280659
416090186
1354188207
-1051436556
1937866753
736997043
-302165131
-1006245904
-2039818679
-109452212
2073294802
761057796
-1046142029
838090998
174347654
-518284605
-2048346916
-1678926129
180197312
-1372821196
-9201122
1226684136
-1836490046
1599624864
-1955446068
-635677382
348400324
-909818451
-1858074437
300242905
602510617
-1181641045
975597573
-1505694359
23283600
2055621933
-1351999735
1842136785
1678428700
1229814491
-2048863563
251277359
-575316297
-232520825
540791559
-1608497909
-1781861502
1373310589
971418576
788575182
190288688
-160515810
-1542312518
-1995389836
1041823653
851238575
-243270771
1958712960
-503307559
641730926
1277372333
-1576154576
632889858
1533010150
-1376868890
760875250
-1991680270
640264580
-328034964
-1786175210
1475814333
525904233
1903535900
1709680836
-2035075938
1304397440
-1714936824
-1483842513
409445402
2007036371
-882747342
82946826
974996838
-275303398
-1397201514
-1479005893
739991813
311390101
222937965
1970984654
-918843467
-1084839141
320007600
-783453397
1021697931
-779879823
-169080614
1545359243
-926439588
711743455
-783843854
-837790552
-1885754273
-125697280
-93334840
-1778307149
1215331856
-1320519462
1972650622
310958731
-1067701162
-516728531
-85468599
818606891
-993346585
1883229455
-418439559
-451570077
-1166869269
-133348680
458521526
564703690
-389830689
273126042
1792805003
-1286864654
-1423121220
663871925
-1366074584
1093347805
-161963945
1231738152
-232622237
-923620176
1103647755
-1696077046
-1662052096
2023725734
613753748
-108196742
-1013719503
404703303
679048509
-297620236
1950422623
486239960
1058629694
-1816261914
1536506154
-2061340395
1156697439
2027185538
1540835758
715306781
1504413152
1433091030
-295851512
338384301
-116691812
1497688345
2056266520
1955820688
2023042411
1074410054
1335633031
1775052886
1316597448
1390844142
-102858485
-524307645
-1529876045
1326876490
594946793
1255170442
-1298035752
1461954959
-1264077637
2057335995
21110769
-1015215994
619813491
721015416
-1443137432
-874661541
-852650337
2085317231
479078463
-1496435020
-31750162
1706133379
-1398745548
1018803973
-646534414
1838514252
-382298593
-640543710
-1501680601
1857256130
803665055
714217493
300308019
537671476
2081986805
458703665
2092425327
607393406
-1154899665
428433255
-235462235
-1647325318
-276882296
1968665815
1480928027
1864533942
-936949746
-747179094
122228688
412631911
-1890553467
1741367070
-1596990459
-1988960098
428909707
296240609
1064698110
-2056318535
-1055357444
-104418397
278214921
-1785066725
615383447
1714440166
-513923137
-655894497
-252596767
-1833259497
666188425
-1381659831
624691785
1245655778
-2099344026
-958284354
713948044
519148226
2122110954
865669622
1960979034
-1405313578
-1205623159
-2145669713
-337434567
-1952135941
352150549
-134488284
-907772246
899539990
-301336700
656761214
758844553
407035313
1988295159
-1094716278
317937081
-978134071
-583087881
-1653130323
-1867863808
1405176293
129759489
-974317548
-1069924306
1273158762
1209199684
-658836945
691125893
-569165523
514036136
884581983
1813033300
1091835210
1093767186
663685357
1342502628
790617139
-1820237338
-990169794
-1167464
2100769803
229450957
-1404101564
-1933271729
-1244531916
1385177527
-1944517064
-1534847732
187783974
-787197661
-609551483
-1415452967
-1692750718
371023773
-2081797881
102686695
-358717338
-1769933176
-65629324
-1162556678
1442960131
-650883811
1462382106
-1196354813
1680182123
-170703437
2052892874
-838570994
119360687
-1020945600
7063828
-785799586
-1302713303
-2004163809
1725850291
402919382
1124722965
1149134611
-38288566
469239705
1180901734
-1645208693
-1773558447
445032437
-1933606953
-566217177
910024265
-1293964676
-589154497
578758778
-1345307593
1919609459
1104830249
-1804860655
851723855
377301360
-321518173
2059895988
-366357266
109181502
607390294
1563580907
-188828467
1511978499
-1217390890
640766147
1475004787
812818341
-43694021
-161839919
-1959304469
1658034536
1696161264
1515898743
1794751159
-862252837
302744010
1790101606
2146683908
-1261468428
689896796
1811923555
-970065122
-63747462
1005285513
966504524
1518288933
-863210845
1522621786
-962769315
-1956591359
-885917699
-1958011632
-2097124433
-1039841646
-1958455920
-811625859
1749241858
326850860
-642388924
1092431247
-766625349
975556674
-794174848
-2001136595
1397110831
1699459424
-1628034540
-858291131
591193633
304953950
-167741352
-260062427
734185609
-819309870
-637895531
974073354
-2089134697
-514187066
-2131357534
2108964854
1126557686
-1095060310
1251909586
590586054
1149968981
-702873460
249569293
-1945726589
-1473607902
1364233861
-610141892
-805090825
158484632
829270646
725516010
-1598743677
1845466363
516158196
-54140889
-1617728208
468837154
-2100656768
2124788144
514057475
1099432758
1874737659
171734604
1057313428
1568077752
-1673158312
-2056074888
-1566167327
-1880696120
1741274003
1156190278
2000864607
-670936157
-1043359519
-940911487
-571188654
-171351955
-1431414232
221982229
-1923358115
1805678640
1237337264
1604837037
-905437348
1797343524
-1411064549
-930020450
1247819377
1430427440
-1072349806
1886749187
2119766877
-1556021584
640359233
394694952
-1060295408
1409982328
-1592905980
486475563
-978092158
1703670809
813888866
-913290272
-823406909
39606626
-351209031
1777407477
-836532399
925698601
86384827
1220040278
783798185
-1874488501
452961816
1953560018
-206659808
-1970994192
-700923524
242829566
-1658196494
1829723667
-1586878788
1527471705
-1286253925
-851244223
-79375029
284789424
1140826213
-1777706592
-2109347086
981260228
1226267458
442058034
1506307520
-30852823
442111195
820515163
-1676328642
-1443517584
1492387560
155154080
710982375
-2004573816
1640922817
-801937231
111708630
884696161
1210117685
271956137
593225153
-8566575
-1094601318
1085937555
350435621
1766449083
-1729037531
863583535
-1598309694
-338983827
-1406590085
116995830
-936465846
945155402
-1322926201
1201480540
-1728895916
1848287912
873137038
-1008804524
-276512362
-2007793669
-274392192
-512140263
216560979
-1388207310
-413667185
-1871525078
-1086562542
341929569
-607308795
711040661
688292752
-1246068833
150455122
3680120
1778491639
-407059663
-2048870044
865496260
2087096911
-842398745
-1054621381
-497398716
648279603
152935878
-448430660
270673885
-2107831096
1672099558
-144172348
167158551
430178539
866099869
512711551
-258722597
972230825
1825133277
585546235
1578471806
-861189901
-854066214
546401271
-1202966274
-1374238574
1102007791
-105553663
841250186
962051672
-1543837246
-185627201
138884679
546084503
-1059327323
1769019532
1879224913
-268104745
1630724927
1978284870
-2019479553
15404738
-920680341
-1402933659
1827916906
-1904363165
76236383
-664882864
1178353456
-131350129
-365949935
-1614674965
1527289461
-1916920157
881891541
-1640667788
1916809002
412800623
-2139293622
-1189679985
684813713
1764959601
-1526179721
314100894
1029962240
-1322289595
1334025776
429153366
1231783396
1159650396
1499618238
1737388431
-1154261752
1519846892
338038206
1208297050
1329284887
-2062755545
314950217
-431203496
-1245545121
-1820512082
1992724053
180325193
2078652631
914385736
-879004326
1877263331
-226386845
-1462058290
992585528
-1266296860
1750794069
-817455510
-1128777641
-1335746966
623041591
-1235921920
-1973372913
-127118462
-1341921337
-2112484117
176703818
44920318
-624683966
1106887148
-1187045016
35552906
442795237
1466335838
-488730270
-44504063
-70339152
1440447150
-65274575
555589884
382065517
1269460491
-2042010256
111738540
524271600
23238489
249718592
-825054999
2109251231
-279698070
1913575019
458588042
-834026188
-615332241
-156084789
948787447
1954741441
1750136492
-1573744148
683495931
58916596
1960117866
-1466695184
-1077229858
-20218980
1071909682
-1389931853
-125417038
-1525583253
-1391579081
-1895833554
341649901
1125311741
453712403
1292755232
-1327275720
1971791128
2081182134
-1640158998
-1521550971
-959495371
1456925339
-995908678
1509638247
-77569729
454350907
-438767380
647715741
-281416294
-2057197882
1883422636
-1373039889
727059046
1738378000
1404555743
-753540291
-467491580
-213058103
-1114257085
-1206800684
905314776
-42314255
-1417403692
-484729085
-1973829552
-1326311798
-1226767247
1724320493
-1254909147
-871767154
-1954889537
1776777121
-1417451295
363680291
1224947021
1299449191
-1696456544
-647297012
-1244109063
1822678620
-1989810406
1458560611
1838153873
961182273
-1387567136
2114255749
-1133930564
-1886139505
184876773
-1744758708
1822809115
632138190
324302399
-1578343293
-1711336277
653069606
1780243503
-895893866
2086768492
1540550454
1843541342
1827615369
-1144461497
-767695580
-942993559
-742198229
504448044
944948980
1081096095
1766934666
2061105530
175634461
1468144137
-1415376215
-1148639580
644097369
-150238038
1350825840
206978576
872057788
-544732409
-1709028125
825988674
-574874360
-1406949911
-1738389354
2098030905
-684321474
648260448
1167139168
603383321
-716450440
-320648437
1589385295
1669609737
-1681713162
-2034255209
62561499
996846942
710332789
520330884
-2143682467
-1850847751
-2096737337
1150925615
-1056150335
-1663653908
-258243168
-682937844
2128876154
903517027
-1464056915
2093862706
-591478346
1267017409
-41402646
1680550684
1540711122
-2003552247
-2130318284
1859232941
-1943666160
1727205503
-977905379
204240756
-1360633209
1534736014
617675263
-1364168143
-1298641830
-1731759636
-786053805
69144984
374868524
-1689293317
-1095421885
1318716244
-1634678317
1727831666
-1611472771
-314747570
-1882598325
499468860
-1818155191
1637274926
-939863828
-1998790496
-1769956899
-1078631391
1795459039
-507315039
1945131759
1358119645
2127484878
-810239322
-1387206260
1649056225
1315164890
1059800158
-1698395864
1580450305
1953183442
-1369655587
772118261
-738127583
870888609
1633863434
582770807
1403268928
760396550
-318977987
-1136439464
-1190840392
1564391563
-837224156
1080131192
-707515709
-1271199569
-1599391002
1181813832
1346466625
-63045531
-1474980215
1676131928
9602231
1519701441
281621656
1066256941
1398003098
-1263264016
-737367297
1024972632
-96880178
-302529431
-834747078
-1332310333
114680169
729662050
599468718
1568623437
-262176837
-1927510652
-487028906
1161215897
-852992366
-1908723999
835590818
-566254301
-2126945863
843983653
-1438068581
1958529171
-499827006
1579780363
-1487517366
1509205
-314020603
478003987
-1794215334
1301090921
-2099670552
-806686607
969578236
897321591
-1927418529
2069991752
-691860982
915228966
-1494644042
-1052284393
-824521105
1743186861
-280282738
642392691
-1160584763
792851113
-1593797852
-1657758986
-644543169
-1834874063
-1295085607
-1332269449
736125128
-1265085145
1804562670
-2054008197
849329260
-21251375
-1433468274
-503952662
-925561865
1972809127
651852305
-1044781819
1669994715
-2064425874
381252734
1943367063
-1109256618
1886172805
1339677010
-1084336534
-1686811692
1002164350
-921655937
-122470660
2043838865
-442597905
-2077367625
-342666125
1234703234
-525519734
-645771543
-46711603
1112591989
-867988373
999913483
1211171163
-1470170250
503312817
680742938
-969167761
-1677574795
395598671
-1145799330
-377844140
1512776997
-2048189661
1299507954
-1976345218
1973002022
725621576
-1362600573
1997383170
-1762549659
-1090511704
-1244327849
-1483391929
121877699
1363462868
856202897
1650763517
1346196468
-438453993
-1380205389
624407630
1645158569
-515662649
-342260125
-998920620
525694449
-1714136865
-1106811791
-1127882038
-1120803108
244035274
-1726558440
-1153928699
-947219359
-2091538303
1348104323
-893871836
-1454473855
-11202601
59534227
-1357059194
-1796461141
1682540307
-812922145
-1031983236
1947888994
-454682945
-1944888325
532468287
-437724900
-341687105
-1947436291
817112868
822641261
1235028132
-1870360003
1985078797
-1130692763
-1765134014
-2097917349
-391013085
232295477
-1357377665
-403446139
-474281535
1254368024
-456885651
-903370503
-1247179597
-735138193
-470450021
585440201
2132422047
163100974
1792679
-985126435
-885923389
-1147911817
770077464
-429067202
-1319826976
364810627
-839542934
-2145210479
1006918517
-108772663
-2113034647
-1380952608
2030217520
849334104
32329666
2089562272
-248889695
-815442552
-1964721962
2037612271
965722928
359952849
1870797521
90160156
-151267247
814961402
673295867
2041268844
-1750866187
1306815605
1396733517
-1617983973
2023608387
2094689033
1784071495
-1992129375
1544648071
1868844977
-1225227008
-2103770059
1843809130
906351812
-918118274
1753567126
1977248867
-382828203
1704860999
435952136
-757866899
157552348
2032581176
-18573412
-82575366
1375405333
481044372
1901942197
989876263
6467623
1347038303
-1862035514
2008221232
-893922039
-903525139
363543648
-1229378523
765708321
-1544632651
-1002344853
-259313443
-2117875155
-1349782166
1699915443
1252533547
-1238446234
-534350516
2100347302
-1073014705
1315837154
862688954
-2109854373
-1372239953
-1465964487
1679226636
581923798
-645982777
-759413397
72176287
409249162
-1609761700
-1368248575
1493820464
-1819252706
249884151
-1883708303
-248388243
-201675404
-478946671
1171708614
-804846391
688477926
-1399174262
-557016192
-2064980849
-224835374
-464368928
-593433160
1861416762
1951838808
493881756
-790368888
49106179
854297954
320993679
-683559511
1533814458
38247140
1357663806
-1973190820
-579378727
-2034933916
1160190234
1223187598
-555740715
1403249596
1288008948
-785584074
505666231
323304990
-929074001
-466892543
1955782891
1704863577
-1444951754
674644529
-2092670376
-1130160038
1741771440
1977618114
-1886171984
-1715213324
-1135079182
41276110
1167942920
1879990499
1227106101
234450737
1809110186
-1994532850
-849025272
1294263152
-1822609622
-1566786805
1974277767
-727782954
-1427487305
1383200488
488170957
-811945504
-832021582
1628198696
-757512282
1808686298
1377472644
1071254795
1498390921
-1522392887
-2057989460
505079571
-2027944251
-1472973429
-53874666
874511554
-699436295
1684795452
-273508429
83088039
350664648
1578676444
-1150197691
747780763
485102029
1526695470
1869391994
-175672248
-234841907
-108745758
614360124
1212305898
1361444651
-1471396106
980822855
2027775321
91509920
-1694497704
-1833624325
836729158
-1950695382
-511869489
-654070413
-340534588
1081173317
2089519388
1718530005
2107586314
2146035800
1551029596
-1778765333
-704769673
2057258610
1958247088
1800273138
-1998187051
-1367411659
855597087
1483263922
-434910495
-718243822
-2013291590
679781838
-1381865205
-167775306
-1898893056
-1641570211
1319360889
727929027
-1699098236
-33397832
663429457
-2024209213
-729578548
2029387413
1455144247
-2107989927
-2141432708
1789439572
-575360748
629972408
-761432652
-2135812967
-1015656423
-42458535
-690327371
-1109609958
1596850435
506636264
796872138
-1501316423
1663271584
-1750941570
1464784485
-1007577388
-979929967
-1747949035
-276802169
-1240160804
1778067536
-987585224
-2024899995
-1306192348
-588906892
-1437383942
314523976
456123899
-2136157132
754785832
8849076
-1272421892
-473676503
892875713
-127457076
862106787
1566491991
-604352858
-695543052
40852260
1950603117
-1909835123
1802178488
209228663
2146296652
-1363234245
-51602197
1438652343
-1462734651
-232686350
-84279789
-236143956
847301286
866283303
-234071804
-507725402
1570196983
441270904
-2027050806
-1800743028
1069541761
-265258788
1563964108
-1117678285
-2099998321
1968357147
-1196053971
-373744909
-398152712
-914914687
-1056791179
-978213000
-793200549
1286254030
1887521392
363173845
-2129545044
1234616688
-588229546
-1811194658
-774365712
-1926776077
447338539
-607063626
-853131964
-1607434312
-606114968
383756198
626430243
15711972
908038363
300964656
-1803662617
-2035515749
-154497077
-1195022749
239138960
-2005809042
1356536159
-1990138767
856834755
-1535891183
-976658369
-954000770
-507050218
1193473873
781551227
-1188685382
-626568566
-1433233852
326141356
-152506703
-1438187432
-938727743
-834079400
883814881
176357616
560094226
-1460448358
2064977293
1633520958
-713922584
-1996770302
-1531704112
1347668526
-835505778
866711737
503072756
2003542130
505695329
-1835533847
-1998700028
-1109341054
-1441701504
383205211
865143711
-79402268
-902430529
-1143852960
-2115207410
-1621982035
-1642525472
-1226514955
136489369
-1728749498
-801753340
1918880545
1167455765
-433677709
-1660994210
-1923786846
-1538331455
-757445743
858120490
-1560235832
-1502765997
1830862111
1018873821
523267231
1545601101
1282372479
1354546078
1327313747
1265105044
-1312124932
-1502150924
-1044964656
-1534024126
-1164718322
247769023
1576704169
-874757702
-531323171
-1908787860
-209179078
401653245
288180739
93705828
1875391247
-434451141
384471702
-420867899
-225025657
1726225069
-765388444
-1124220333
1057425844
1878183329
-1781793408
848800688
563220101
821406166
-137224195
-1340409141
1796084007
1908498697
700241913
-1573025642
-1045926233
1694034383
-896048419
335003131
1554838491
-1780224091
2124322018
-1285991408
2142923650
-692867003
584879574
1273848712
1412393642
-1213736390
809793055
-1660192916
1449983825
747258038
-195131392
-1910860021
-1773984433
-435062621
1607788826
-1448707281
1354048882
623358711
-1053419466
2037801617
461521642
-1609275316
1279914817
-1931986546
-893297945
2052893103
-2002609769
1179257113
480533120
1763125943
-320688508
-506011405
-379408682
1403934937
197574662
-920932070
1402475385
366744570
-728246825
1077659262
576152330
1347411014
-829854549
-1219240198
-804827616
1529448767
-1243258442
-1049229183
-635888529
-1384129000
252482160
2082979735
-871900121
952864580
-1233439588
1677656323
1309713305
-209416887
174860933
1938965186
66767136
-725047079
1655101323
1958381630
1011955006
-524295134
1236744413
-1872362048
-1294191867
1004799332
2022196871
170723106
-63085897
-6930748
1582620847
1237454280
2055582384
1170669408
-211563238
-1468966448
95912580
1898004898
1766295797
728978055
765809764
-1939084583
-1214057774
1478001183
918532293
-68612091
83890416
-1945298786
-1486151614
-6016015
5666751
-715314662
-2120130623
1528681095
-1380772702
-1161683933
-1691405611
517197151
927686902
5568127
269645923
537628056
-1872608942
1850247964
-1936562809
1278996203
822416656
1644800322
1374030520
885147645
-1123304948
1565708295
-287602903
-26270733
-567375701
1839469576
-533426574
875331915
347180063
-1335415723
-1064098705
-842487318
1683258088
538106541
-1743015064
1494087792
-265604195
1814045418
-694165390
2097225427
939180523
-1009318466
-763903468
-1163607509
1760767966
169849503
1885691180
624590794
1113499487
-371170049
674794515
-353980529
1633855485
910123201
-1666731009
-1625458821
1433949423
463716839
-986452823
-812317564
-435347623
214373263
1832222255
467795113
822956238
1708450335
-443033286
-1130332602
1177434646
1169472703
-174428829
-1570946903
602278448
-1636935161
-1134689838
1805101540
1297846682
1885262841
-1755548632
-848368156
-461867569
871444273
-1419574882
1763281602
1559009552
-1040473766
746946158
-1167608231
-1801864601
1728465636
1745035121
-158953192
-1077243416
14112755
930855433
-1891421672
67693881
183221402
1633590848
728359024
2006618197
-985464760
1567256369
1640959432
769973900
1280822402
2141691302
1465181740
-294416435
-1601817902
381511938
-1843820254
-1654720985
-1984176641
505121377
1109868541
1821546381
-1185045891
-1351553539
-608090765
-566419495
-82763225
-209051949
-302189971
-306254061
349206315
1731741829
2063623198
1576847346
-1030153660
2005660546
-348328106
-162504030
291928110
-1078141085
-1014172392
715712455
54258263
885694360
612494441
1409914817
-1844902190
-847782333
1890104682
-860544463
-999392368
1660709219
1163364777
1261990332
-182916911
-1377276363
-956686925
292548622
-1094029609
360023766
-2079995923
-1932622302
998433501
472415788
1510523043
-69346113
-1480466617
1165028871
-1545285791
1986240837
-1294130407
2065832834
-394856063
974115497
907605165
24294831
2062747141
-1990960451
215448480
-1830331790
1263725222
1833334708
-468761075
359007661
581400109
-1167148571
227044605
-1393635683
-434582528
1265932751
1734544413
-1856465021
1094354175
937355869
-513736527
-1321823354
1581287824
552774506
-224910391
-1359624489
-2048984840
-2024931194
-1160678479
1687151894
-1569672724
-2123018246
-1775443795
-1205653004
-2019209113
1784991241
-1897352987
-292206568
1924183230
127465592
-2086228066
-1151276474
-1274845199
-870005168
-1485268054
1544372926
-1405849277
-627798046
-2019522270
214906082
-549818101
365490956
1216948817
-390355686
-1801775924
1373976505
-884657166
-855909637
1444231299
-1373570899
-702263138
2044944806
1102793024
1996821634
-790669441
-254211474
95993080
311962349
-1094403511
-654641731
72790937
1434397253
-1435935125
-1870674377
1803621725
-312823482
-302951039
-329948641
1833878114
32655633
-1673058037
-1801459974
-2077972614
-934626441
-1311789724
1640084337
506776640
13961590
-1181511700
884976507
-560484757
-2135439869
-843639673
-43836741
391085670
1041029385
-1968458165
447535398
1282019615
1812590257
-351363212
88315368
-1636852961
380245732
2044865691
1774283912
1721338074
835934477
-1191186649
274933833
724437064
240861219
-1786518781
1524488659
1125259187
-1141267738
-758592623
-700079341
-26399278
-1435947928
832105438
-1740972706
1146539799
1105815758
-206205418
2051079644
741844037
-1806804393
386600505
108321827
-502471100
1610996381
386817038
873348898
-397003976
-1774498789
958146648
846386240
-1503452977
1623613422
-511626937
626980036
-684253222
1008333791
1565942321
772463990
1636795679
1496599713
416463489
-1569112953
-33502356
-471715754
-1117769745
1065761197
-1042455825
2126161239
-35651599
840719506
-1377197627
-799975116
1834886256
1785132398
335915472
679080953
339402687
254798834
1882150861
1633082291
1020040136
-2112808857
-322203740
1116875826
1105942663
83856151
-1991804414
-305666289
-621083204
691627499
-501774556
-1777033232
958374876
352660565
589515510
-634640118
1133738056
-616845968
1191872092
747635687
-858447679
1938025572
-1885277746
1890949737
-623414758
-558191857
331586858
1114145806
683937326
242580193
1568929989
-1363846284
746382612
-886343673
-1093542974
-1351751649
-468183663
9179851
730799015
-1272995718
-212541235
489589561
-745764564
1768015899
-1916820150
139133702
1050240598
-1041191349
-349825775
802703789
2110499268
-933244732
-1604576467
1501021915
-524770487
-1132140868
-245029795
-750049523
414897594
-2124802014
-1021526268
-446321034
2027624968
-147462873
615827044
-1555737051
197156752
-551845377
-603026165
-2065819801
459972017
-1496405272
106412684
847513961
-441267553
-1635634069
-1079324558
1151808802
231926646
-1196893215
469666418
438190959
-1277783662
-152822728
950963679
1944807807
1476745501
-192607497
865803362
-29804688
123616488
-1009811074
-1165705751
-100455110
139711358
1064310418
908334559
-1548207668
-110704266
2040114201
1338857374
-412907404
1060973833
-1907911391
1769082401
1154105475
-1029021981
-1972529114
1036724990
733158192
1912912957
-1766895212
480284818
1819734972
694375979
634174090
1690471293
-649611817
-1808840142
-1786128416
-40046768
-1014149566
488214557
-927738517
-1668101499
1687060916
20926736
-1840901761
-1043536465
1670761985
1431575517
-388637516
739541490
-601835143
290097814
1586754029
1593248436
1990866062
-1385616030
564062870
17215124
747041209
1011011220
844247852
-858319974
626317213
1155949561
-1376697342
2106890928
552399211
-1861467791
734470721
721938001
366576008
558588096
-1513198289
-2017552257
-129492371
247124645
745962420
841841658
176808399
722513196
1801342490
103779502
347234815
529599296
-2094639084
176722796
2131201426
-449515132
-284793087
491342045
-2130978492
244984930
-1813698447
-44158029
2123730969
734690147
-159181593
1316075040
-961231419
-772170303
925024992
-102957429
1339788109
-1690364870
1597302292
317378433
-718124563
-313938906
-651264261
-1855302935
-54761412
-10999861
1746140818
-1430295429
-2008048243
-2136762384
2074894942
-494846093
790796184
1310538415
1811647665
-1618027647
-1276258726
-768937073
-1697424085
-460503806
1440997945
1076539601
423579011
-364819339
2004107370
-1053404662
-1601792377
-1435834073
-2028025449
-1926831119
532488545
-1041298639
47400635
-1687206534
-6567653
2088245412
531855440
810781219
-2099466140
-645625342
-456397908
-1115443827
1239461779
509499887
-1313193304
-562729907
959389420
955071527
1887293826
1111643652
-1817083614
805359538
1847179012
59534508
-2019503587
-305184682
-964832539
-1002642124
1077050877
1547176781
-677495186
873848143
-1838201763
-2027824328
-1812518048
-548857207
-511800357
-213536941
943017236
-86825317
-229316136
-1373060631
-1466355740
-1334092545
811393660
-1574313463
53355209
1364114885
-1197660932
916337785
441685829
208968103
1062193183
860131306
161618819
-560370853
823282429
-1357518739
-870100292
-2061667800
-183607798
-1477673435
677810139
1291444668
-587745198
-773668034
-747506077
-1591166149
-1967424251
-2048512739
-517323376
-1534549093
-1769867978
906585304
1707717052
-654882002
1114350047
-421229848
580939780
-1645069696
-2004948440
1191805469
-1361061845
95885410
-892605976
-1283623471
1574650045
1306115398
-1440734101
-645394592
758643063
-254302258
-855892107
1983647447
-382203930
1586865822
-1155978617
-1440466198
-102659507
-1691497607
-236071328
1589304363
-1686182709
1262549899
1350820038
-1291765895
-1374544707
-1537167101
1155176581
1609546678
2081949281
-1269120539
1597832632
-1949378884
1872636091
-193314787
950215238
-804018800
1601731515
-210909482
-727019857
-145034280
194143391
1790232844
-1104564472
-1815069046
1227396246
-2005224097
991857732
1492495846
-328225371
-572521686
-906406476
-1449313627
1996870094
-652313388
457670352
187855474
667648110
737631077
1607234871
-579367015
195192294
-22083748
-933154060
2026887166
-715718274
1875088063
-1161547518
-2007206065
1743013253
231227506
-1994949102
1741703293
1603179964
-1264472884
1902312842
-2110635417
1715849204
1459841895
-1689447727
504200152
-2070672652
-1446433225
-2070135607
-670500173
-732309599
-1647130147
1698194844
-439303571
1274368088
-408179907
562752187
1809634746
-1183468898
666604109
1116250404
3809162
1281474299
1397204528
2107726307
1581545270
866269986
-748145022
-1065047334
1115698166
982512213
210288117
-1654390845
95749014
-164177913
474806812
-933873802
1918040169
-522833726
504310918
100749671
1111884413
-1077942966
215537935
720564083
-185907184
1295475715
-705129102
1381543899
807342401
1863496847
-1502822879
1045799824
-1953416438
971415995
1216619608
1682072752
-1778817683
-1179574885
865274223
-1074163376
-1482469139
1921205234
-22283409
1932177020
-262201537
-404840744
1311860456
-53889157
1466460993
1049596310
1007546881
-1991123626
-1517130709
1695092180
548336848
1391868571
-331966461
-1478232330
-1732402452
423853918
-1052346026
1701238722
-1907836353
2120341888
1102621732
-903819707
-455488736
894868787
-1835780581
1542246903
2081320352
-996576836
-44257784
912308253
1828648995
-1689713029
-1445665142
2113772142
1765903154
25662504
875892744
-592608263
-1074690416
910667359
-11762204
477399109
-485442678
-900322979
-1529431312
-621172551
119074963
-235530229
2127427872
737029182
619285007
1479550524
436070529
127946018
-593073041
-1186540749
-809299606
-261070529
1675258749
-1328197529
-1711026704
195944540
1266735864
1144457353
-196976994
1658055890
-658566045
-1892543803
-1100016027
1735606898
1313867289
-406907320
1159516625
-1869500506
-1708056667
-496147966
-299291266
-903512875
-1270796464
-209044308
1678585801
-388667892
-1133050630
1444851980
1008884169
-1148450086
-882971091
1229412983
-126659712
603453562
-85237905
983430551
1533978445
-1258311113
-1852416297
-1046169234
1850032293
885218316
1670808546
1352645786
1898291714
1832643466
1992532102
-1555502374
2048919066
2099380990
452224903
1871662800
-1953570732
1220860626
-346053622
-396708856
-660443017
1377557811
1394660967
-1168579271
761617828
-1763452940
279530051
1332349641
-1703179130
-1253906255
-18613796
446033302
-1422154553
-2122545353
-530328922
1020010995
1373043141
200364579
-1638322409
105733872
273336965
1547469256
193239487
1102874078
-1592718105
-2030361259
-1070977638
683286033
-550094821
1307020855
-1603655767
-1227536153
-35863981
-541749828
2006482366
1657369097
1250837946
616720632
1115066008
934297584
-146440029
158705388
349126447
-1136424789
1880859909
-2057429789
1579620687
-171749666
-264852697
2028526879
-499695765
1255148301
-1187144809
-1991906379
1308838314
-926300902
192087136
-1394025035
-2033754042
-934755828
-1041953413
1364313741
-704829674
-1689466351
-114958203
-1230170194
-225751448
-1911797051
251025330
94328431
-1273176812
1377622452
1903699969
-1719940046
1742374861
-280831203
1813772977
997430469
1183951290
-1781640967
1792223730
2084351753
1224323652
2017924667
5510368
-1081674792
1887575089
-175437224
-2051326292
-779151580
-819969551
1839526152
130198812
1367218011
-130702536
-1295316402
-1150535115
-851067118
-1256427572
23111350
-1466774219
-208593695
-1838060641
633748445
396472006
-1201007221
755990560
427277622
-2014286735
262370402
-1339912499
313605386
691339088
-148300311
771512588
785258944
-1687868921
-649180998
-324038341
2014788446
-528793100
-565452630
1126328581
-1074191025
841078693
44005418
-1400164105
1457709158
-980618614
-937595920
-1939940014
261816610
1493095403
261037269
350389282
-1259844045
-874416869
853566465
-1945229169
1782565693
-1958923026
1382917444
109078386
-1560138789
-1947703193
355869639
-1272456917
-68226330
424854198
-506692381
792738993
1611907574
1451935840
-15110832
1636745194
1373805864
-833961537
-1499249534
-1767245508
-897439967
1774051501
273590863
433022563
18291027
595955068
-139224364
1133610116
838237310
-2003693784
1198242969
1824970114
-1901828742
-1042218289
359494899
-1177327984
1132149299
1550276193
785997481
-789861368
-1558985997
647215763
1070991066
411616890
977701862
1345437720
2003833886
775128326
-970761509
21304339
238238698
-1840465682
-1211908792
167219142
-1567446472
-1865503130
1554641552
1210847119
645775206
-764617042
-1515342201
1106461973
2011711582
-1439420574
1720496181
239007934
1893438710
-1558228208
1296861401
2047045220
-1525149542
1547181835
-2030506191
-557981369
1772437800
-770184578
1596459768
55724868
-1876406245
-2027533629
894706864
-1063130297
1119322602
-501825291
-20871775
-748732675
392380338
-1189401405
-1852582880
196830158
454268690
-1857415033
103182356
-455863542
-1276947370
706032278
988779446
-393695903
-1307567402
-1650620455
-1653719913
1137707416
908664736
-1518840932
-1273028377
-1425016198
-1583584684
2035316901
-227199757
1888665611
509395023
-1627523192
1419150575
944101379
1498979852
-747768263
1432774389
1991303546
1679614662
-1236587293
-2106439347
1288341471
-897314208
-251671561
1055301870
-230905554
1543328137
1504128902
-184173499
-888657054
-217808869
-719916077
-856523212
1066153255
1259804100
227295012
205342045
771472851
1007133927
520312024
331449247
1032300695
592193476
470599102
-582563360
-583868687
-285115435
1465176483
943737869
1571364452
-719278213
340184620
1899110750
1707634027
-636942887
494905062
-1443642146
941124522
-1639197440
-1889547621
-696542678
-1955991193
-1697275316
1228806631
-94930312
2106372663
-1100865267
633514762
313691610
-1146104068
-304154776
-1677101314
-1073154876
-337788146
87780735
1553613772
-1246886453
-1387104073
-849253680
272916506
-1403903057
-579907355
-1057593894
-1732115448
-872321125
-603588070
575220229
753953597
2045041578
652210854
-1413769277
-777585604
849568173
554103320
1195754225
101257467
-1546034645
967177714
-1683876989
-741133130
-638029912
-543038053
-1534571424
-1159861504
-465434070
-310115943
-514351989
1612534810
1521749752
473928191
955129474
1426473607
1374019749
-436238301
1953393130
1505138143
1531022156
1539311508
-73786517
-473436445
-1795921636
1145244234
1181906649
-2104422191
-1465447658
1479447583
-1623292012
-1861516294
314862101
957753726
1479041840
-86487663
-1844141042
1863875929
1721332311
909627588
552585625
366316128
1989665774
-713675504
177307568
756058991
1743105654
-1467044399
1214151093
-1365997753
-675036236
-1730273512
1350111161
-2127993984
-750626156
-1914364992
1628599546
986886846
691106634
1889052867
1589269166
-227495390
-1907164742
198226377
-674837762
1701784067
77736474
692665089
940255316
-1464523298
-1113973804
212098100
-1095516967
-406603894
698324656
-836216553
813807161
958478767
-1571776974
651586272
1661594025
-552483463
1287528256
-466874597
-1236935638
-294334585
-1984214008
1823076285
16157454
111878185
-944328160
-866600839
-1102268229
-1276667189
1765902062
-1959432878
-666713682
612403371
-138795447
-873195919
-430948925
-520201518
684056416
-1457466056
1407185330
1090524993
-1583338534
-1768638826
-1854614308
-472062615
-1962691266
1723127452
787689288
-1234342432
1171508373
-79189680
-1051782169
786366802
435370062
974486721
-2110670049
-1088570699
-400589728
-2092529573
825983366
-578678592
2071330997
599924092
1822461678
-314471779
1908062662
1710738758
1178233249
1005161436
416167810
1622448054
-1693910547
-500798549
2117811828
859011061
-1178484254
-1148695740
295849763
1354359278
1236553049
-1374003290
374063036
-100268768
-2110317000
-424107385
160386030
1088284852
2084608245
2103123592
-1790296299
2137765074
1610855768
-1806873942
2106301594
721730863
262174596
-1715787520
-1188042088
1304305898
-1569426121
-211477338
-191069501
-989129832
-90707120
1407625969
-1503359611
47063965
735586193
118201319
-1918891159
1795690941
-1991751002
443690481
2069860540
1206128114
2022549094
-797945650
573413233
-1987416705
-1600308136
-534963253
-365393083
1277177412
1895047287
-1245777104
1959719971
770366292
514638905
-168685315
814310088
1861592772
443510221
-1428003626
-1491860566
1275972805
1029463972
-1456537798
-1337721834
96048117
-806194125
1086094331
-2109540969
439254769
1960653302
1209999338
1583184798
-863993042
-2034132041
110927313
-207155361
-1668458231
-1143914225
-1403996507
913380856
-1614530276
-933276883
-1728108292
2076181720
471571154
724287958
198222780
-457412514
-1853110211
1993647276
1340059669
903078080
-864134362
-65112910
-1638545744
-501771986
1242560357
617077263
-1104673752
-1952088778
1459803763
-1901719023
-1769590599
1338663018
-384436163
-955043467
453381942
-1622045633
1499335994
-1484273948
180365120
-77481929
1249537471
-909270591
1026719412
-208392126
676442769
1557250337
-1408174491
350618977
-1515797828
519548698
124927498
-520543092
1334864546
942722112
-1790733446
1276475350
-51720106
-1321316500
81576214
-189237810
1501255978
-290652737
254873477
998490919
-1225468794
-1048191258
2058428070
1816251034
1653800955
-1382059617
-490939966
1119973130
165787799
439297146
1690565377
-1632093207
-575312518
1693652708
-1272524257
854374362
-1801476183
-1354209695
-1462746529
1273019799
-1216103647
-1493005288
-291689537
2068709141
-1600326353
924618388
1278522220
1984239333
-1198990338
-1364915256
-96985224
-706622499
184374129
-2100142252
-1628948023
-1534235913
-1627669709
-600020730
-775328172
-839754888
-1043375605
-485640286
498014347
609374548
-365516172
-2099897371
-1859537900
-584924720
385637484
-1329272889
1155196090
787054185
-1153556340
783375873
1072531880
1166907892
-403926952
649860558
-1407234093
-1628505082
2129709016
-1497606412
-273909832
1104758421
-1105623961
341357061
-1958362553
999092703
1337646282
-891660062
1078180126
-1637629302
-1710692733
-1765868672
919193082
2093219340
501668967
419769582
2143210858
1357381964
258579054
-244607850
984105157
305536393
-1226472758
328953794
-422585507
775872379
-1236459462
-742709406
2028699380
1681269943
-1255728737
-76677620
-436083858
1880990551
-1162392881
-720233917
415108552
-1122121767
996153000
1348366587
319734344
1458834759
-2130819480
-1248439204
571368950
-953404520
525535804
1403038406
151192394
-699664298
-357241066
-38989291
1494050342
-1854982784
-780542525
1458664229
2031715077
-464745807
-988186820
-357643880
1276222837
1551430785
-534224325
-61594666
-1116151358
-1220348374
1329749521
864231253
-1918278157
98842990
1845636790
-1440127719
2050803194
-162346824
-1820084703
337046142
-1008349402
132728705
1423822554
1605433909
1014296283
-1531982603
-2067350580
987646347
-1926735739
-1467661099
-143703713
-968319503
-1845225782
1493400222
1842199494
-1479227720
972913662
569783019
-179059052
-738595045
-930568740
618657559
1168001429
1219333250
47057009
1150121766
240713435
-1809224443
1555641435
1784849893
-376715754
572893742
-1351529421
1343943503
-2095490775
-1283947517
652139847
-1066907343
312227321
581593154
-1645604980
-1988973039
709349767
1009560046
2086101202
-269176244
423716928
1321577738
-1260888263
1590627198
1128595347
-2001892700
-783739165
128975397
1067478212
-738037484
359278314
-1005480568
-942181120
-773045115
-520965740
2090564053
1205951152
-1287961676
1339333573
-836479863
-1608422383
-406473481
104910772
1365236500
-1857984764
528801665
1956673250
2063447995
-1523726814
-1850616604
965959494
1205295296
-740209901
1663487702
-1672282164
34147777
-810657249
-833477321
467456000
850728797
-662045947
408166482
1715332870
-17461987
1237685003
-1464784029
-1836771891
-1754514032
920759382
-946459816
2122313860
1194192055
1542807163
-1572536869
-1162183860
-222784349
969616469
-1977916272
1921019438
1081773148
1452108568
-1056513893
1712997454
476756229
-2031515994
576471652
-93353375
495988029
-1439516895
691138974
-438624164
2035931847
193067969
432550276
1704288877
2072853100
1532653286
-897915547
-1528599250
-459469281
-29997200
-697525917
108654872
2041028962
-573433010
282252151
-193640139
2070817769
2052142933
1204285623
1395640601
-1970455940
783229010
-1190718757
2052748818
-1051180511
1453298018
-1103437315
-313811042
-315047559
-1270903936
-506452321
-491123940
-460090262
1594837598
-1127645198
-330127674
-247636482
81146489
841071189
-754845729
1152461962
93260903
421431835
-1800816600
-389366766
915153267
1976413841
-1634838888
-1074267413
-202896021
-1979530946
474959691
-252988254
-1018078793
1640772972
-386363718
-1240103140
-1517537875
-658879513
1038767147
-2034137602
1575411748
1236991748
892880747
553922638
1435670087
1174022884
569882043
918395994
1302076330
1885697529
1543514631
-1622606376
442249122
1466416585
-1793010595
-1860441522
132744144
1164446706
117470364
-857014348
-40171521
785667949
-1710965653
-182464169
-935157969
1379964438
-1711711123
-758759681
1018532337
-1062804885
603861170
-1294624172
-675720715
-782386796
1707556976
-1508098435
-1564450079
-1155164766
800097522
2035973641
256670819
-369137637
-1663915056
209980178
445135241
-1265518410
2103789663
99433887
-520361649
1408920674
1133389931
446422090
744903801
1111980173
-393953245
-1907799262
-587494237
-1229912415
1122754900
-1910618926
416880790
-279721006
-1229770278
1863221762
966791644
1859295510
-705358510
373093116
-1508178026
-1523423371
1079836180
1027043219
1574877836
-2034998142
-957523616
1466106175
-2077096315
-39468248
62622422
2011179916
-814052136
-1789569879
1403759403
968939189
1613820994
551235044
-1969422823
-1109409652
792252922
-396436266
471028631
-599550052
1554354178
1196225122
-1971795894
-1728699248
515302592
-709565356
819370298
1473914326
-1435717683
-1290499165
1302003401
-1500462721
79384587
1365689078
871187168
1495904616
1785120508
-123803287
-1016035734
610766238
-1508098734
-317502064
2137582085
2031343870
-708395839
-1158363973
-1925313034
-1384860644
1922380572
907145851
1922112862
649091686
-403369313
-1811348379
-70526805
1107873160
908469129
-858603
1483821904
-409185519
1782668014
-1111543435
969955512
-1946310571
-1730819382
-1993842881
-700273545
-1379856235
1323040601
882637759
-836527678
-1370906275
2012306853
-1880431651
1935377953
66351405
-1110288545
2035404378
939883362
-713716645
-1390180366
1571464538
-1752245039
-585837513
336006869
-895781854
-1493124187
750201967
1224522528
-2019562207
1344634556
-477979979
1499520098
-1391014860
-1221275254
-776848226
-1614361424
-1555261147
1188761167
1092171725
1621723137
-619606412
-1441753208
-551417776
-927079239
1979754586
-1719085913
-100019895
-656981629
1115299850
-892877307
-1393716272
1493744739
917755705
-1402444777
523857944
347752202
-1956218912
-1928512032
-228043568
889859180
1371950144
-1541928282
1325711563
860412816
-1109191898
2078024424
-1916699934
1273367462
-1099279248
-271903602
898327577
-1610379938
33290703
1029293666
1373882368
-229417610
1580806093
793763518
-1781925
-1741960043
556913425
-937795193
1648883972
1528156247
234155490
-875185831
-2048752
2126959016
1691159017
1699913731
1383841329
1555598421
171530810
-845374923
271920474
1319556064
-1463746155
1119877752
1969177512
1298420115
113113320
-738680995
-1556351360
1727303639
-15640040
642900217
-2040837644
1055581893
-494202112
-1739366000
-928914070
1140006397
199967929
1289598351
487706239
1315035063
839111451
269817535
-525767128
1928861975
1457842308
-1670932809
709575706
199656388
-261656105
345998483
635628652
902960314
706008775
432667106
321018745
946175071
-1969524139
1942274788
-1334021109
-686332972
1005817751
12981748
-575644747
947860366
491843258
1852034627
411775359
-1508430044
1295586889
-188277306
1220283080
-1528563095
819393710
-166401423
1727027816
-295248963
405313017
2145536677
-1775426028
1371623328
1965814240
1846531302
-1766085114
71680391
1794905606
2094905040
1179019997
1736179
18886783
1320535883
-2094168639
-1403964994
190987923
407373821
-1560886
-1389983049
1604019138
-831960576
-1061522014
-1170027151
222309640
-873797164
1750960232
487421016
1180124258
-1650600297
-1984791337
-1078776828
-1691789168
388126835
-1149892697
-811679535
698432795
-683062697
-1720859085
152752558
-885029223
-1109214488
-1964114341
115039285
16066351
-2111756102
-1960773461
-192186884
-9646250
125291962
711415996
-395524310
2021856994
1649257967
331028442
-488924596
2083107392
-851026591
-210434586
207852905
2079471615
1719447896
946795646
-1589743533
1430338193
689623241
-1149570982
-53003200
2129836625
-1367451635
1976184056
780275864
-1941621816
969835476
-1956346245
1128345871
678481451
81106776
-1518617136
745406710
1084517928
-1001524779
-411839726
-1582475314
226144481
-1478064329
1395401263
586943262
496309048
1850322965
-1146411573
-15089274
-114570931
1789691102
453575780
-127573229
-968553916
-283363247
1335053238
1604303571
-684796853
-2011028174
-1629061536
-1505878612
-587043622
-626097350
2053134278
-96458135
-1230429892
-3868850
-1726485959
1092155157
1716390735
-1721404684
-1363739819
527253388
-2086609273
-186706174
-1771945302
-580032178
-1257635528
-1218310761
1536454302
749432982
87062036
1434488655
-357952622
-1178987861
-1053402639
-190937167
-1910838974
988006773
1729690063
22187244
-2042693007
1528654930
-957496039
1722949315
-1237013820
-1908307414
361078827
-1011982140
1810282222
-153169728
1335122708
-1941584961
-289434867
263525707
-99463012
-1214098826
-1442198701
-1734225340
1399484808
1770231185
779307752
1098264193
963067932
399393492
-475812593
-230825597
-168460320
-1542771821
1483996295
824150283
1761320359
255991396
-1478982349
-1485552654
2079396812
473214998
895720444
-482499014
-724480322
-607641630
290619638
889084511
2109330879
-1330853152
-8142911
-1788148749
-717505560
1967448764
1757983281
1202599785
90479984
-1330422871
1358563633
-44852432
1694739757
-115915372
-799965212
1973126659
1005819481
8848541
-234283764
1547284095
544880281
1268915394
1331865263
-795426827
-2057604037
449283293
994061303
-673847167
-1773357889
-1117145904
-241120934
-1235438501
1867167640
-388439299
2112031482
179096172
1529600307
74392828
216043853
-1740349916
-1562049992
-477010040
722263040
657681034
-1583888625
-2051837511
754671384
828443284
501513125
213673848
1078937178
1516077752
795033455
-1106477266
-1772516627
-950874174
1406354862
423354046
-690995395
1399770856
1790959093
-1800023115
-900451039
-1623239909
2085552360
-1831675200
-1876401601
-131482721
-521837243
-2058933667
-86989137
-978526243
1065902376
-807226155
42195422
1437951095
413539210
-637872791
-457752140
-1522938467
644928010
1587879115
868734969
-808131938
-1149094160
-1569853233
455606772
-1385548094
-1337447570
-391318686
-1447125419
1766452054
537680424
-1371249478
1737395540
2013658887
-1283688971
-1565002545
-1819535591
-1048789389
145826023
-1772439543
-2064133026
1891707389
-1139949688
337326906
384630098
214131936
-97272730
-898649394
659243712
2654598
1843920850
1616142656
-637364880
-572375270
-445538333
-1401958193
-246841395
-1609790373
-1914368831
1149889649
2024601031
278913971
4144415
-36928504
-1233993990
216323208
946380553
-1442584621
-1296703729
-2038018608
-1854943009
1183401766
674668642
-52068885
-121084256
99075677
-967957275
-1339335764
609894252
1760067598
-670064317
1656827064
-386781373
-1111431811
-1734367672
245013779
275579154
1206006356
1248599167
1196506103
-1123937040
1872750483
74831388
-239439384
-2120016220
1104052676
-1333339364
-1298250748
-1564817302
1272634995
-448867414
-1178175329
921452022
1139672285
-1047448380
-234688241
689038265
-1514650137
988222238
-885437245
-69616030
1723459409
366002246
-966579814
-129872217
2140065323
290559496
901748081
2065884484
1445321863
1486001171
-1431206658
-15289533
505673327
-1402031140
-938581028
1741822590
1144906265
-1609165118
1883050470
-564264350
-1638697127
-667717006
-340336185
590165237
-943074730
1020354444
-478057263
-943978471
524909952
569601670
760303630
-173353199
-740243775
1538336464
158541460
-1186459580
1389999090
786388025
-963029731
-1450779839
-392803696
-382318960
-897418538
-72639741
750591663
1504307086
-648701065
-708325259
-1205117650
1033030387
-1915857261
213066040
-121584341
1066769646
1260699696
1892124322
-1083358023
1009291969
1547808410
-1400706806
1462709456
-345194076
1535742324
1368435522
-1154731900
-1156874262
-1600838129
-1746802076
2113839994
-618253214
516988158
530806225
2012457879
963196927
2121204969
-1773354122
-1534174727
859352507
27856545
-789355439
879681322
637039799
136019573
-423445197
-1359196526
283023526
1519050435
1043335111
-1306352338
953279596
1335314385
-1031872558
90048383
315390721
-683388707
-2052398916
459762372
-1370187109
1827044978
-1592846514
40246634
-568594932
1179173372
-311669828
416080579
-2097672088
418504351
628844518
-1941924362
-1687345430
-728053949
-1253474854
-883849162
707638551
1768180211
544158365
967839286
645992228
1517001831
-770862805
-468193060
-1665921388
-1891459617
-543782469
-592071372
-254939867
-1177951695
-620256954
-1115426905
83716588
926407205
379688266
1800279660
1708170430
-1543918336
-1953499190
753502013
-1031005230
1339004766
178259866
101495886
-165914716
1397744452
441862360
-1086870406
-144289509
-2028417675
1285988797
1268806335
-865399315
-391451644
1351286677
910743788
1426288450
-966071766
1022412811
1066062232
-1775219049
618835289
-1154114902
1740860758
1750402277
1346844561
-1007671648
-913049818
-1217347582
667540209
-1991632700
297002029
919423558
-376401264
721184217
986024616
-1210046352
-1214606195
-1454410476
-733293538
-1736101429
-1533841052
-1030426917
1408655061
-1249376628
1424512131
-2119617585
1130939014
1575225470
2040019484
275169292
19983443
796441056
141635132
785776303
-303970824
-110451059
-705042148
-1819782760
1551801409
-1991820451
1768447159
-1959440016
1268971707
411316171
-1342503012
-912422419
-1847467346
1046046167
-736878331
1680225876
-1088177335
1350460461
2060644903
64340543
-309778145
-633155961
702083275
680596128
969721554
-955547569
-1951568099
-956966139
-1266382579
1907633543
-1123289917
221152029
-1640034377
-2014335507
496407857
-438280070
1736988260
-2051058087
1009178427
454903959
-1364953073
196871274
663552491
1112391453
-1232700922
-244203423
-1992891756
-577158047
812929573
1303976268
-1523294170
598116401
-1154966458
-1073242266
1805742020
1810203856
-229264649
-1318903619
-941474157
1613874750
125116270
-1875276779
-208165675
1555784123
-1945529159
-501637620
-1023461835
688480654
-1255609799
2003221630
936608612
-925849342
59165008
-907762646
-1946787612
629576881
-376438183
765316245
-814201054
-498672892
-38683432
-1234065874
-215146550
-1357352711
820442866
-1446635854
187700310
-820676825
-1000732641
-978724911
-256036376
1790341887
-1416684771
996908050
2044786266
1690392659
912773927
-1115415053
-588572014
828450588
1184862310
-1645249197
-1231868390
468918647
-1436350552
-2064347372
-1852647441
895671792
547168591
1998521084
-698167144
314489347
-423734389
-1910799397
520415610
-1774030625
-899486773
829634035
244757866
1018026605
-1768948880
-1542047853
-737302908
563746447
1267063747
679151620
1412871482
-270554964
211975465
-1189939031
-702487377
-750499988
-1329793643
-1406006175
-944031675
-691051328
-1173945795
-2088048336
1810099828
-1013927388
1914204304
1984282653
-1196419875
-292281048
2022941286
-205303971
1771030942
-1770831828
772907385
-896834896
-295387673
-1582587030
-1393068525
-856132086
-471478835
719268408
230536456
-1574412682
-1409040034
1067587726
1330542823
-137093833
1806732021
1036000454
-1515373972
-282115792
-1750362418
170469795
476003384
1980856965
-1727332388
-264016747
1312980419
1018381441
1164099033
-797973447
-1930663535
963692985
-1696063329
-1520215258
-1115114845
-1382783374
-1476318026
-1714566426
-1278995152
-2107871937
-728453843
1994812226
601222804
-1568271890
325652141
823325122
-831070072
-723411292
1345148874
-1773877901
734131092
504518471
-861351268
2047814378
669052097
81702683
-230474866
1243982985
87804561
1402713263
1574996341
1528972032
-420569805
1418254330
-399990044
-580451818
315108850
-1398837568
84186302
-1394127447
-2025379345
581671738
-1080025589
-1059005709
-416103409
-172328715
-1646811889
307036686
80151094
809743353
-202905192
1431774137
20720052
1395846702
1488324759
-743626916
905182975
391616251
-2124700430
1330337097
437177506
319297840
1762412952
-675999420
1825924469
657425189
1042700501
1788885317
-360409586
1892355363
-1751966489
-1657721733
953792887
2085560834
1270795728
809614996
42427681
-440283630
1303027821
-1458726085
263479319
-724387778
-232246585
-465379870
-1391044234
-1374221970
1081010600
874373569
-1235414500
1410459181
-1691282575
1327730205
-491131490
-1038590324
1533010986
75342541
2124095103
581564485
1898618587
-114243335
-76488289
-1597688030
-340361191
1184656421
-792298255
-1705916513
1506950627
-1691312275
677377393
-282054706
1455501486
-364473583
78164052
1998137978
-1553499715
-70492620
-1127320704
510988431
-689849674
-2143477536
1067940158
1509291192
-1087884686
761971277
-180778195
4543818
-737783020
-718352541
-375170951
-1027569568
-777181860
611073404
982022989
1884112454
1840778557
-1893460627
1295245701
-1979582950
-1226783828
-369407290
-693400408
-17588048
-1239901766
-491764903
590077205
-852120138
1418352868
1138938617
-1355817861
-667562216
-295086934
226078595
479148942
845201061
-1146650275
-2044944094
-510527753
-140332558
-822762435
-1544883507
-110831733
1646307454
-1509035837
1728702228
207176127
414578710
-2055559366
-400607972
1577977947
-1718371461
1393526931
461885928
-1488570770
-1189738687
-1637469318
1348176345
1678640257
1069353209
-1558528348
-1269682569
203255055
-260672366
2122785898
463953009
-697625548
2084955132
-1752083557
-1301930526
-1193707869
-668922611
1812527501
1398140117
622040029
-406916696
156195189
207018507
-481458273
-1167626724
1725220088
-527246341
1576060571
-1883059767
2107410945
1791396377
-1383927189
1216294408
967928277
1833158747
-443451198
-1281611956
2122444131
913647352
693858788
-1551199100
1052584672
-1613694350
1016492631
-799954748
-1061302125
781676503
-515750950
466608931
1260030189
-509140670
-632637034
-851894042
-1362097188
-1570247000
-889842797
660680157
384463200
1216618192
135374189
1551136525
-1512531619
354684067
1622520902
934724495
1072544947
1793123493
-1265319938
-319154249
1312979851
132593347
475638689
-1006754185
-1234699021
-536190898
1759213857
-569707259
-9112659
-518647225
-1222341564
337614011
-48391100
-323258403
-457791265
-29878465
184879199
1833681203
1616126020
381427939
646400857
1699354213
1797906936
-1034306226
555834384
1106982604
-1816304727
-760849829
-493568004
515459201
1924961374
186256705
-1120775292
1580637216
1492995824
-761821709
1100530572
1614964942
1088225208
-1040886584
-1360491438
-1035025284
2064150921
1076061790
171479418
-1490592660
-222366240
282188220
1630774118
1530704371
-1222419366
1093440694
-1585936949
-1226842239
-1721733787
2039560853
1977305984
-1962464802
-108143558
-1856280330
-1925178471
1609818550
1503519754
-1656922382
-1447775308
-879339177
2104165495
1062826623
-1964033134
-1609239880
-192900795
347273237
-1162986007
1705478588
212863313
-338460524
215931511
-1102528840
-1221564223
1458278756
908821850
-103619278
-1406932356
-427541795
-1293490274
-835282196
-1791759140
1263087849
-1419004648
-1512748256
-1229328990
197741032
-79459471
-1779817972
451399978
-796555309
-1158402427
-460311376
-892278561
1401229219
-93080083
698147029
-111645456
858174195
-516325414
-479090351
-215917245
-1739657244
1642790180
-1319562615
669449641
1218153280
-1476351326
-331988169
610558291
1010051297
2125515707
-1266193043
-77284987
-1503558061
523418173
-1372109862
2147310473
-158647368
575070061
-138805430
495825381
920004332
454863454
-1497974669
-886010673
1151067369
-1720641658
1900419565
51217889
1066794347
-1152017011
-1545884030
833645320
-1390566186
-306670744
427773864
1501029570
-947177385
717579174
1649440842
-1182020728
1154406474
-1346100982
1671790542
-371269496
755877083
1585795161
-1850408621
-976822890
-1465491217
1910504307
-52956358
-1745809308
-1497956540
-694853208
542585576
-1540819727
-262021674
-347154108
111118537
2026472255
1540027268
144684651
-1964808041
1778984008
-227380237
1983793964
1658974683
2010874418
-1151783502
709121231
285144244
1394845633
-1869994337
997747313
-816841002
-1549524212
-1149822328
-2052636461
469677269
1824661363
-1437876203
-399714450
2124479395
118205136
-1271531548
1614471881
-651446697
-1765762581
-1042331147
996870159
-1775428561
-408895437
-1674160825
-1056916005
88599256
-885428565
1416435139
304604758
1991833836
1545039394
-2030361511
280655492
725937339
753002663
1723946344
-639058214
-8119475
1907750458
1734236515
-1547359981
610194343
-1822310202
-862305360
2070773571
183278157
-2103872690
1120476115
-1164373972
2081233160
741304423
1063443659
-537639729
1010419433
-235123738
873563836
1797749574
1987808397
1304110041
1868310221
753941200
-698357599
1055421626
-685770413
848368941
-595765080
-906824479
-663287249
-1286747860
-1144059397
1090487098
-121768077
-1544652159
1546393361
-462858952
1247853131
1486754524
-409021184
1849856009
-1338992102
-970645450
1101329731
-1884765941
-1048334877
-238828435
-1465286723
1006889341
1518374890
939690515
-2020218626
-1132588679
1694443418
-1610927486
-1486370620
141334050
1234283945
521654579
-1014172477
1430497049
1003966073
-1034434481
1201669032
2101323572
1533808321
990870150
1044085851
-159947663
1910494828
1997588000
1194997124
130374440
408470977
880254289
-1675646639
-1792706432
-752666429
-113815600
-1815395979
-720891869
1756634330
1664768426
-683286669
183630133
2059959474
1622133586
816391451
-1127414143
1838638690
-700539139
-283885227
-288666123
-1866887215
1804111660
-1348844259
-1460473008
-1984144044
1525367434
-1621998387
948922905
1468804764
17293559
779209122
1377854162
842798543
-1601804828
-1545709704
-315762835
-1167106829
269173729
69929688
-1645483265
-1324647021
1487613299
-1966894284
2014351539
18837148
1133647658
1213599088
-2048381440
-1655214969
1666172659
-626949468
1708502046
1310891964
-913472342
669454112
842902709
1881294133
-1441415181
1603794352
-341584425
298859874
290438986
-1967447264
-574854864
1170548044
1272884311
-987175422
94607996
-1427874308
-130772602
-446439762
747591992
-1892243939
517938391
1069706121
-26771044
60959200
1415396338
856429962
-637818681
809053471
1554638206
-320683782
-531826628
415675333
781820850
-74996102
81120397
1238551660
-2131905493
-1123526582
-1457517739
-36806329
1171837184
-102737977
-308910998
-1162824895
14612243
786431797
395047507
542040934
-1480933975
1878115262
-1405555209
827862658
-2037902531
-547155013
-1860015721
1114095367
1126003600
1944474929
1062094590
-2042152653
-931534076
-153630563
-284959498
-494181006
1522498346
-1935191052
1491927038
-161047296
-342444903
-958039580
-160275911
-1927095086
-1487824383
-1030618784
2036956840
-1066425674
-1712250753
-2110844581
-505838693
-489817928
-913186510
-503069486
989851748
-1708698936
-1627795443
-769295600
-1508582834
-196992359
1716128750
227502125
752487629
1821459915
-428532753
872688087
-1895859978
-217468341
-414503428
-437427116
1058711601
-931396358
821242534
1915333575
1704338988
480630412
1707127349
2113486257
-1931930094
-1895236942
-1379641597
1128156858
-1858705668
869600635
-1284200185
156102833
1144413095
1544680183
-274471248
349885649
-1933289113
-771740387
-773888268
-1269600698
-2013908388
1519266798
1586696359
1268857070
-1748934942
1494219737
1729917712
1557080163
1766185549
1297675873
1587434424
-822508743
-1029859626
1412258044
-367082107
-230052220
-2087011121
-1057233346
-528016120
-1964724836
1422797086
-1540491977
1354651154
500914723
1473437416
-1923181800
-158613875
-1365796793
309485707
-357590244
58260104
1899105092
1057039314
142469285
1422374291
-758116820
378639715
1159989156
-1140812468
-991824662
-1332781188
-1920137410
1508262202
-552216188
-834934818
-1890626900
-1125084199
-1638696545
-1566557944
1176613986
1512130805
2035935304
538430120
318433138
-2109424325
1843402736
-19210930
1968069427
1808175884
128286904
-215589534
-1059123939
-1553248108
904947439
-2130017960
-557081353
-507688165
-808745512
382244641
-855310541
554464154
-1272110416
-667175708
1184067992
-171583343
-1924281362
89080046
-819751391
-1042222825
1981106380
-1908308762
1871697957
-512883406
-370639610
429899844
1438154679
1932674920
1519076577
214724099
1916737359
-906792042
-1586131602
-1749569132
819988393
-622983425
-500486897
310189846
-1099985428
1888380327
-1105575878
1461277380
-1741852657
1777762529
1484525180
228395950
-1653271688
-1914776793
1173404609
-177554004
-1257907739
1213908265
1347307986
493276814
-1803949937
477483048
-408965602
919728792
155172236
1658843523
634978236
-301442003
-1731381388
-1682619503
-1349385808
-1596476727
-1610026169
-1092235342
963153260
1053361460
-1571740530
-2122322528
-1816092262
1809525492
-178959425
-143604726
1571821848
-1526904574
-898994459
-1502364061
-1337962941
-1637847615
106412160
1898122230
-2062537096
162691115
-804020055
1973976125
1661305304
-2067546547
197657722
1672432755
291793738
1933321973
-1946824788
237812328
294675653
-1088705880
-185131904
1352560787
1244281807
-418549799
-1716982301
1371217773
1198707264
-833358248
-655104052
-528295940
1695721291
-1819802104
1031645672
291634093
149056702
1623938261
960671865
1760744807
1028729992
-55896092
1483923323
639053788
-1463238020
-1644301301
535370760
-1897628383
1312403027
-1714683518
238589948
1215456128
771981815
1476843227
-657411108
-1840987251
-973115394
767741743
-1688036621
-402158730
1472642676
1493303193
1153564094
-790369377
-1918426659
640978920
-1137930615
404471918
-1655487367
-107386225
-1971706791
-133085854
-209846839
2045081568
-294541300
-458332822
426966610
-850995079
949825471
763378804
1034417056
-784542978
-877007761
135306819
778922125
2014603528
-1048130078
827373189
-896080446
1063569244
-1300299577
109385252
-748284290
-1327102625
-1740920036
475316700
-1921190506
1974462409
-133526833
715265549
-396933444
177576601
469588648
-420637743
-1525948413
640587336
-426761883
-1167070383
-1575319646
1567368257
-297611482
1444534100
-2095879689
1033778831
-580596469
41786904
473000911
-1849588009
1159160603
1167018853
-1680810780
-1206112119
58071143
-2124023842
1648381606
466434642
1243771246
-2030456423
-603876546
390513364
509784259
-1820403214
-814929713
-1343109991
-1663468052
-1212609380
889885950
-340417212
1255577229
2074928120
1981052084
-1777531895
-1667306042
2142842537
1724335138
1995733854
-2062754344
-1953142168
1585849093
-1986573838
902778894
-1522755564
-825157334
644421342
714669786
2057878796
-809722060
1134249242
-1962985923
1119135169
1834119069
-1966110159
-522602900
-1329676922
-2126519302
-1563378632
-101999440
889261994
2142659202
2067139324
-1783138675
1715455431
-1985568816
-446424966
-1445010650
-1984907428
164083944
1168286867
-1567594785
18079385
426207607
-1892368384
126637380
1310574202
1712382558
718060162
1936979241
47334935
-1779694479
1720991838
1352942353
-1585504967
2123301755
-443262200
1997534675
837502512
1964553605
1758480670
-1750947462
1430851811
-1626729897
-1440652905
-2047781779
1690721063
1304012607
-1223592388
1989831375
-1200129452
-358350064
-606836394
1643795496
2064558613
-309830035
1129900712
-33614012
1671107712
1584464967
-1267495009
1764778075
-1633171610
-373604701
1957083847
1253000561
-54252821
-215299168
977077889
423849215
-620442280
189865656
278079219
-1799259437
-207316945
-531566011
768177983
-1955535052
1994113663
747302215
2011473398
1993712713
662901882
994599268
199767246
-1566296646
1097814084
-1723505361
-1427325037
-1544741225
1104794637
759942828
-622903717
1073138041
837339489
-937111020
-1716144387
1074482918
1371174334
-1019262764
1035538883
1945222649
1283227750
1321526491
-78969506
-1776235710
-581877385
-356985835
864701978
1295190506
-1101894088
1197381682
1185326162
-201125093
807515828
-2016405845
-69655003
-1755824226
-2039666547
-90823419
1863133289
192075717
634809097
-1350101673
-728718625
-1756308086
-821483408
-2073884918
-1260213336
1433588984
314456218
-86114336
-1456884232
-1803931959
1345216707
1464078647
859998216
-1687078576
-1269777247
-1763439219
1442061393
-936985703
-1318181704
-181300666
-773594634
-133849395
1163142636
777480621
-710340479
527649243
-435724712
-234911432
-367721774
1464177493
-360819875
161886223
-1968059053
361459095
-336915204
1461840335
1020756848
-1125011155
-1381285272
-899516022
-657727418
-826300042
727401430
-855314158
-815315302
1560102788
654495128
-142903178
1861569548
-2029052090
-232914839
-2106881587
-491371637
-516779287
-995640566
667788593
-188056821
1493618810
712962317
-1501183730
-2119753611
217417167
1523194608
-119801188
1237320159
1545105063
2073629548
1857112745
286301436
1315381520
1194784271
667173532
669135318
466271241
1973605128
219551157
-472658758
-1301586841
-54571967
314602137
-956007566
1936030716
1245081523
-1315901171
344924601
525573876
1007706868
-1580787711
277520619
-335875198
-707742700
-1432469552
-843561220
-1339045956
-1730714710
354211014
255178922
-722404924
1828715561
3587554
-1205417226
-1995979225
726289015
-2132218916
-1986068529
1902876809
-184710208
1859146857
2136578576
-2105556352
2003838086
-853615172
558529709
-1086636864
1286288636
2096430672
973162792
-1716988295
-1530749292
-380693276
-478449335
-1909426436
-265335082
-2111718201
211365901
654333348
436396915
-2077187499
-197878306
-654881805
245955482
-639657023
-1961274364
2111809019
1918618249
-17429996
-552709285
-1831070465
-21577882
709412468
906699334
-1143035815
-1976871346
-2067849303
617371107
1746661533
466183854
-1720996899
-292881793
1038790910
319652562
649720483
-807563444
1084408560
-1686291269
155071290
1677756753
1729368078
-1207802828
-1648047343
892309921
-1353136578
-680291801
-166526835
1301803727
592718355
1539937580
-626838006
-1979717216
-631133326
-580480158
1606600992
-1194996478
-691134345
1691153794
-568843737
-1567276739
-756069735
-730763472
972797948
-715134360
944507403
1530181780
1786186756
17453597
-980819099
-339292887
1013506672
1863644272
-335889533
1459536852
8272578
1452582940
-437260883
340759608
-1885090672
-1286810113
-1851383816
-583836344
1099697288
-1125043256
2079291883
-1142161123
-1071514189
-105122322
1610096996
-728684023
1098994429
954248419
14361020
508628203
-1802459915
87245193
1417421097
726301892
-1964851248
-1981954844
-813922204
-2068044918
-514830925
-1720252655
1986592907
-1599212484
-1744084687
-428398217
-2103022777
-84465098
922919953
1378263099
-1468810959
-422286906
1283599957
133650169
-1060617615
-1788422658
1448888695
1576987824
204244392
-106025013
-1983601675
-750503172
-584748785
1629311558
-1481852656
553753739
128489952
436838473
1394110671
2139849
1771177460
2083206981
-1865532342
-951366946
-1803916371
1416428371
339096100
1530499545
-1915286507
-1582772088
1752166232
-2120062931
-1657107641
-589458035
-2032189384
-1565971365
-1138726131
-1439583379
-236202573
2080961776
-719123510
-772909392
1672514262
-2015772238
605443994
516728233
-1055195499
-1646588906
-1551926345
716146700
-2101049910
351431412
411325470
24761283
-1579566724
-901497475
1928555889
-1403391231
1358308708
-1892183700
1974452511
1541494678
590207661
-1491748741
-220622911
-976269435
-2032735493
-217497320
-121635385
-103018797
-1304358993
-414759336
-1623370157
407503521
-559283864
1365855019
1658460260
-221200003
1168196556
-1246948143
842084919
1171664116
519465351
-1439483764
886181609
1243584619
1970869395
598495383
2005097057
1466829102
797062842
1500515414
-896295060
-65674295
28464728
1861783502
1511203880
-1378641258
382262117
-781199786
-1616598874
1109668247
859089075
-2002514802
-397874229
-108942459
-1371634317
647173520
-1872553354
-1236224984
967973629
-2029211802
2071104743
659430377
-1812821297
-454169925
-35621282
1126168741
-1548492586
-1821382188
604400386
-2003337277
1617094124
-1020323136
-730013692
2054024584
1389958818
1932484814
-82900476
-1088942679
1871888958
158654783
-1750876749
49363233
-629565945
68183868
-12503368
498588997
-1665787713
-302410999
-1085544233
1231216661
186571376
-503297925
-1300316336
1090024915
671374443
-1128132441
-434278779
-2021377063
-1987775091
-198745381
-1027097634
-1697403737
-1635502396
1522010322
-2124488720
-2139274949
-1273654319
-833285598
-1478727972
-1893215323
65164366
-1747318023
504115957
122492634
-972091149
-1425118712
1158776229
-2029307961
-1364901612
-815044162
1756967568
-2126054487
466197613
1103741113
1293508857
312536987
1062229282
-2008158855
-1742635163
466976112
-1211339264
-467596970
1539526013
-901187134
-616058616
586110643
747118648
1509818187
-1398470098
470089332
2012464185
558214003
1552370270
628404396
1481155189
-211906519
-609052993
2084248731
-162067688
-986681611
2004813882
1645048791
-801387863
-1147137714
-1923662019
1940942024
-2087686805
1993855528
-257560645
110655577
886166790
1855368401
-1019106953
-1150607637
1927808103
-2107579139
-610901886
-1610303347
-1090239005
-896885729
-910132734
1713697898
1287196578
499509241
-2050662092
1058530178
1585531450
1466121846
2035411123
-1344767332
-31269478
-32748873
522648569
931446651
11708457
-1766949013
-840866522
1791694159
-104971218
1691089507
1800514304
1702583406
1250049906
499027301
-177910982
1323161923
257534243
-1058930625
-973941511
-2128800122
-1459742214
1213718559
-1144084589
2133800621
-1090676064
-1100451807
-1918477927
-897685342
1061030989
-945189078
1182600215
1364685749
1371273138
1263380211
-1736233446
1142984403
-500373992
1317664872
1705538673
-1060505864
285976777
-1490757326
-1376843336
-989005598
85406382
20035218
1584609938
2449926
-1951209415
235532656
562766389
1727827143
874613125
468641715
-191489238
1232894949
-176022854
-273498413
-1823737771
942979379
2080927414
2039137195
-1495774669
1709304716
1432434665
-318278765
-1995557789
-1543219193
-389299328
1062961838
-2050648217
1673577065
1668399813
131888000
238719659
-1207279397
388482757
-96693310
-933977403
-1697917220
-1354280398
-1985514887
-968171523
1202744184
-1359108725
-454614204
1181688080
1804463802
-461854343
659153654
-415103439
-226295202
2131598204
-446369436
1301164112
535083466
-905223994
-783633281
1634281629
1028769087
-593190042
211253412
-673399729
-252666805
-411296343
1897488946
300142753
1094802306
-601901124
135095389
177337116
2118338925
-1872405610
-1925951167
1038952987
-281463103
-244931820
60839737
74828172
-245944877
1980154981
1867284338
-1127198733
-1990777525
-1983881049
-309001798
1908510644
-1617319401
-1003546414
-255819363
653109393
-1085098845
983764181
-315127630
248419696
1016208710
1028303102
-2096573902
408900193
-839228417
862021022
556678089
1061478112
-1796227232
-1080533780
1659858864
370057302
489989833
-1177035991
1744608251
599517413
1518881753
466046213
648858415
-330520987
456046370
-1669648319
175157783
603946408
-1064207333
729737876
4458199
1849677317
2124626010
-1368741165
-1661684415
-1200973548
-2036379134
-1533822901
515408999
1438165686
-1386043015
-1805134735
1375666544
1493851479
-1741606306
1005228733
-1846099025
-1556126090
-1081628742
1674955474
1159355889
-579135643
-1781018764
1229752545
-158691051
1181539917
2063663370
-685629361
-79653918
1152471925
1950212990
1135428758
-142834668
115365571
-1369729395
624512104
1921078456
-803143294
-593642714
463864601
1710280121
-1637584795
-2064249062
-605508547
-1607503687
-1712018997
560828431
-1339613808
1063343909
-1256905660
-905422406
2001736470
705584515
1380364627
1766634316
1470243203
2089627661
-124202891
-1826029523
-758846756
2084179075
-1685148063
695961575
-1104250531
-327725763
-675392366
1983531364
-104274787
448991615
-1833644798
677924188
661300463
-1341221104
-2079179209
1105800200
1375090956
859379981
1803371394
135969307
2031878638
609830906
-1153628794
724046066
-1862043394
-6443239
-1371678985
-947362295
1372529776
708680447
-2109974109
-2058394191
1950412270
-2122754717
-1878036554
-1055128321
-721764493
-1002321351
1825144121
1707998983
-1187935623
2030889471
317570523
1811509578
-999875241
-203596459
1132376820
127093612
1763797731
1104764371
393670086
-1933015511
-186898338
-1724528618
-611468795
1570592138
601613713
1794620188
1312648345
-1844393389
710411059
-647997231
-1155966303
122984127
-1209848947
1996192745
48086203
-1888490898
-296734368
948139760
-1249639806
-996173410
13334790
744042654
256531031
-1439366247
12537814
644952432
54882660
-1697092498
-1231301172
1149990515
-503336994
-785728029
-1694409367
898964834
2031711625
386786217
-1823054376
359677427
1712462465
1218066129
-641690798
-1789950867
1788459062
2100997246
-167097918
93872510
-934805832
-355419172
1232391595
-1307057334
1955895860
1063006032
-183431351
964922311
-2001605443
-55421711
-1086880778
251705415
-474800048
-896318922
-1554402865
-318607786
74634514
488840943
1575899543
-2055822907
-1405095973
-1816614023
652421850
1496926214
-1482011401
626095660
-435286443
424987834
-266249430
1343190040
550015637
-587416696
1135796980
-953487119
880309981
2024321840
-531071465
1912539719
-780087220
1518532063
-1708752042
1451633145
590767423
264186564
1603758718
1426011115
1446238964
1654858978
156953769
1892375286
-720332433
1398063912
734028993
