-1607400396
942700267
-319379516
-2074882556
-765747878
-1492861093
1484362272
-859795438
-1912103016
-1392862616
-1265675506
742362812
-1649215649
-1279189546
-310386026
-1515072051
-2043401491
-2132832252
-1262210252
629310991
1071187118
1628032132
-691929891
1521606144
-1478819874
1870519789
1565176895
1673238981
630938482
197189871
326906445
-1318134177
701691704
383681703
-863645702
-797105124
570449725
-1347437517
498924099
216585295
-366958226
1088583049
-1449622925
533958211
1214646657
1153788292
-992334174
-1950922900
1281965845
-143107777
228740734
-1542145313
-1551810025
-1454224218
1705072717
-548086781
-658583192
-1235966391
-782773710
1396850824
-1363163204
-1650777997
-1231746130
-1453673064
375937733
-366606469
1214868329
1871213645
-439441265
-966965927
382293298
517319010
814167853
847254139
1885989956
732185644
-1270396267
85876697
-835635765
-853589814
213660872
-1997124025
-584622170
859431323
-1916468171
-1235138807
-160485523
-1629189136
-1641139105
-2061399636
950525364
912669698
-52083523
-1894104301
-746921583
-1421556698
1771330016
1921614287
20738139
1997884222
99896539
-469984332
1001239988
-332284302
1629867230
-760424280
1281099722
-572052960
1346926372
511407806
1325964249
-1266930160
2039548175
849435522
-1187479821
1269694700
663621776
77072022
633657091
-1590315282
-1688420660
-251225731
1782558735
-1278296101
-1937391364
1104611510
1317132732
-850210769
-564903020
-1371223540
-788883177
185510297
989299623
1358402604
-324914542
1102476969
1323405961
-1504574600
1409060939
1033350599
-1059311691
2135242778
128551060
-149835929
-680076047
544719194
1523878063
775787386
-2130734929
1134520884
615360473
1111546407
1248438966
1993521957
405956233
944632762
-1046671615
-1936702139
-1825792519
789631964
-220099865
-192476518
2125620197
-864746492
-1246173061
-99838038
-287709550
546695469
-2051255243
-287137199
687899921
-2004799287
-969410351
817316309
942974916
159291637
-980814473
182981687
-1572463327
-1727035411
1039667739
-1782455093
-1913061707
-1307826495
-1358834138
-1778669558
1746100844
1265300296
-496310955
-876289881
29252623
-862257835
-1919695135
900514271
859247373
1965572904
-260736288
975741717
978645117
216326439
-369720853
-136996707
-1858721437
-1102509874
1805007615
-1040562729
-1766577871
291959522
-556418136
-108315520
-1672109935
-370196244
-1416395173
-2075820732
1284258913
-1315601947
33669923
1889004950
-1402451713
-252981715
-1691033984
1196283588
-1915959867
784838338
-1161645429
-528891323
785558743
548520877
684236382
-1723775147
414348059
-653992513
-1875824718
-1457545789
1886848136
2021162877
-8895800
1212025353
-1238515548
-199362216
-1263092595
-354519395
142293831
764843297
-1095941384
684052102
313836964
213681339
-703096905
-262607567
-1088748663
-1755346927
-1962378999
1828206468
231870693
2018606666
61353197
-330091981
1073216395
-1039247813
44964476
3058003
352490805
1846415901
1318065555
-559071956
-1550196278
-1886989697
1424507060
1943234642
1588897251
38804605
-1573082835
-520269066
-535766645
-1678258382
2070020474
193857401
-495320250
1361869930
895819239
-259728319
2095824724
329783452
1501370233
1612654288
-1145112778
1342256662
-566085362
-2005300206
2062847345
1182285690
-729539901
-511344139
1016627601
288974184
-2032431211
81581631
1013239920
216216444
-843364022
977686171
1450939576
-1062403973
-125020527
-748964364
1585720229
25669064
1167187816
921889541
653222415
1111910940
941736893
-319765456
-505221721
696544117
-713686952
1581636751
1720497792
668456015
-1238041097
-264069559
-1297959727
-449759215
470625978
-680452570
819750648
-1505070390
-1448960575
2046336100
-1635834942
-369178596
-1378659053
-1787314486
468110569
1301380472
71417281
92264446
176727517
-1786289269
-1704829366
-5451757
-561622329
-1978989833
-1807967423
-1241873818
1187201994
555376710
-1662755283
2024907945
-724627317
1631095579
246204079
-464286912
840665075
474770601
-1670231574
915234507
-1977780173
1861847401
-228793314
883988227
-43814136
475441671
929120406
-675819831
278794816
-474898532
1808923588
1119634812
1078558844
-1118922974
-1296014423
36807050
1449151030
654618660
-1510057350
-1451046839
1065073413
-377435467
-846643328
587456263
-666481889
-837631838
1027605055
1222297951
929620255
-629637654
-1522220070
364951758
191097865
-950162322
-594761035
798269829
-1152280182
1853744868
270978140
350201984
-1784763261
-104683759
1726828963
2129256150
-1130645560
1016423223
-1897776883
-720445869
-157236956
389123787
1907055473
-253289661
-1701212000
1212772971
1052219098
382992272
-1838075900
252448526
1037124527
1758077711
-1355325794
1439268988
41965587
1259746582
658701633
1599509249
-773792370
428763985
692106896
-1507360675
1874369772
543918549
-1739757700
2133133310
1323377765
1545721973
-1456468982
1388205680
-355890179
-264005292
-1614859175
-1074958316
505781293
1140577467
28984803
-1777659121
-1005176125
206147117
1780419843
1319781509
527516166
1578153655
-1316461898
260242695
361571869
-577277813
1437264549
1895213129
-1856566096
-883198001
668020066
1999662104
-1765786929
-1600863054
277385970
-1248957814
133823763
360168129
-1446706805
1159754614
-1681560062
1234860407
416883870
-1831085786
1754185399
-1324998118
-1157783530
-2014618549
-111024702
-944363836
838972386
-646094032
-1975461812
517273279
1063523249
-2065567694
-1757302401
1814469654
-1162152196
1944914799
-815961052
34020968
691971401
-1012296770
255726221
-1234452737
-273022292
666086110
-1008367436
1320378912
1784209553
-699322127
-688630620
637778340
251926201
1876034346
-1863710441
-373947193
192391298
-2044137019
388970080
-63997633
4160106
323592503
-564984437
-1347507824
-1047831595
216451751
-2098929214
156794014
-1634506482
-839938148
-1896557583
-563836285
340920715
-1461594890
902526125
-1158548830
15273588
1022548258
-1659594671
1225457404
777762150
711883145
-523888278
-1611716414
631214963
1136712520
1069442388
-1793043926
-1163744147
262499110
1353494308
-2094446203
923089508
1227974850
1804528840
-85923439
-936777364
1663004940
-1439694227
206465803
908561315
2407414
-1278033888
-1450656888
-2007791247
-646971030
-1948478025
-1858867835
969708049
-369280642
-1961025294
-52619844
-522104752
-1737970715
-1518470692
1655056825
-1750653035
1688142504
-457678473
649638827
919682336
-1435544554
979678871
1762619263
1041781142
-522233863
1116853518
-862706390
-1954009412
1601256458
1917895433
1452299334
1024437635
-779236443
1300451513
1581548768
33331268
-1002643776
1392676405
224612751
-52630197
-25082855
807156638
-1737851191
634602905
-397632850
-1162569853
447066993
-368811035
710069874
239873927
-1169447245
-627036188
-515101635
-1174431935
1323292436
1835573706
1689272579
512829795
1947213508
-1380097521
1524824136
971716381
-1897481930
-530898570
-160387629
462113219
2006879730
1634331978
143468193
-248685908
-252652375
-865729558
-1881889508
-15194787
-477075831
-333255288
2123205773
1239021543
452481235
786488621
1151092686
978822541
1962441897
-748118529
-834508989
-16416855
-1597734868
-1465741114
-321050103
-398690097
-1980371770
-1117684308
-1050220944
-400828878
-785076541
2053258820
-1262352985
-896920762
-2075307482
1359840205
-1223981387
-1645356121
-72990534
-291947082
10370224
996294456
142757222
16475237
-196133848
1672971407
-1215291195
1509436467
1308568547
-1614529136
-349480202
682747067
-1306301233
77627991
565018288
734070868
1705332020
1369405019
1534720408
-113295397
1352973096
611941327
1397874134
-1617404235
93268552
1784396107
-13557531
228629267
-539844444
-659040853
-1849658454
-2103474568
629153531
1358499383
1099171784
603163255
-1666197465
1022495492
-727656910
636087745
464317402
1898517913
194460417
1688446303
420845706
475960788
1273690758
144668219
846731433
184809742
2057175971
-721016092
-2084331751
-1206425731
2128905046
-60956271
-1285019937
-1657082918
-322036330
253081190
-310965738
673444163
1997102946
-2035593738
113349669
99236706
-341590506
473957384
1997669172
-745816883
721008639
176931486
1248767195
409792431
254798386
1568130354
203307548
32740520
113717145
-712258494
-1373688173
282328050
-211083954
-1090747121
-1405866261
-1752744764
3895339
-2083378784
-171328876
-1900806
-1111081055
311074061
1292979378
-1573799179
519178696
1326090233
-1090971560
78943167
2121526456
1323645279
241619957
2103848819
-1050697450
-1002745966
-2003875826
-345493029
-299628047
-1611895426
-810838739
-134529702
824208846
215515187
132670745
-1837392372
-1507087103
-1498326876
930773830
366674731
1244137790
1873124779
159864974
1253173940
-162311569
87710287
-481827295
-1115053238
296520903
-298275767
-155821126
1068107865
-389716970
1441355460
-982002413
-540779395
451346526
-332382875
482691739
-645470683
-640217177
-88732790
-1356930715
1840984691
-2130503409
-1653699627
-36714910
-229957018
1185246500
-995200021
-1577580334
-1062787525
249055093
-1863604104
1177888759
-1412805873
448853350
1349467510
-833009652
-339804471
-431614396
233879215
2100052596
-1387155914
-765376359
411454592
271648054
-808672908
-1706174272
567163102
706540969
-1838499180
1004225723
-1427025762
1431718507
-1377502597
943958339
744451312
-206991209
1582886920
-2142016480
589981996
-1766469578
1694791035
766556091
1911339217
814875637
-634036204
1625725936
108321225
-182069224
2089944570
1371596841
-1187043599
2111497391
-573981090
1120080552
-463745319
434820870
-1677017120
-1705656029
1157034695
820133473
-1517485775
-1175730539
-1449840126
842461160
374865913
773368402
-2022234804
-414435872
-2107403782
-1080030116
1740279471
-1137820133
-1114495884
-1775863051
-923254404
166820785
1644498379
-1499361931
1888093840
-482742288
1244779879
-886155171
-1751908135
-751202672
-383150629
751996587
128013848
1488204075
1056038216
-1155668881
1096556520
1284165099
450932739
-1092188514
-1713051394
1832314244
1491308917
-1380664283
-926008655
-1044751259
-759974078
538903617
1577385660
-1374211287
1232587437
-1617345011
-1137264317
1554371155
-1451893701
760145244
2110971667
1909972283
-1367446123
1154011336
416599086
-161431486
920892850
1604181258
1817714309
-1919127988
-94469323
-461569652
-355370745
-1365245585
74735891
147212860
-656280870
-454610201
1158209912
-1444900189
-1420052761
-2058559923
-268553493
-3711435
-1015900260
-1540619256
-865639505
1445814762
1987812076
90832643
789641068
-1706716403
-1823817062
-1107172960
1095414543
2047725395
309236919
196357611
-1641561362
1544778286
-1266866071
-1308795629
-602366162
2103143267
1788787437
-693573099
-1995156888
-1147360550
767430878
-1149381703
-1698888054
-980093516
-1870190666
-656619070
-1538917381
-1221756766
-740230251
1173846368
-140554494
1017490292
-1927846591
969649385
-2133971096
-1135584784
1018582126
-343657784
-543265189
1389880805
1298655806
-1936932939
1598326420
-1883498881
1463498762
1371881510
-1420459332
1477249243
-1110333854
118770948
-403937781
2039223773
-1689434030
-262162526
1714092850
-1315651263
-1229283609
1877827818
-121754245
-155384336
391418097
731762648
-1142140883
54367124
-1230398711
194329388
1815476276
-1775775378
1049983957
889125467
2079869953
-612844954
-2056068982
232952262
1980362159
1953818211
1058854322
-759116243
-1086725274
-743746340
-997195730
1998758758
-181788156
-4076369
-763895170
-2035629495
1685429753
1594287409
552907328
-808052242
-458488206
1223888005
-257261066
-1952008166
-995389767
-1283252431
1391641356
-382223115
-410818085
770467054
-1995086824
-923773439
932174986
1372784319
1493110627
-1544096697
-987035323
355029572
1765690791
686109138
1046207157
-1301324209
1651085594
-1043326367
-1885425574
-932191049
-978555733
-1195390121
-243682970
-2028968596
-1353024630
-236151050
357100008
966256331
1833614574
-1782098228
-1681091027
-785324236
1134979090
-1691027092
868630627
-1583328296
-1945994113
-205629599
1150784638
-948660009
-1437887855
1660840799
-1700786594
2005737097
92254259
2006583740
1195697713
621529115
799679980
297702174
-1889476842
835143518
-581847009
-1194549644
-24126462
124672475
-389441394
1118752297
1319395047
-1577499862
-707136481
-89373545
-153922030
-267904893
-1774380829
1049193401
-1207641132
10596757
1807382611
381748261
293522532
-659533162
-243725860
2093657912
218650115
1792435099
-1749626468
537094290
-2114721951
-1962489560
1001099118
-1977638204
-1385226177
-1443778037
1295571492
2119564104
-1840338859
-1810895259
-177591534
2112666033
-444198795
-1708907512
2146147795
549686818
-1394990609
1051358216
2126932039
-1139391740
358498359
1780770188
-1759621414
-330541581
1026801861
-122148380
-6579956
2071243768
-1307812548
997690848
-1713288660
-1135880963
-1705040946
1746152543
1613210214
1822331517
-464418338
1611380262
185543680
549557626
1363969254
1034969842
1245763808
-403527756
-766521958
-1893802033
1622406225
-2046381033
-711741107
-2039198038
599452934
1024156276
-198437484
-257152219
1048853342
-1732625804
-731540952
-759748438
-1295194135
419856840
767542544
-874947134
525760042
-2014426715
603342079
242176167
-1517668450
2085248879
-910436870
-98649833
-439334147
1054872756
-1881029571
1299254122
-2050962497
1672680027
-589330081
-31252249
-524683807
-825971940
-1857216588
542544210
-1160887832
475095347
170174450
-1031368247
732544293
141857615
1472611606
1072393423
457056827
874874064
453202568
-1844123735
-117869090
-1258277582
1713657981
2117413096
943926237
494910147
1630495388
-803539897
1043863649
-210299748
1827314915
-176992330
-44191370
-437213234
1634818764
1423435190
1888052427
23845850
-101716821
1588639975
1992361397
-722236825
-646125735
390397151
2057672569
452933166
189579798
1388324924
-1857423414
1639726392
-857280853
-89287684
-630510192
779844171
-1848520753
-104973301
1863868394
-1294792287
-409128501
735147293
-533415562
-691329829
1971923296
1450355645
2082323407
-983021003
780238056
1988853926
1583662935
1867784953
-1123812422
-332736943
-969745611
1837751608
-1458935853
1647748047
-1277570655
453110968
242668977
-152592168
1015454814
-1683724504
1762371202
-1337254109
3949960
1200123802
-538541954
-822565641
1652013199
-1225104079
403171728
233708801
2102957955
-1926641383
1374119995
1516154728
-1305763695
1744506807
-72462661
1718458398
1828153293
-897003231
-558787478
-1617981831
1668573489
-526185264
895836517
1239585281
-958023963
55735444
-1114951569
-1502269301
-1948792896
-1940852025
-620385515
1215535494
-685823474
-674766907
415998993
-708701548
-1798758765
330799771
1764086771
-135159460
1212964816
1651734781
-84329475
-470483298
-714565244
-858242435
-107326641
-1765202297
-1425582987
-393041158
633561667
1151736390
-1252435345
36601942
-1693798374
-461265186
1721226892
285114219
-606378281
-1275640515
511751606
-143129538
549343595
-716871794
605686634
1151142261
82696209
591513546
734035646
901917446
-1006444805
992709525
826344356
1923457073
-113349842
-748990137
-218209168
1940349103
-87150167
1564375624
203906967
-1304303317
-1331137332
-636729696
17456569
1642484465
-109194248
-1183279667
1172308960
576041701
117830002
-1450090281
-1640618486
-1078135883
1876300428
-600751710
767090148
-143155374
1178541574
1916967810
984599000
1571900315
866294961
1286879508
1130477641
-547053989
746889301
1605989195
1911636765
548543605
-1248152364
201143753
1114185595
-1065863075
863387534
-1005554577
-321444395
-1430694966
1332408583
131196471
-1245620696
1660135593
-214422329
1024858432
170941570
156912980
-1274639487
833893418
1715427780
-1055012861
448322423
-1064503133
-1646725975
-1377442430
228737820
-1637426366
-1555695866
-1836726492
-1666618886
1171473555
1186069331
-32613385
-1627730986
805195634
1494150761
636664120
1592433169
1955305628
-737646195
-13302263
264818512
-776473726
608446636
-993399199
-261072545
1495341152
-214097688
-104083133
-427524782
974233486
383449939
-1443488206
-2015503891
-1589584362
-423626759
1970574819
333098053
2094757766
-1369211613
228155956
-748930394
1268955398
1471141594
-1714931363
-562722377
1950224812
-1874990422
-434896796
-261242916
129711118
1806820263
-756047658
-268772645
753855768
-60286283
-970324557
952081345
-1154409440
684834563
-1804045399
-1100886778
252524599
-1948974377
-1353600891
1866221295
-1003495742
-646131568
940551654
251811379
1918953288
-1149219863
-965432525
1054894305
-1728980852
-1830116486
1091306190
-620747392
-1443489058
-105908604
-1733421431
-350990217
1444641709
948196077
-1057878184
1861428143
1481561697
1729499017
80700488
-2020869002
-1497237913
1461520026
878468272
971998118
178587277
1103393946
-306839131
200258566
842473871
-83001545
-219073870
1649369839
-1359554576
-64706402
-1866739256
500117298
1693761294
881111804
944781939
-522192327
1977048432
1449506881
-1161004978
2040614763
-79624094
1436514854
-551423815
-1789633067
373130948
1829908081
501838792
2043832326
761695517
370756471
582150270
-2128622023
919299830
-1816127262
-1205401542
1495471801
-1097244315
-1331165004
516218225
404330625
-179844377
-15917941
-1804863075
1943645218
2028182643
-1101735130
1350538868
1619822313
574889931
-1252484569
746460765
-108518336
-776788204
207888410
246126623
1855185236
-869750359
-101850443
1529188827
929607416
-1948067285
-375495327
-895441092
-1595408952
572590556
1787853817
477179628
-510474095
760802605
1879864784
-292414647
-411279120
-1935469164
1402762488
1365588568
-2020941256
127186083
544765377
1495466233
1183936153
378141782
1395444352
1537168732
-1360094595
1673900204
-1119481967
-915665741
-1155814859
-419447176
1073339294
-1397157848
-448821804
474344312
-1301041120
165502225
-1616738469
-1716587610
1826745893
1416844386
2014218006
-1903056946
-2133404844
1269173603
-1292318140
-1208557216
-833764562
804560802
1762244605
1511415687
-1830461290
-276064214
-328173488
1931207033
987970450
-1683747340
-1582374485
-780987888
-1717692589
-329578083
1533827199
78518426
-46658446
1886073945
1621394724
1560535788
274860924
509477415
1785791481
-945783619
813073328
-1536636090
1492874191
1322453040
-825150970
243108070
1541767
835333042
-299475853
509487395
31127545
-783742714
-1610875541
721202734
579047191
1389105565
663462823
711036108
593071441
-1422504918
-1367602648
-17498620
-197185477
1653923702
558738554
-2053162988
-1014748819
-1928333712
893770557
-1325481308
463351979
922571143
-329771807
640899646
886445124
2088376636
1296410288
-189851908
-401937474
758564338
-483927535
-1150891390
765677747
-1132908280
-535219702
-1512715986
-757153291
822485801
653688070
1641583246
2117571832
1105523682
-1065828648
2007305490
1269307761
285544052
1416967935
777931010
833344314
1559654379
-1457453269
2100100785
436203128
1013150318
738868735
27606003
-1548463617
-1039435303
1800423961
-741018421
22082548
1541625224
-1245570738
-1914803351
1542018227
-2064028811
-433559495
1673306962
-1120779277
-183959419
2103903735
-1761651744
1296847912
-343330274
2022182955
2100235757
-550002648
1807316220
-546280632
1029802187
1863042833
888581445
2133654286
361843318
-1856421272
1136735194
62676820
-1848959220
-2117633403
-1785897745
422656264
-1988684932
-1034601169
2029867997
256195444
-920000642
987200130
-1363386314
-583692862
348596930
-877892583
572581914
1246052546
629897580
-44594584
-1120156728
1640684777
-1525052482
857535593
1464907383
1954172060
287051030
-1090966150
-1877139354
2079106734
1169780251
-1011067515
-2096153038
1165729063
-147446221
-1260503199
484542822
-560032697
670373943
-585954953
-650965416
592684490
516755050
-352445272
770624306
1459557484
900039078
-2133084818
-1394512818
1842344879
683417559
-153658559
972945863
945883098
790087085
1514662459
-1010349492
1496916549
-607854707
-1938812162
-329429193
-1405190700
-1866308152
-1276349227
-1844802082
929357760
-1757026290
-622414311
1193237031
-2112454499
-529507292
330776277
2142086753
978583959
485794773
1008040364
-1852736430
-880283137
-1932788187
-24068358
-178293876
802072838
1629738956
-250982854
1989392644
154892231
1030991586
931854759
-202277916
1907390346
-1201603114
1532323877
-810822753
-311527354
1292001700
-1463807648
1726903110
1255592807
141717318
1634752565
-1695695334
-1053743406
699788395
105015121
940249441
1558395941
-1711251610
1925166103
-2095884419
1235853379
-2070074775
633359303
1718302777
658747151
-948787726
-302952741
844986982
-1561454730
-1971851644
-138592588
167078566
-1405936717
214784410
-2101804682
1645763463
-431484466
-592263720
159563823
942576339
1420028004
-342476157
-2043804866
970799141
-1712147538
-1540847053
2032840946
894965951
-1605990725
-1391661881
390779505
451630235
-660202240
-493632360
1332036314
969558207
-484567022
1279263472
1599188142
1697794773
-679357007
450486205
1155299691
1489308154
1314202120
-1194796927
806852473
484944085
-249017806
-2087048564
324483658
-1020205844
-968600832
842546285
-1065879364
-1732124878
-1524803591
984263333
-1795297855
-1240835613
-1814210911
-1283593314
1299365697
-1976402028
179956222
1533853403
509783870
-512653435
-739526057
1154800495
-189326535
-1036399815
256288062
1831047603
-1305539116
-90693304
-1562517039
-1845603277
865912504
246255987
1997514044
1505123304
-409379656
2013771257
1745357697
1372969900
332258870
1829592616
25380987
8943338
-1627155515
754599478
1335059743
-477630572
891504911
-1723991983
1085148421
-2075050150
-362430471
-1782633740
-158650330
83202072
-1837780476
-1345965957
-1398440729
-1507997809
-513408010
744901625
-2001078698
-1391551913
358944696
879165257
1001663154
-622437868
1933584514
170632802
340315696
-466816281
-883376844
1328083951
1347993084
1281477671
-1428243193
1868374815
-1554862211
-340098991
-734387612
2067329721
510267357
-1593794500
1137166355
-2001420942
-1075980344
632026512
-240391016
875447170
-1057859725
976877689
-524351527
-295634572
1659715295
-207983466
-205531388
1737748541
445867614
-1818994377
-1354775889
-432690544
-207873194
881184968
510460736
-1848675472
1116075332
-1877722233
-986699890
1740573190
-411732221
529144189
155771336
1992210100
-1333395378
-822448214
275791509
1043406185
-914762877
-116304766
1766107773
1470587191
-1841417303
-1812181096
1109813638
1768779042
-377168204
-2025029479
-1435409118
1632728633
-1258002425
1784660347
-1175751608
211356395
-1174063303
972896245
1041007072
-832093294
922300187
1839532593
389559651
-839063468
-298303238
-1327879489
123142594
-478896085
-1025740768
229142477
-1044988281
-1993704127
-1084487263
-1424463467
1610166074
2065660544
1915294803
929410069
1801002245
-1717649815
1535720733
1910734853
-1024137574
1383315237
-1857436812
113716998
1230482004
-782408743
1697065507
2127453975
1265135260
-1503895746
1777905738
-1993658036
-2089227122
1681817456
-1775511896
1988564928
-626794277
-56353019
-400788196
-1551329589
591726320
-1377279136
244982888
-1890097808
-413982121
605492295
1706295352
-497180391
-1626949027
-1112549197
-1846540958
574359685
-1380029451
-1868567321
715362415
-724405759
-155453988
14198212
-76103590
1956442325
-1218223363
964318554
896844183
-1749459455
995620630
955278530
2108114262
-1074776023
1986576794
148158250
-1302615800
1616318156
1123613401
691907120
-720072158
466742460
-5337250
-1115994252
504562208
706508234
1056144791
192772968
1938695884
911911872
-998446661
-664378007
1918986943
633114259
-489354265
-378989293
-865301976
-1245770791
-1961665398
-783922992
-497438773
726135160
-843013373
1841168818
1463410252
-1249781856
-879048056
1449525379
-1666700882
1010316794
-238640823
-1664974823
-1842838251
281221153
87811540
-847265555
-1031853869
362095952
-954579269
696269294
1242158241
309718877
-1789118349
-1537441133
1106539052
-308429594
860276095
-902870482
-1313416237
-1282981175
423869644
1096347784
-1964913745
-1147207463
784720479
59478953
1595750099
-968935987
1756169773
-1926650122
630888660
-740123013
1570383177
1611556737
409072523
1298625607
-972949180
544784796
185108249
887054037
30317008
-314147921
2009892395
-989836027
-146336602
423017035
1040271998
-1642764000
-385998935
650654078
-781464155
1368300622
-1728624309
2092472168
-1914213879
1816155467
943999791
728771598
1906780209
-1572043174
575824656
-721589650
-1696064444
1103695481
1144640992
921843410
1076729803
-775487019
-1059061452
1756700265
745026490
-1247705728
-186736930
-554796013
250934960
-1213058464
1730748123
115512955
-1435362435
-1644940438
-1886176401
-2147021974
1631271909
-302083312
686435214
-533521318
322364323
256994295
595859326
-1666207670
1119604656
1115222253
1161802681
1365581520
368336324
-733708262
1059595799
-1397614476
-611651555
1837053300
227514668
-749191110
349325694
-193286024
129311214
27282048
-917953158
-1382809322
774953883
2124461322
-1350004495
-572133396
1168858585
-240161701
-358562085
1457198519
-1139543778
-1313344954
551589188
-444238330
2077959506
1874123203
910134935
2093519152
-789729615
1915005958
694389534
549331335
-1467634442
-1807775027
1790852809
-1685260339
1839644853
305406969
2043143981
191671014
-495217912
1627900512
-517450289
-1912074545
-787369107
2115946465
-1880106333
169584334
-1638207506
892288183
-1877617969
743212778
1864993666
1420959762
-1047863372
-1694017378
172947123
-32819741
1502153261
-1510050103
995815040
-1730540041
-1079224807
-203860761
-1728895612
762536007
302156310
186033542
110746455
1520654989
921251728
-582618126
-2042886605
-472992998
1266487033
2094310706
1212543706
798069990
1338944601
-654994376
-611877193
-1990674199
-750548983
803847507
-954249149
-1285406552
-1144772678
23309543
976662954
1197024786
-36492356
-1071209120
1036906925
-1818798964
-1431702403
-1633832860
2121494218
1866973001
1346083919
1429606215
1153282201
-647821089
2110212461
504086211
503526264
-485060585
-760275905
-1087503896
-2125411734
1053750788
1289305564
-156424111
21609276
-14913194
1546965713
16909208
1487599849
1563984623
1515509280
108183563
1994203199
1532616630
1940856971
-1239411553
714545857
1820107691
1680744465
547421732
-867333169
-149806532
-156761159
1606580666
1732865028
460122070
1454792589
-664538493
151156447
116572350
-1835692823
-306162023
-1459597660
-1016604384
1197689589
234817346
1112504964
-1421653400
1099457391
-974710686
1489347323
-634476080
-980330579
1749193520
35827833
1222077497
1735809506
606515244
1272098884
240268094
2140346015
-1355727792
1139712924
482170758
-510455139
-317022843
894999839
-338607014
-224419655
-268490152
-1649291154
-404588425
1432925247
-205928211
-1095796719
1069695012
1550979946
1842678067
1161672087
1026063493
1369615915
1110912601
-1775382527
-1289614287
1839996201
-1509893248
-1004571552
296003843
1589415177
761092017
-886383427
1042435885
1280154094
427728144
1456210232
-1409056366
-234430653
-655448238
1542272883
647036755
1305690039
553825643
636609584
-179650902
1370761609
1523872396
-259513544
892551415
1892571909
-873448884
-1022195330
2054394904
-589305011
-634983388
1542022532
-1355967235
101161820
-1377500639
-1815797250
597116794
-691948728
-564666668
-1566986572
1775458143
696184775
-1983543668
558175148
-1029171515
-931249165
-2113259577
-185494905
7835050
-1545964719
-59599132
-1808926165
552627904
-917977073
1684037917
1086656674
-853998207
-1927911028
-1533879627
-24692927
533885318
-2134501602
46885997
-1127764724
-972831975
-1853338866
-937810884
2021725017
-696136440
-2082207257
-1666904770
371923122
-876494916
176611824
595104491
2122673663
1404166537
-1063854346
-518102132
-1220908572
1140127814
877229646
1637582315
1904082536
-814598112
154054425
1867355722
-202119978
385141675
-1429206327
-1221960043
-1804459033
-1498199751
1949757924
-1620820518
-941403104
1195944303
-1660664
1051267832
1692288633
1865257748
840045102
593010326
918483263
1666846764
-1399472590
-26570665
-1251555526
-811270075
-1379724654
-863259829
1334369554
49798160
-661551243
-193139288
-2067234578
-1916625358
1251426799
724961209
1211574365
1535436124
1920634499
536440341
623433849
1878959000
-727580696
-878353644
639921225
-1226051866
-603900400
1113740159
-366518937
659867399
-969109147
-1936375162
-305466654
1119020184
-46246315
-17268490
1045625445
1908204897
-654572272
-382983253
1653370776
1036478958
-355276400
288550210
-1293634106
195164255
-187750439
409444115
-175618113
81705084
1788921986
-1899895458
1457652223
-741253876
1949731187
-1828629821
-1597871345
-561852826
-1959889169
-1933041929
1695063594
-1164154296
-523726636
-401171276
303873060
-1322849049
839385121
187931377
572917383
-1306110138
-1082941255
-937613997
-1209726721
-19044662
-38870170
-1134536734
-1749256969
-619154930
-1070576608
-722585089
-151415933
-1685537036
401281166
443470997
-1323863680
-1774803460
-1458201908
351467407
281422329
-1818093864
-1651575698
1056465545
590475980
-124890561
-1593745980
-558152503
94097292
-1561400063
285250911
487278704
1913654953
1564045403
306615252
-1316381460
237302990
1807756172
-451297345
278443184
1483618954
1961888423
974380554
-1231181273
486031409
1486128811
-1909374354
834568165
-790094844
1088553680
-1652292550
-1773686753
931915407
-1288164573
-1352713389
2107031389
33089874
-611112876
160074107
-485570963
1544262563
96189646
-363957291
-1317591142
1484216786
-810311928
1999524008
-1670126818
399696526
1255974170
-1876112029
-1463140652
779036294
36607379
700731616
840676657
-393320877
-860311159
-225657364
686579573
1987713684
-504804368
-1591977465
-9875683
4538970
-773389777
1531567207
1236699803
100316102
-1528010256
-2049840829
1859363144
181228273
1649428535
-1027441331
346098329
1121604363
-672029258
-1976365697
-746601327
560719302
2120242270
871915290
-2019039882
732757236
1787804217
1450138603
-1897261881
799343214
476771702
1852466896
-463790228
-346248648
-1350652475
-83823494
1202199343
-1434762526
559818469
-1111921549
381996394
1807624240
2108582010
276928098
-846378750
-1583203331
1394315043
795481997
185530259
-1531868837
-1138124084
-1604467552
-960724500
-530221569
-200061376
1196805036
-65844291
-1213192740
671020033
773323377
1752200847
172356877
1358568539
329032928
540975091
1105865719
279619766
-1123160102
1300549374
1569739182
179615788
153781310
-1653455628
-1319780200
481970523
2062675490
-200661694
208494927
1339204987
1646341215
1473063089
-749621301
-442177358
-882232237
-1972449320
-349212992
-1976419418
-809931295
42387666
1170058565
1594987092
-846697540
2080799793
-1998716234
1051198496
829252581
-716835534
-307616550
-1962536660
403385457
-1678075599
-1522385849
-37525268
-1417822065
1805476447
419535620
-239598087
1436258761
-454192719
1576384880
1309324070
-417060470
-1617425381
2060295523
-1325773359
-1636245793
-2099587330
1513492370
1766349178
2131010689
-1551931426
-1007074505
-1132414823
-381406445
1140702039
-1283533839
2143526571
-1699736665
977626961
884162024
359927693
-1327608186
-1664541582
1462514740
-176259058
-2075540944
-1321448748
617707903
1427139519
-108435807
574217719
598220520
-1227688948
-1818099498
688276473
735595818
-481829745
868289166
-1123142652
300153853
1393129635
576180821
-823728122
1132936124
-1750901192
393877437
-542392921
1377891655
79884774
1557374958
-488607112
-99793878
1339826243
1992080993
-1212256409
1632161534
827316345
-1406325272
-901326981
-1958297073
1021778962
852137457
-1411756612
-1034334146
827242517
625879050
-105732494
-2102993367
1147992919
-213728857
1957296018
899955592
1714159114
-505127389
880655477
1504612058
-639086951
-84531964
-931921717
-35268800
-1185081416
1744083075
2066990798
1628645543
535040950
2052958282
-553575238
24380973
-1552883435
1293986943
94410107
620134077
-149648292
199527681
187504808
1544024059
-1034984662
317888752
-798605904
1725076327
-565943154
-1703357837
1185719890
1139030460
-683482474
-776031564
-1723528110
-1174742887
726673701
-820794833
-741214615
-78000541
-1096532471
-1477517012
-1602271108
-908787608
850005580
1177287817
140124945
-437438648
-1807442742
197716669
688047614
1395350928
1746929156
977599769
-343053726
-1096907609
-1058116302
235000143
2084718553
-465906707
1625171614
84594488
-1858324246
1528153632
513258287
1404059345
703115972
-1990305534
-471375549
-726713722
40043562
1572213560
-1172330814
242221491
1456476074
-1501952907
-478246801
930639719
327087380
-1227283497
-89021823
-2117559958
837180970
1602728080
1329178226
-1414276224
-1076010348
-608864055
539451926
-1255615761
283784982
484911810
733586414
914296383
-2140136444
665916477
453284029
-905349824
1244217076
-363596772
1111506524
538488145
-1678736459
-215825847
-1176131638
235470302
-1683330944
-1448963627
127815303
1487632682
-1654949523
-2000424605
159128865
1225944398
-747763928
1420258759
255090446
-1262132864
-183495452
1230314217
-1921916484
-136240232
2007871886
-739686673
2080346854
619489744
1209741382
-80299109
-1446105047
460573899
1631974410
1107374576
1726798807
1208294872
410632884
2046352411
766880521
104881527
-1783377114
-842389103
518815994
1014453787
1079773890
-1205655180
1906297747
406527793
827334176
-809357510
2088760641
1615596641
833849594
1270324624
-463757298
-1425879789
-575499925
289340283
1069284847
-995262412
177588824
-1942898751
863885914
-2017214407
593938734
-1235730810
-1795610340
1971383139
1446904525
-1627110087
1964125800
547630148
-513997885
-1247186768
1772917810
1510606466
-1044940867
-1378371183
-643170115
1875602395
1472246841
1263350516
807600755
1607114089
578468480
-401926330
1998742772
-833200858
2132731091
1588871024
236471152
-720358479
-326651164
-549885897
-1380225991
1305136721
-670668409
1698294245
929360275
1424079162
-1664714327
1153812009
-2107980850
517732879
2055987840
-443011013
1664897174
1782533800
-1413938428
212857667
169059209
1485968404
-262435171
1654479611
-541789174
484841953
1405589789
-2144107886
-1404171180
52880794
1329786351
499461587
-996862510
-301323632
-709745007
-655126394
-1842915667
-1574340131
492581951
-728258538
731755685
1740140198
-319794960
-1816851597
317067555
-1715807585
-1018852475
1441748281
567136911
1171437267
-720739520
-940995567
1318792927
-1292510043
-1274141070
-1903612585
978848624
1809304337
-1741354888
2005712381
1900709400
-1277952969
-37543193
1988101550
1229224827
1323929370
1589237254
-115976138
1244962462
1998670244
-1463403396
462786848
-788990535
935540461
502703690
1401071008
-65286064
827418044
660098810
-563416909
455182980
-997094579
1425916696
-1565287036
-1935756890
-1756918188
436316385
-620047343
-894214644
1591688769
2082529338
1621920782
33674792
1818475206
-658362909
1600596489
-234631467
-301510762
1810949612
-1100330290
-1878860556
-1788426130
-2077013657
1152147724
1563290679
-354451112
1199344478
224004408
227462972
771733294
-586829561
-91473999
-834650915
495770717
1691861302
-1733253852
-1904881978
1192490475
-1014696174
367140145
1575802183
-1162591046
1177938955
874812238
-2055859094
-468402419
202042635
1045635563
280346184
1232674379
-182391061
869029847
1144536728
-2047638269
1217189416
1758164962
-170939512
-1208221392
-124320298
1998819010
135720911
310865597
1118595540
1727759162
-768278014
1212907082
-1374064576
-1351056264
63683879
796255280
620144173
-164201794
1872965255
-1946618942
83225491
272916037
-10785592
938486486
-1120243066
-1571514275
612125754
2026074499
2052390315
640668376
953910385
-858254805
-719253018
58382760
247929619
-1123373637
-1143533736
-1480166713
703277042
-1625444303
1500669320
401231958
-909687204
-553907874
-2050337057
-1323663095
-1225177166
2087202285
-340852903
-1120337215
451410743
1571529891
692294265
31153018
380772137
-698637337
-2065038210
-1768530841
804441877
-7634043
-1516006701
-2086636710
1898840935
-183630162
67952587
-184727
-1915947456
-1242381757
1750308237
-1804937778
-809795188
-981654702
-588331956
141901839
-1137391022
27711968
-1799196741
1335837790
2002701645
-1122522136
-1595277376
-809078975
272212156
-1869024093
770476135
1442504053
828407670
-1683270646
-992404199
239034640
-1268256448
-515288424
-1711758580
1665422565
1451598946
-313918124
-609888515
-9321941
853789816
344112654
-1078756835
1455144032
-1429529979
234353640
2010372680
1661343594
1391174221
-1168109544
1827940732
831183872
951992547
422918891
162617480
-922149305
276650112
1405994252
-869046013
-189261121
1691153814
-1615599354
1528261247
-380322464
-770199260
1979293958
1860146943
912127744
1646715979
902665445
-1125891419
1475773687
-976092895
-110992282
-650669393
-1138159868
201991365
-309734981
-1785122908
-2102018190
2084845235
1652133966
-1950980406
1734261110
-409654951
-1756906563
-1010405670
-2045046309
1828270058
-1106691291
1029293046
1156460000
-1149764239
878482594
841928410
312192096
224747816
2144335126
1498237778
-1571930829
-1138830326
1597599786
248324587
1288309460
-2003055706
-1912292206
-641423123
-1641440701
-1003493835
-1930825580
1361412231
1303266605
-214219794
-2001403190
1225686604
-904154551
1920377241
-201452763
-1618191394
-1431834620
206440546
-2010202058
153754856
419435871
1335240431
-1791947608
776822865
914066712
957720500
32020752
23728301
-2087293177
1327306885
1516189161
-421779465
-9598005
1862088556
1067061721
2028829309
-2088956251
416594108
-2137192391
7912731
1754061219
741071462
-663366700
872037035
-1027342336
-2006624118
-1971246611
921824443
512688842
1953601361
-390594170
-511579263
614118341
-1163258375
-940340513
-143693557
-1830821233
92831537
1476041532
-2057589830
-1713752060
-783422810
420712683
778943472
-1715018781
-1696324643
1526854533
-755189496
174981297
1317800515
-234400653
-581564026
-1027354147
646536833
-2114767948
1538906767
-86163420
-1943170795
-842666788
1096524443
75839543
1504208414
270987359
182164328
2071383962
1511948918
774819087
545875761
1612338126
-1259129339
252300771
-1458612961
1558292402
1110710100
12281
-987170560
826446629
-1645591456
-1984088867
134154806
-1676416784
1207852208
-1182886645
1257094641
-67328285
-1550219095
-1553328462
102371488
1978823741
1019159073
-757117766
613266084
-1447615920
847237681
-965230072
-774337466
-1726278811
-387958705
1204294912
733089003
1388620764
1956277915
-15153333
-1291601530
2056991127
1568866168
-1451899431
543796813
-487211623
-3202978
-1344279255
667748270
-392879127
-1174190611
-379843128
948397700
578418108
1110336838
860828950
1388184454
-1810497070
-1836616042
1817198159
1117128191
-294979808
1355287795
-1449988151
-1916071485
1906183598
-302508182
647047290
-347324319
-1230841406
-619962536
635101629
1980955029
2115874110
-2097637384
2034108757
-408264960
-1463801018
-1980624067
-1425836111
-350929126
-1402408411
1958440930
1242465905
556516199
1249476464
-10464066
-343864535
1265192424
2103685740
1372294492
1448983139
-2068432428
-1482518356
-7463989
-1933625622
-1337953401
191377662
-2145053775
316297541
-1070523462
-1568345976
190419622
-1033487487
138193396
531256877
-1825084994
-2123516620
233718336
1735280692
-674476953
1916302269
-1184484832
1050245163
1101699190
1194085072
676251841
2123770121
-1673000069
-1250305743
-515244433
1988277138
-771622564
-194986561
-1555194037
2042457343
638965793
2031327411
1636494650
569758685
-562678516
-519807702
886697248
-987158731
-44996884
837138144
-1502620851
-1112618004
1101042098
943097917
-399817929
-1243929491
-1402286268
385402005
2084066921
1745206916
-690908783
-846910804
-747004229
-1993737331
1756926436
394371959
1463982019
-1641572659
2049761661
521685289
-1430045813
-1407537633
-271323299
-823567763
709602947
1368994002
1575262049
2014485999
1971992249
1260247249
1790545554
223017504
1163194951
2126975492
1529725115
2126071098
-1061945077
-585993226
-1930923206
655987074
-1091037795
61059512
1590182171
-1707836980
-520838787
380642308
-218545054
585118276
-1724641140
-1818865244
1916010663
-2080677526
1030735805
1975196180
-110632216
139330910
704437004
1279026790
736979610
154986845
628731566
1570997349
-511094783
134246283
1326970761
-1665167363
-2108998719
2027401970
1738657510
-1854763302
535290804
-272808502
-1676685980
-406707634
366452988
2058555386
-1150197457
-1322847369
478139228
1661931998
4707186
-2044445280
155100611
361434955
310882569
1122179815
-2104096727
-1670027569
1518045819
-1759283424
1714156190
2021759293
285097767
-1165046535
2065909152
261834087
238176188
1486295390
-541992020
-1241080787
1077851118
-456232674
-770858985
558207158
-151924890
-1739930418
2081668893
-35043075
179610105
343006957
329925434
1307284111
70893340
767170633
1359852472
212098962
839194775
1941749408
625051785
-2077519863
1620166777
1370376585
116623190
1983351637
1018562123
-450201196
-1198563881
747466238
1161083784
394315184
1212222821
723505075
1265593163
-242238771
1064958924
1413834127
-2094898870
1107571138
-1670005402
373359773
-515875837
1539014511
-1300698012
-1259812706
1503798836
743834406
1851105646
-86875383
1838273423
335132486
-1855561361
-549005742
1770034350
-2061850583
652842153
-912252561
-776907196
1880716607
62184207
-1546149993
1938923413
686178426
1473827283
2100568140
-1357028313
-1093095443
-498917828
-277677157
406961337
2127816111
-386543171
750233250
117291892
-2015915515
-1035437245
-1220441006
-46149792
1485669311
504920526
1839214198
-1770951911
192240354
-837589949
991548148
-1786125631
2101756295
329226879
1283014993
1721546040
-533147902
1435784111
-642034566
1197913226
-1251378875
20168158
492659904
983613865
-576309114
-2047933745
-291910108
-753528997
1660961056
732251660
619714260
-521723787
-559614026
-1534332866
-1255507467
-1404963511
1896842142
-268444737
-1561666909
-261415844
1205248891
2137273965
-102407371
1870305884
-1435457493
-1154667327
395269317
636149072
-1467893276
-2122206689
1970064110
-1136185583
1457965977
314636911
-1248823337
1747606264
1056039074
-1214229
176987248
-2087355688
1400015003
214464570
-767246085
1974607662
-1552960117
-528048194
-1006374450
1234323094
-1188671416
-1246299607
-835484586
1639176321
1597124378
-1317318314
1531619423
-248211675
-1946332514
-322309290
1615808913
1358871732
-1091859219
-1520552760
1170539837
1728427984
-646514947
813581420
1718564953
1529723709
-1026303930
-1391320070
-1038652983
-403696424
620291240
-1376724432
1574540512
259620807
-1470958453
369504809
596383781
-1340152335
-29779128
-1488675851
1861307481
-539474768
732708807
-1468267931
-1514338376
-1791448891
607492968
-295196122
-2024238721
-1605012084
1246610214
1053978128
1727252910
1853778800
-1519313158
-1026429760
1444579599
1540039072
10810236
873364323
-1007583882
882501378
76046800
-636030508
497944137
-93897113
949682623
-719543319
873518402
1914989056
-2041546204
-1134224374
937645939
-1717126639
-535118967
897870594
-252433782
-181366044
1963639056
-414441191
-670096810
11558399
-381551721
1703429218
691118729
-1319052648
1382861591
1516558416
268718271
1329168712
-937383348
216779407
967795391
1767173887
-1468075877
1253333265
1554975999
-530674888
-601403857
-623229594
1839322477
91741549
1737713252
-1159435952
123915884
1578714572
363277416
279412886
291372572
1970867497
-2049448417
-1616167912
2033022430
759103542
302381383
-1436224989
946986518
-1728443918
-482089252
150765574
901872179
-1389330081
-611903298
1300574437
1941235947
-214229385
1256547728
-2116174388
-1815534389
1101384288
1942777570
856144646
-666728210
-590299426
-926007919
2046297775
1890901516
-1069569784
1383121005
-1209594744
613462966
2108408638
1914966301
356578058
240552415
-1496769958
190686015
465765821
-2062250338
419328548
722780627
794095817
14414897
1918008587
1656684249
989962701
1982276420
466115346
-323913417
-1185095185
-1812312717
-1970236408
783686880
-1092616909
-2061753331
-300744453
-1963835085
-627504368
1448916763
2015975662
-1993455200
1395502144
1052557472
-1104587575
23342225
1693143511
-1968709599
-2015846768
-25885562
-290692713
1838713447
1549008856
-616296574
1073400706
363114883
-1885961355
-1753759579
541975727
-421631727
-991658376
1644677146
1724554081
560204481
1177138264
-657902286
-1597351851
-2001756397
630786670
-610789679
-186769062
359501409
-2133885274
298860040
491311399
-1189159390
44258675
1203570435
-1992001432
-1270120852
-1243368701
-1581102043
1293171737
-1454543942
-1629744204
-1166088335
-148552425
654682351
1454528453
709584427
-376007436
-598190694
-236104112
-1484926274
-727133174
2136827003
-304272521
33929440
219442386
-167266746
1182643678
813811699
-95057802
-1042506586
1929312088
-1692223570
-773668700
-1586361980
296111332
-809151748
1849465508
-653660536
-277433894
-51917532
-921624660
1946521823
-1271037343
-2068003543
-2020596109
-346827457
1669624099
-522151053
79831555
229230632
-1648319420
6028718
1350339027
1837426283
-702403185
2129186033
-5492972
1525344751
-1209642510
740082211
1298076491
-204267854
-1656597460
-1787857766
-1602448353
-899578866
421770948
-850942204
-642514829
870071869
928917820
-980025718
-183047497
2059934751
-1146186618
-197031886
1012255867
-501140166
-2105673033
-317935484
116051781
-479140863
1573264890
1574932848
1843908259
366125144
-1205525818
-1043416466
1457121154
1024294487
-1085497005
-352069913
1300637889
-1509927602
1489754697
-1776298285
610810113
-50670840
670827194
-654017118
-1458240066
-2088894636
483449682
-714245281
-1590636637
159577024
-2134964531
1939829779
264841241
1796131751
336384936
2096470375
-1764183008
-372830098
1375300891
-1887651188
-557594526
1806312970
1483843397
-1923813793
-755355003
407075780
-1480009047
981547975
1490797504
-1528068800
459244248
878634081
-507350864
-887111749
881366128
-1250675361
-470934932
1375684499
1620688452
954270381
1027298518
-105070068
153225692
-122081196
-1219510732
-1382113456
1829080863
70512163
477871102
590543031
-504090802
-1138718325
1614459129
2079100745
-895710412
2143025610
2067267716
1571991168
1448847515
940608076
-2108656847
256243537
-969082110
-558151859
-949170025
-2097653907
807781260
-1668738878
596361829
1834397891
2000813114
1461155705
-534883142
-498666167
-814202276
-2000435073
-1539594316
-771376388
-1274186684
-1108022591
-1251629497
-1130722267
-956828099
-1535970571
1021433423
772437980
-772943173
-146173510
-414804505
-201021743
-885511725
-639582211
2098092539
1732048970
-1307991059
701058463
906478107
-1016796313
-1480795209
-1770965420
-812477038
284383405
1748693852
-1295130418
1946615223
133152705
723110133
-448222183
2040893826
184429939
-1140556225
-400789688
-297531807
-1573585410
-487045234
773377873
-472671668
-166330483
-552946175
-810905803
-300184810
-1197950719
269349111
-531218845
1020473094
-1261709071
-138767679
398780766
200049318
829427954
1900944536
1498984605
-1348911142
1078911255
-1979173423
-1002870351
-2019438029
-1892411461
1692412495
-500715859
2001124485
-258406019
1534024760
929497025
-1051049034
1971111307
1688509674
-1208624344
348746457
-137049565
715104560
2018832196
967363706
-2118779561
324207792
-1332950266
-884327109
957214224
1988006056
-650923885
908534687
-826236588
-428164647
841707044
1371701541
-763400245
-1687582270
1810456877
1146398872
1861334911
-118462703
-459733055
1498611109
-1408211486
-1058967210
76268596
1509661101
1679924757
-1200462855
-1217480959
557181404
449970023
1829385326
-471215378
1066834554
566054939
-259137626
-1747349651
-765041791
848334957
380115656
-2037981883
1181780590
1896593879
739171104
1985429873
-967365284
-1362514288
-1182471849
2125019720
158903117
-1541857964
-2054884379
187650781
760397259
1956207978
1147589826
-1302427480
486873007
1610254051
-962134429
514516837
-1033986752
-1888466145
-1291631644
-795377860
519932287
-346336875
631206017
-129165023
1539052736
849681618
-912825782
1388137853
-1909952388
-628704319
109812759
-24256243
811609189
-1171076307
-1290763592
-362640374
747919547
643795844
-424167055
2128187274
-1677919778
-583659810
904810917
-856572634
1985454371
938984252
-27147824
198628571
74858218
1157356820
-817309766
-377791179
-484408849
918185485
890051049
-566928983
1155225568
-2085424122
-962311082
-1224375485
1045390128
-212251556
-1146024860
713484160
-1421837781
-166561940
947697677
-201387652
1586856777
502335574
-11791266
1826955600
672219846
1938267396
682845988
1639478709
-346952335
303356522
-1381632025
1097190380
-961112892
-792958706
-381146089
1090779618
-1423523788
1739896267
894087813
2124392078
-391526454
545880785
-2063044076
392144030
209765363
-1542499089
-2130169936
-306064559
89073299
1336207636
1763581821
239774118
906711391
-635281902
-1367812781
704630710
-500056725
799026853
1000884330
279472734
-229996542
-968190028
644144721
-413926112
1350203573
1174873814
-1463307995
-1538062774
919983286
-184144617
-855341826
517650776
2109510502
-1129178630
-221699924
1614773142
-588462037
-787807550
-143852126
1699219209
-814656121
-1600333331
1029145394
-908765297
1583365478
153295616
1924284666
-29768123
297607862
886369930
-555754338
1448867624
252301372
-1702819230
814196407
359169278
2069354661
2136003122
2123434762
1201624950
1481352155
-260146119
476663804
-453464178
-1447920230
1573011019
1755404613
489584180
-246253246
-151599331
865624548
1986971952
1102331630
1622509503
1304682834
1574257216
-334228028
-1330671255
963907577
436704388
1386790798
1670384505
-1778925849
-1892410340
-1270613622
-545159748
1224308414
-1502133233
-231098755
1480567532
-1977937425
1268180590
-893884915
-1875699847
326387239
290523832
-913449648
95246475
-622079736
-2006079872
486126751
-399026360
-743818212
-157727667
1961307824
-2008763310
2002807814
1242084544
1442184419
1740822419
-603230470
876883452
-1470466852
1008908348
931282542
863665473
1779632977
-286744310
766601233
-727503142
91891748
1488811210
-1674325508
-1681862599
-300374092
951138079
-1254683097
553824352
1863228783
-300491389
-947064547
328712833
2108500907
727559307
-1582080013
-604338456
1899332790
600614254
-592017034
-1852301800
-1822529237
1363724231
-916390237
1362291252
92452743
-1835586663
695230043
-863804767
-1183784709
169359252
918325335
513801704
-1812179069
1359574934
-693466280
-1512090144
-403748554
-2010130573
-937180509
1500899851
-1827914529
-727431687
1625085612
-381475776
968123341
2056848430
1128240401
-145259638
-1849641753
411968731
-1006251063
251138384
-546757373
1473249357
1556272029
847348917
-923365257
-1820155814
444323286
584038465
1555114479
-1708562270
-62400201
-168536640
-1991867776
1724546838
1761194541
1783749738
-1459650819
-490620738
1935077956
1021207875
-53490039
-665907530
1972458205
-408696379
-1026705811
-467083399
1977587486
-1228336965
-1120254165
-1709539231
-764536535
1623934319
-1590735149
708567918
1638823567
-263578361
-1349935980
-1713941178
-1198452730
623840811
888891797
1356765052
-911585190
-1237598485
1889270533
320920340
-370086239
1702292704
1476841840
-7905466
1222746034
1740452752
1584265556
1740028034
-1784157481
-1808968426
505958644
198116276
1488131521
1904077058
-209856661
-790263352
605641660
-272329346
-117352189
2037815152
1151001635
991246001
-1159197497
1438027044
-466015211
149002343
-2067466410
-1433048214
1567545192
1701357041
-1659427078
-1850187945
-832627491
-770821047
-1586029320
-153021611
1024672149
1466092154
-1507788759
-1066219483
-196094012
-2009789378
-1319226167
222394919
1123202211
-1132680472
-1339353714
836212441
-1050291797
-1920401276
1923156476
-148699491
1891798271
-958678724
-1921997321
-1002271042
-519832279
582627068
-280297831
1362677684
1985891337
-1123656871
1724088389
1088054183
2092715273
-996506706
1815122428
1369497905
180601493
-1720646776
77765102
2137310824
-2032924982
-694953661
342767444
2140966939
-1485173907
1214634228
-1572878980
115310938
-250616546
747743625
1551596581
-1789993157
1525503436
1594421295
-1156660980
2020648155
49416811
-113226253
-1123254586
-533531741
-1383497756
-59042901
-55077680
1920975820
2111030093
-1614557161
1933292772
-1724081884
-2070052519
-463659966
679887245
-1039515631
-528148206
-364361170
1756758525
433379030
-2058246715
-935994961
951172894
-1467701483
-413387716
822990743
1138957798
-2027646060
-1187342542
595364627
-1894495505
-1260708285
1490980611
265426260
-448509114
-1990243715
491993251
71952241
1278150274
778231694
1248720848
1639527051
1149459992
-385888395
1399279755
-1728989647
781379054
1489946090
1268999107
1578668294
-1259597267
2015962017
-449248429
1627846561
-2079789477
-394729008
1380028719
-624626252
373928360
-2103617041
1743461849
1854709103
-955005817
-694989378
-739673576
-356103898
1549994880
452758412
1434071020
978637616
2091158340
1695652533
905615036
1251141650
613333505
4054123
-1588693295
751883997
-954396169
-1973556039
-1622609913
1295287252
-971392693
-2104193083
-466577471
584278353
-319204581
757772117
1116930589
1207472872
1736068562
-1020056429
2066426472
-469262644
-1027980612
-1863087596
1809936084
-863088271
663304924
-425807338
472060776
-1222723725
-2132022019
335502601
-163938249
1538544054
1463503110
1434704976
842051284
-34215987
274785426
-403354296
1381202692
-1663591265
362093760
-197101432
-888943947
171387207
1073545542
-1101602454
-232144593
-1857658308
1557355724
1301465546
-35884663
691432113
-1465291145
2054237709
-1062353827
-1411892674
-1258215229
153156965
2078442686
1007507648
1028393365
-627633582
1206503530
808318076
1299636112
-1429557397
1759913788
255309450
-1512304473
-1296661410
1263433187
-1091896976
872101362
-2080997580
-1294796840
187844108
-1913773883
-1030033959
-418431859
2122988215
-1115644674
-196234277
-580903966
-975290201
5342367
1785632882
-1195866660
-491736171
-105318244
-1818758977
-1631118952
1923833759
-1030171916
-2142426536
812234621
-1373669009
939107845
-1565984252
-1182039376
768242843
1688722716
1375285954
-312670772
1839684686
959042123
764578064
916287186
-1528131032
1637936511
1845937769
-207153570
1421875043
-1481301807
-1651756786
-2107587044
-1371356106
1087067676
671951881
-1671925127
379916669
-742612529
356733806
-161260643
-185968487
508382979
-340682524
1550502295
286895508
2130712783
-695917469
147576794
-4081783
1691559131
1520237886
-500956185
-533255358
-1187409101
477413220
-1312066741
2121124898
-897730723
-508632862
-1814485812
1021712197
1793412781
1237273515
-1768128289
-165151515
-726513706
-369143909
775617884
-639284225
833613764
109064377
819447924
-1637567434
1067816873
176281020
462860002
-847216138
-1627060138
-305702192
2016063840
2073196764
-1480829237
-1487172455
548666716
-128421804
-1099436528
-1225552009
-1950860053
-1938581885
-1139088826
1010710284
658207229
-1008829081
117498104
1532154362
2007945426
752113213
318657206
660237809
1087262124
-2056913118
2135458276
-1799694360
2061291974
-1499478275
1907940047
716889257
2033863556
-856880229
-360998656
906726803
525209067
1217730075
-76843563
35294619
-1317850286
-385951349
1214327884
1254992531
272365401
1075804115
1121379874
1535657647
-2009318374
-212750127
-793975268
-1621141949
-690311521
-502095931
-1394736221
963179985
1219182227
-872256785
-691549290
1331747907
-1899176645
72206710
-359441829
1152068980
-235948122
-2087746676
-1333181641
1012101364
843604003
-2004397874
-1830020896
-566382324
-1358456078
-705316624
-811963569
-627309057
1429586495
1052957337
225595097
-820309613
-2142505653
-2087699317
-1166163840
-1755566385
97814252
-734786298
277904262
1316772357
1811898167
-2036436114
2004161603
903025938
279856250
-1718626261
-279942088
-1241199645
1179139952
1586579152
1220531043
-415728324
350391983
-1978773890
-744002860
-1543984204
71359845
-327023478
1324063871
-1941710077
-1391087293
580848989
-878068652
2077302144
-1727577160
-1502294116
-1020189044
-2083424796
1888238178
1192375688
1094676294
767496531
-1896418623
961061030
18315089
-1504207459
-1220717267
-1455950943
221542987
-303087680
-361340151
192337519
-2083034646
-1843532111
-622463943
-466052941
-675403111
211891803
1728206800
1963218530
1362724166
946382567
644271118
-995671384
-506469766
1885566014
-899612279
-347718388
149430953
-1341519413
-1007215191
68228306
-1546049589
1275500165
-584650664
-782492000
-193993685
-1374956244
-1040822022
353042531
-406388098
-1978034990
-1829251429
411162483
23624502
-1453144676
-1251582105
2063604980
627223320
268504521
271391582
1570434175
-2072002805
-1696716045
-1738994105
-1891462910
-244872909
1794876309
-2050212635
-1147569180
23139134
2126875853
1104804200
-2094986644
1089110525
-1314559902
1341588262
480427363
-122479050
970350343
1008692618
-452802825
468489912
1691114208
1581220428
1846743777
-358232146
1200866886
-854846750
-322163510
456315704
-492309817
-1333138122
-1111250710
1372239671
-1541772176
-1135908968
1510863602
-1229091736
-1882866355
-1637468171
-248273108
1462872756
-1209375440
-1047328183
-1128212001
-75960635
826083761
-1307866543
2037838071
1711520988
-1470553482
-1932340091
-1752173595
-1207903007
335259060
459244101
554464708
-1844018245
1402829045
157140306
-386695748
-1852695071
-2059556325
582174335
-755101269
-97407183
1806152868
-732578905
1318995713
-1149051904
-796764369
-1910478623
82574827
-335483023
-1757954754
-572260110
620735155
1021080330
1871708476
-1615881981
1072025958
-1796461692
1021528770
-737631341
-1159981130
-923758879
1499008277
766715566
506663202
2018510788
-1610733069
1158324574
-281138861
822319612
1691614350
1509905506
-160608055
-1194279839
1133940952
1590878749
1447186358
1583774691
-2061989119
-1746241071
1452139306
2143370207
469205821
-809762292
1333725295
-1785092172
1012128202
71235170
1674648246
1926801814
-211597519
-1801393061
1326163698
2085845665
56995019
-1920404561
781261315
900735025
-1963464314
1865696688
-127423209
-41686416
-1942440215
241825799
192558157
1774372912
1827656277
1458218658
-1866157158
-1347451910
-1255672180
1188841709
230350320
2095726182
430991735
1979819583
-1133190500
-751060564
-1140645341
-1802494570
-804180753
-611235205
895011596
728609927
1904212512
1468432905
-1081858914
1707909487
-724047504
-921246358
-1614640136
431539438
-2019497329
-1763490267
-431511054
-1518418282
-411750850
907776004
-316240287
-2112108322
1412300085
-1562959828
-1835353191
-899684260
332175686
1773336940
-1982339533
173865523
1319996609
187591129
-491819761
-966902327
-90764262
934540698
-272183908
-1824721475
-786870839
63281919
1560975446
-827253736
-2084438927
-878656552
-1195529840
-193157695
-1525536956
-1373669372
289188467
-666695370
842552485
-991845049
76160582
1254489209
898013966
354586721
-1523089425
-1352950201
-1497963469
2118894427
-1635503176
50429583
-359809433
446172451
-1076670122
-994887134
831414335
-533830053
-1977251289
-169697882
1803076212
793104237
22327227
626688976
-1384844275
157318114
581082774
-1246436655
1096617149
800972532
1124438322
-1776304880
1070162313
1896377697
-977789110
-1481381606
-1701257299
691873921
657681749
1985733846
82424256
-535279974
371085392
-1585960963
-1105947882
456363123
455371200
-514741816
562001253
-961008602
1045725175
-1975349782
323116202
55524666
-858417515
-2138559296
736335181
-15130127
1085705041
-282006842
-2111919997
-1557828131
-1097581831
-1530162355
1660662515
74064313
1309569719
-1868223894
1421017499
2010271861
314847637
-2034406863
-1305274123
32080274
1343487554
-1368826077
-1310881195
1294623920
-496675562
52352996
342965140
-481514908
1368158803
1062902832
1063191795
-1353247153
1898577069
-1036083440
-2110797512
-1124589973
838620171
1352966216
2003921949
1056484264
1513130127
2100621587
957500138
2009190327
522010068
2144882705
-999744672
-1792572380
1622277750
-19459968
-710847271
-1455962454
-1568029738
-496566102
-2094889044
-168909118
-399002082
-1853045858
1779123926
-425387907
-1370396542
-1270050270
-1556183082
-1994809197
942282185
-965634329
1997315287
-1370542662
-144269045
-688760322
-1167119084
846181180
-1765122372
-445911158
1851903863
933583043
421063144
-2137727561
106376067
1807111031
-135689792
-517739030
811910260
408730698
1896672084
2075548986
113103525
-1273694318
1944990625
1560551453
-927477968
-1313701417
1600433614
-43504282
270112219
1102329326
-67397198
783156334
-2011152078
-967942074
-1693852007
1752490641
1957897455
-1548602495
-934566328
-947102756
2079492770
1853846086
-1773394883
1253395204
-1461513075
-339320236
-837939910
510479513
766634704
-573743909
-2075819260
-2128987782
355210949
-936472570
576616552
72242315
-2017087315
303547868
1807143294
-1238032475
523486091
-1346419640
-1876704207
1254362062
-1234826416
-1849812363
-665961218
1581873321
1356591415
-483299489
-823505925
-978864337
-568169870
-745953881
663346714
-349109345
1795071238
-1878562650
-1190443346
-51074381
-1952223502
-934021437
581459246
832359956
-1618058345
-761053943
-1749863623
1459584014
-762680493
1134794739
-1822841126
-528675193
622692718
-1368896118
463033612
-1636760275
730887225
-1380379471
-987647872
2056900334
-737307788
1409433023
-512081763
179254957
1145503984
2126925902
1906265287
2040948529
-2081853579
925577810
1906800611
1553840737
488381413
-2142622612
1781075995
559531950
1840000160
-2037686400
-2109860130
887121359
75768618
-1228243068
1836205354
274043828
-302627829
-1853102181
-472477683
-2079753036
946542838
593910626
-64360088
-874116088
-1603047123
-1992881784
-390104842
-664943748
961512483
1106944932
-1413092980
1524943203
-202171806
-763388094
1192584865
1477992906
615047343
1171452990
1793848849
-2092415247
83183979
-779490219
1850333725
1784190198
-1099194309
-1675569160
1730873270
1697266899
-1028770837
-1362117533
149634298
1814246026
742177423
682839790
-940147714
-45167970
549606379
406442403
-339743282
1377958597
-983118316
111715599
1058369969
-1871285798
1581060182
1770562397
59137201
-1022706920
-933048232
1410635936
-2097664679
537190533
948172158
-123310993
-353617984
165167275
883314318
-1261121354
598052294
-809071731
927497621
2075953611
-1299273827
977214169
-2060894709
-972184641
-818769781
-1814095527
481978677
-1608111882
219519981
84422063
-2003477302
-1324798470
116778622
-1792369599
-344152103
-224770421
-2118375463
87757937
517022185
1769125882
2062129212
2040241425
-501297055
707198134
2144857742
-1035840490
902315562
-400003801
-1125336414
627045771
1109207442
-1059577414
775004093
1047748039
-107762573
-518168004
-1042861227
-1730774303
-1230421356
-2044512660
-1723825125
-1398513308
-832351666
134605770
-1299083973
1184856127
-1245897870
-2139970379
1939544546
-759566337
1422602346
-188201804
-475865856
-1672349377
1144708509
74075667
-198262449
-1302958498
1800807192
501974193
1709618578
2141185138
471540842
1639934488
2115008802
1276467069
-629132594
746514126
-2023936858
821224926
1374410127
-423774998
-1510429919
-1258533110
444232872
573792233
-951652559
1540106619
1025608106
1154739650
-641988460
1091306472
1817869026
1738638647
889153007
477160885
-1795324742
-1849580179
1716745930
958063276
1385649503
-571096386
-314119713
1772991981
1779056292
977296590
-649786477
1835243555
1324753445
2088559068
1844381892
-1598372616
-495944785
1010955098
-1031792187
-110009398
-1371001377
-674570306
-1004873306
-393558114
1705440520
-400661094
-1409397320
-1185662380
345810010
762713066
763715919
-1055996132
842961215
961207212
-1262757431
1128708136
1858588936
882943670
-1585445169
1513667491
785198280
-1871444029
-1663520038
-1271929887
-396234880
13260750
-627369991
1036449495
624489084
974509219
955571408
1084932300
-2019587076
-1180396366
-433431069
1847746128
2112242709
-1242930139
857327380
1199419757
447050713
-941433035
-216546966
1540978204
-24497483
617242041
-1211975405
-1783911942
876230170
1547797503
364249004
-92128453
111380320
-1680306977
769019582
-1484180770
267858918
-482565876
-91918709
-854798814
1104960381
1561513901
1621296395
-176211144
1482375430
221346860
236769585
-120525511
-824819367
513955148
-1825515918
-966411431
-211757976
-1880872575
1957182599
1306541917
1730346148
-1685771141
-864426128
-1801443510
746178718
-1415347709
1202719676
-1167626658
728484593
-1586814453
1281114887
-832196284
-854414240
-880449025
-182852412
-836234878
1426668602
-1327501471
-2125027524
-1663083467
-151018747
1299539860
1184222422
-900372480
881695579
236763383
123888024
1761992258
-562768626
-1676703435
-1930867475
962454406
-1828460910
-769991462
813448104
141120319
-747868004
1233230890
-1496668599
829129396
-1041934330
616698157
1471051646
-682836167
1687960053
-940788978
524162795
866450335
1678212669
1246483109
-944907219
-2000723731
-933450749
-1325335470
1806118428
293189199
1074062499
-1758059764
1314640464
547214414
572762324
1271785657
1711288550
1619171137
987909130
-1352689729
-1363177340
1587873026
-1384859109
620798426
2078903961
-859727387
-269323483
-1373194192
55072745
-587140890
1365828014
453693602
-1350343352
139082529
960130827
-156849052
-898973531
1208040070
-1573914106
887862223
1933776458
782021580
1641583546
1953184629
-940894623
1608354726
-533879102
-141195659
-1640568135
826147636
-1439699822
104208913
493274314
-390871108
378787108
-1289144707
845793270
1247201689
1004160214
-1515222791
-51457007
1210715762
362597522
1854040865
1935209507
-2124221777
-1448951761
-1608760445
549811564
1398705705
-1496920298
-1395795086
-693245273
87830560
-1643445464
-579682791
-1013932142
-1156635023
62081503
1176761554
-1381089106
2114536456
1763503027
-999705416
747879235
-1759323502
1250661822
-245247622
34838951
-2133058697
-1265968734
-1017509518
63070142
-838921209
1695369130
-356876555
87927748
-32982797
-1017084113
-418516244
-1984028855
2001908990
-1717563076
1471845539
-1661971331
-629215501
1220964724
836205281
-2146344019
-448726311
-938004172
-1497884105
219135245
-474944923
261738740
-1769452387
104422071
-1307168593
637563890
753450554
2047643379
-187658968
1658528273
-1809525886
-263130439
200290763
681755645
-1281860474
66205811
1936562323
1697987987
1886169478
611247878
2063907884
755911296
2050610379
-2042019565
1086236653
1277100327
-124627533
1544084601
-1972399356
1491083208
1884041485
-1656771042
-601949454
-1051097123
-2135139674
1055755759
246575418
547064775
256777252
1825142564
-1165291436
-2083720534
-1809214191
765987016
1079036904
-625289580
1245292602
-894760328
-970584008
-1090141980
1762847290
962460010
-2077137699
-925259543
2101503313
-660610639
-1877866827
1993652425
-1264302471
-1216673858
-2035307237
177929380
634374075
-804313559
-31134119
-757899272
-324604994
-1749335119
1099364186
2923846
1877860000
-1124047487
625248931
198116341
1572278280
593928629
-1610515836
-1131792265
1403935355
708990491
-1871506806
995906218
-1105277969
349144893
-1206574025
1239547520
305390493
1291168671
1809230580
1410695905
246438171
107374404
-94880954
-1396911409
1600241833
300809079
-364531392
390401227
-1405509430
284454599
1308086840
-993260425
1785318678
-1952796334
-1021192771
-218172804
1835735630
282018118
-921040441
1686029997
1152565169
-1553329244
-712243664
1374328940
-1974732403
1914160455
-1722408093
985710924
-607076072
-1646766043
-717543342
205467127
-745165440
-1806303021
-1154718803
1954861394
-662023617
-191051698
1686086736
1471456734
1905307316
-838597129
1386726652
1308418401
975405807
1185347039
641580873
-898941244
-78864948
-656806075
-762086949
631341631
1919514690
-1579286692
568903124
-1022649422
944615932
-135467952
-1561444471
90901334
473449257
919856267
1254688375
-828281708
1208579984
2029215283
-1568309129
14568244
594872038
-1696666889
454466609
1928505018
1003282019
1245709323
-1293793586
953075724
1521905554
424350320
-88930063
441797976
1759877224
1061566328
2029125351
-805793740
135624856
949328265
-1735679972
-1136276986
-634861531
1169766689
-1609233968
-1647076699
-404716744
-2065395175
1961804043
1145034048
1362165555
1033407789
947724238
-146622594
-2127905531
-450067013
-1705123446
-1499730201
955092159
1589340106
1023771349
1996492929
1836176999
1018571341
-374970277
158557886
-1000530932
380447145
-403767022
1240021397
1641285914
-554293643
1833654193
1707930862
898474735
300739712
1093257058
629985602
1569746605
1743316503
-544618571
-1953242494
-230973358
-1277026425
1008141272
-1180978888
1590404869
-547062048
-310234875
-2128887316
-1666536783
-1726467076
-840148933
522170056
1674759895
-1441618753
-917469392
-852314242
-527348064
-543991393
-1591534459
-2103841943
1280755249
-1358647706
1276977979
1493455346
87178562
-649049290
1839034725
141210933
1666828017
1158916557
1081114143
1028584163
-1627600173
2101422858
-2006244674
-1255868567
-137802932
-276922192
1817426760
-55720111
-330384096
1666805608
-245867994
-173065495
1862157385
-1384633076
-1710750953
1660506145
-2110690806
1484447522
-5234328
1028929209
-1449287612
-1533543002
761179490
-2147452261
-282319353
-1621778933
-757287678
304410757
1754472812
979233412
-889439249
-98809622
-477756767
-1014150785
-691034456
-900829926
-1658813372
1161623921
907027708
1130367648
1066458357
2092246232
-10760257
793047274
876279333
-639782275
-800363078
308815151
567786548
2130007546
-655682589
904319117
-89072709
1569367163
387978445
-569807760
-1337294811
1063989704
809104225
-50802374
-1395529852
-218564222
278088910
23268128
-524230751
-1567188820
-570233411
1302206802
563314773
182393709
-651393335
-1676346530
-160516330
1130783507
918795310
-340938538
-966035500
-569677733
1808485567
949817135
-1021073659
-2118787601
-1174000611
503812588
1314590974
-622004433
1265495077
-1055094533
-59768187
-817014989
-539541078
-112506530
-1947969885
-1665111024
-298651548
1359496205
503909821
-1028146597
1314228775
563226394
-354172443
-690823957
-1474335401
8744214
1678150765
1333738721
1417787034
-368116045
-460836675
-1165179412
1534335440
-596325718
1624481894
597891785
1119540799
-206211106
350432374
-1019802103
1671117330
-596732479
-1813186547
-1839701226
479226116
-1370820874
1321959472
2125208439
117004888
-835657160
801524956
-1536699310
718553612
1770186105
671883102
-563677134
992663885
-599615666
-294571551
-558184182
672545325
-167181687
-48669624
-660437382
-1367850349
-1949501401
1843343934
266941520
485732978
815440748
1489399434
-1518680752
-661948100
-873612212
232341415
-36000200
-2065373543
865205261
28658067
-1337842434
1269805652
-150751191
-1291423513
483168347
-9302123
1434765176
-1401240793
1769794444
-1624883371
1958221198
597430363
-1857084841
-1527097843
-1915189151
1991313886
-2110478005
307898544
29760559
-342820235
-1626614196
292984028
1382963614
-596481117
-1114260146
2013042763
-2134668764
-680637382
1315345760
1524755343
-2084024663
-822711243
1913186796
257168382
-1653900183
504848837
-2092164035
1949442282
-2025167841
-263509079
121305408
-1320646635
2049828703
1126376642
-138451058
-251013789
1098448963
-1117446938
985952681
502669777
369467210
-1801409805
-1929891707
-1181842011
1012335484
-1661006809
-1184671158
1188100583
383185104
-396286801
774142296
17587471
-398104366
1594127741
-1493626997
681807615
718850432
-434037922
270477759
-1118709709
-1878624651
-1249891509
62793622
670175286
1103786057
-1121255426
1907211128
-269666473
1254522422
-1790358328
2036229851
-376670308
1962397183
-1655895647
538375876
1303757047
-246665716
971541632
-17906548
1348039863
-1823586855
-1405328403
-333136153
877319233
-575508335
-1116748077
-286294238
-1599854849
-318497291
2042604954
-337449301
1752353687
122543491
-767694731
-1630781226
-931747744
680818643
641386232
-575847203
-880562415
-559957437
837362924
1133270057
1942710203
-1592665898
-2005536666
1096704207
289388280
662211161
-1043759850
-207296420
-492874908
202457799
-1598408484
-994980139
-2100322740
-240373778
1121818016
-501258759
1848562597
-340796335
-1868743582
1881875656
113558847
-1158046640
-1610359409
-2088381624
1239913786
-1619711610
538325655
-1709953402
-112385096
-1224208270
-1832778565
692537562
1406739412
-1122773928
-1850323669
90450543
-620557358
882634089
1679082063
-997820926
-1213311850
-1203043039
689858148
-1163782678
-2147304358
426054896
67234635
-310102697
-1099333477
-949335268
1342963613
420743646
875545428
2013845989
-1880696574
18362676
1692241774
1614419177
-1214804029
1456318265
1020538998
1447657673
-1531109476
568956984
945672592
-1622492915
746463703
644846445
990091179
-747810748
-2016439147
794419655
-1948341515
1777077871
378553198
-2119564050
896263057
21442976
1167697212
1347658374
1252068743
558863581
-996129996
-1479254091
2071853052
-326966967
1674247477
-2073071389
-1874672734
1268198789
-1215709340
942399936
655893617
-2095665325
-1465287432
-903816822
-1282569578
-1378720900
405570642
-276078705
-1122212181
1107087348
-951353264
-857906191
-1591804631
-265534405
1702148833
-106032983
1352432922
-711574523
1969517788
-1167087923
976440850
197904412
818571021
-162567147
-1752839841
576266629
-1935818607
-756519781
-350432641
1881721569
1887581795
-893774623
-1829305646
2108482582
1588983862
-2099255272
-734897008
64459822
-1993761148
412604063
-928401156
957721982
1356883430
1543043273
-1354865191
-485691382
-1345827930
-1156271645
-1910921699
68259368
673111954
198737780
314116580
73193314
-1334780142
-72943418
-1856777817
323562912
764407165
-2046639451
-749285203
-1166694266
1975188903
1208908646
-1634237760
1844841243
1995129022
-246357206
196495652
1608118186
-419385770
324846692
-1657601339
1017138668
749107649
-1913626472
-1053396050
1473953639
-730265436
874014052
-515493950
1989551632
-1669579066
-1256280636
876608677
-162227913
-1316342997
-2117250160
995417850
-708920157
1146069601
1209193802
-1450490157
-839850500
-823348711
-1399041002
-1580003483
-1968524183
-962209288
1606888969
-517126661
1525546617
-1619393105
1234925733
-334173139
-989578682
-416267192
-745201756
2138384721
-22035497
1405130947
-686183436
-649289936
-960453178
1126219745
953480963
1659164156
-962934750
-1044971714
202853948
-1988103295
-491411050
1984057765
1374931664
1104032155
-2030303542
522749087
512090553
-1583364121
2037650441
-1022354611
2142334971
-245416771
1761553699
-1900737929
-870267092
-1892986531
-1047912556
558146020
-1418166729
1730608487
687174373
-528599317
-638514596
-1022808688
-359705774
-879008694
1308779642
-581092973
-395378004
819721013
1859010192
1182811492
-191106176
46055858
-1447457407
-2122907221
-1511460231
1085422115
627993366
-1065713808
1745748482
-1063505884
210474057
-1143862510
571591727
2084714135
-220788800
-595901827
-205664547
-2070363396
-249722729
1853938331
954639895
-1500466683
104925538
133416970
-637265733
912261481
596919153
-2138980592
2066402140
146526968
-1748894123
-1512096053
-13386390
1514605807
-1570583645
-1444242516
586937488
-707122291
860633847
735100198
1583938141
2004752357
-808400324
-1126989151
1418006565
758978549
1842877993
383583156
-1546633943
-1651889160
-1389687026
-1777721452
-99509515
-969904904
449328592
1242173382
-1379498999
1807827110
1154491697
2010640924
1896057019
-644778387
131787604
858684894
-1066054053
-624778812
478869376
-798664634
-1418871656
1322730947
-29712349
107658289
1238113569
1294312953
-2048031462
1417898260
1616187791
-1956228996
1199526447
2074479916
771326849
433632576
-425875998
-421093639
1658450696
-2075566420
1035149420
-1128703508
-1228552379
-672489622
-1631199488
-82029986
1053590865
-609629826
2108417875
-1640901436
1785794908
817382042
136071006
46466081
-949133800
-459208273
726396258
-808096837
1089941079
-491224633
607222828
-86149103
1532808434
1631426065
1467719578
1834158859
-388309267
-329217219
-184965795
1579196275
1056617432
-1344990710
-1155584
986230692
249215095
-1948618980
650218024
-1731439744
-1799819355
-436351982
1359239196
-469153370
-432958091
-578288168
-1493060217
-1722621980
690114713
147426361
-899974787
-926126357
-2126211577
1754015415
-4085061
1086545217
2123899609
723235486
-1495177678
993123707
-455036812
-707514794
-746772026
1156766634
1124615916
-1137400327
1903724370
-1723675115
577360295
1666962725
-1581415441
-1917821656
-1608656321
-1177775598
-8247434
1432032941
798854572
1655002598
282656834
898474041
-1532072030
-900237753
585080634
-727442200
-1530175432
916448306
1435127822
503757388
1550178250
2102166538
1161597375
101423265
77888799
-763989260
-179170459
1980924486
150108621
277532001
-961267412
-1218435480
-1291505445
-1342125333
215248287
-1452946688
1446263720
590693221
1780728616
-109204994
1247400204
-1848577748
2007280087
-302813754
1362098876
-1348467517
1371258210
1471381723
-1853801229
706141599
-1288638612
208872665
1607046221
2133392446
245535242
1104053416
-296817163
-321617539
448792194
267990510
1971748354
202755883
247075925
-881795643
-754018274
-384033320
649276543
1072229550
1205530216
1859197939
1138367740
-828267068
1336629915
-2108495341
-1384253298
650896692
1388549487
-2061432684
940717757
-1833018900
-1587773377
1202850406
-1056550881
1876436626
346940651
-80666335
-490448167
1412963767
1442435071
-176171429
-1486984347
338627916
116451604
1065977405
2058010004
1824968020
1515810166
-524587180
-1710560810
-1474361894
2119741702
-1269994588
823831225
1727782950
358173026
-1422612734
1799812783
-1745742037
-846837950
-1587878237
991326740
-77653182
-2089410011
592066031
-319259282
-887931619
-1188677076
-2077881189
-855612427
-796978187
554832964
-1614265866
-112824746
1939116806
-1941982069
1533632898
-1241457229
-627080644
1405926124
-39766843
1224938222
-949989842
-518117877
1980077665
410084903
1659855691
-309403544
-1569004958
-665030014
-6387630
-2120778818
497719255
1423890989
292613127
1445707436
-1941307485
1988413089
1108990499
-1750013801
790883476
-1653298905
-805483637
-491139123
-2089424716
1095040925
128763333
-974897682
1398957023
-807198343
933287
-469422457
-96553067
967530766
704770385
-1534602241
362615825
605211918
1211592028
-4356426
23046810
-750256561
36778323
-1877278102
-2078037736
-164176431
830056289
2051118557
-14165271
1537851136
-385653940
-1434900300
1656488693
1930471989
-405152607
824851362
-2088549633
1544344450
-119072719
1865762501
916792382
896940462
-1259998021
687282767
-1464986324
-1553092226
685772522
1101014377
-1650888547
-194125514
907112577
-1166096557
-309566958
2071064670
-1225031980
-382005553
1919564622
963702729
-468460423
-1627092033
1541410602
-1495712301
1611870784
127473421
990815653
-1230542103
1001591647
1410708682
433528127
745038413
300511473
821097625
1027591558
1026480922
-1146924895
-1836026802
1001144048
-1652533882
-1679312222
1994483921
1610370027
-2084689817
-161017118
-562671288
-950812878
2077451000
1644843390
-483772299
-1316158622
-432503076
710463095
-2022954917
1634645964
-1645584798
1019384998
-1772375001
48578188
117535497
759721965
-871777202
134125530
-160700345
2145004207
-54603534
-1971839329
-1021067643
-61428095
878368394
-1802306997
-296238482
-1717502943
-772288320
-371369499
983411817
-336056666
-1573652579
2095828067
-1767361437
-621806087
2049276643
1121929787
-966517295
1196061827
138188729
1850328121
1376485365
-1077228505
-1921063795
1103907731
-1779511713
690267762
852555573
-320395462
1000826294
2141852689
1370605911
606431858
1449107640
2089688963
-1877115125
374530212
2081995134
-1011298546
1115911102
-872127885
-1248396540
1568985591
1863692633
44558348
-232716568
546196716
-1183435359
-506270526
-876137614
-2042791483
-1087854112
98236377
280249812
1479478891
980775109
-550674783
1985547442
273129240
-187355512
1066963910
-1739022621
2019454912
-372625583
-1626695706
1999848057
-1807783730
1501515738
2104319844
-569753602
-1601494253
903498834
-1199357573
-1145625087
-1644740869
-1222010492
1882375317
-1508556592
-1713341695
-848024520
2060606429
-2029761914
2118335844
49533657
-1694897645
899127111
1934001434
-1851194025
-630645346
1532314058
-1093634555
1669418830
787413479
563944471
39515236
1350023271
3154404
1720150161
-541981813
-1297559810
1022277618
-1895325897
-2119377962
-1144375035
1968170727
-434126042
-1852970021
1678765863
1120430183
179637345
-2084226850
1049069104
387619958
1868491221
1385419401
-1936446805
526779983
-577396842
432426460
129774284
401687155
1211499886
799505250
-1599903088
-430650876
-995874407
1537985701
-501514718
1396578130
103734217
1852382435
1642473089
-530055242
1089627247
2004209920
878378078
601773726
2023287868
268796607
1591547210
1148202473
1211848677
197700396
-718614768
-1114290315
2072878118
1878523996
1498705247
-666858507
-89272822
-640976295
869035436
-1016947961
-1315081368
-1121438890
-489769642
-1216558971
652269488
-917530838
-1266024950
1976965914
1245210855
-1358064133
-2142690200
-219602920
-786145041
-779432391
110116070
1572513929
-350011636
-1547509298
-1325690124
-1741241469
-1482697309
-1745982829
-1494419871
-927823424
-1953763261
1194541573
1173748477
-142176658
1223742953
2112163896
-1162604930
-962655934
-1886442625
-20228597
-1833072473
-1457779246
-2026112346
1702979228
-393406042
-1746050012
-1153376075
-1739062274
558578365
-352659839
1575070208
-1402498263
-534018779
-1507653489
-1534468772
637344562
-1106373842
1801989022
608762850
-1149533253
-864858198
826483777
594311411
-2073180500
-489498740
2055927073
-1535988099
287181090
55333323
-706247923
-528330373
-1009725529
-1045208693
-358349228
541469378
-620576348
-463071617
-249119402
-1983571975
-1896173549
1936686984
-1684491176
-53831448
199807864
-26328158
-1331579240
1710517494
-1209567983
382821632
-875971423
-1094843156
1489008459
1081840244
1314024416
-148189953
1134457208
16755476
-848266378
1077711628
-1341697345
867129370
-1862921650
494112037
-1427521453
2027872524
-1392741774
-1956002741
-1922719000
-145777124
724338074
-1301026947
-2004117663
-639324976
-1440014586
-1840395535
47593165
-2372891
-56162675
-411494496
-1730451052
1694399345
584327412
274263816
1877162477
1742592583
-1979692669
-948074707
-1040918126
2020458910
-1281117995
1044316896
-1497248073
-142989836
957863152
519506499
-689800137
1639697455
-532846955
-1524832373
-1370064624
-436224506
17477592
-1283445753
-345085167
2133270686
-1988014094
1243226466
1735153873
-1090825865
1176723540
632195876
1501734627
-265523831
-705865984
-1611105154
447296583
-1030838614
-1956955628
262686278
205736483
-1492317390
-178980697
675529023
1544049330
-1894865951
2085027032
-213223266
1078758267
1198853119
1449741091
1913878729
-1075435834
-534124604
-1819753738
1391642209
-1413574581
-526197510
2043368580
814793090
-1796814548
-1239813664
1260470232
-532809399
-335474907
1001551441
-1952272084
2008167318
893469442
1168169765
1429884538
72199442
711508560
686693335
1374849619
-908077709
-1992710057
-1479172504
-716910608
627510270
606644807
-247026302
-886645626
-2056183731
64225968
1593897183
-226240034
-167994542
624500791
-749369365
227806756
1832326299
-1173746810
1812769448
1717515518
-915073065
287225988
1032451281
-1780296224
2072272536
873313990
-565723326
-636015714
1665229402
1203434820
1231301526
933392706
-345666877
1063423311
2105591313
11773983
-183272404
261146818
-706747968
1350249254
1744521823
1473763191
1824068318
1531487095
155751330
841410557
-2123338887
-1279577541
-1641494540
883791751
1777491541
2129257392
-422043498
-1569592026
-1372558320
20430724
17304524
-1502718918
-1646723450
-2065167769
-1806036764
1483754022
-1389947274
-1078162213
1842770039
961000258
-1001607323
120648526
-654098
140643093
667221442
-1601987735
-2142558393
-18095165
-720770230
-1410506070
-95577063
-12162876
-520456786
-965785040
-729166635
2051397846
972411762
-860486699
-1565273778
965290804
-242646249
-922698623
673385850
-427142136
248424572
922335165
-1690081415
-1140204515
-1250599808
1883541638
1205164503
-93339688
-599600404
1550791523
-609851890
1390856552
-1162773872
-735058503
-67130546
-677979588
-1095730261
-1951666594
1101047167
481679285
594688143
-1624788117
-1309124474
225324829
-284183419
-231055019
246377415
-1273682730
415302893
-1330876610
1958345194
1981440726
852045993
986289288
1515198690
1555921490
473309628
1113850795
-476553685
992824505
-847540947
-1823474104
549446482
1417711587
1106900273
-17033602
972000954
2134237578
770779528
-935612037
-28924772
1272782328
-1636832729
798924628
654238799
7532034
-1245147114
-351675367
-681658935
353550388
2100093083
1106431524
694299493
-2009947827
-1450086760
-1411410511
-1504977946
-874534931
1226518065
1843675571
1574623419
564717452
-1923080527
654179813
1727218820
324148910
1743662766
799706654
895176148
-498690988
-266748310
1747692265
-1576627656
-1973954379
-1387830149
-1614081196
1384525176
-2065998546
-302327634
1332570120
1758722332
1123358582
1949247785
1880040346
-485244879
940352533
-2128962097
-743947233
-1420989620
-615670762
-540873241
2041084421
634349775
-940895749
216837119
-653856736
-1306995350
-756454928
1044057102
1442709763
1914644708
-1179582140
1879271384
-230920815
784034587
-639674092
195700118
1893394643
38221129
133412936
1301603541
1828588810
-1003355256
584022211
-1676143202
1610223112
-170157417
-321817643
780426710
-78725957
579372510
869745140
114979048
287813642
2115105199
-1897512532
-1879949920
611690211
-800954930
1307154899
-2025023910
-1921812588
-370858957
1964092160
-208357541
1773805658
-2069483506
1161077820
692670334
-1523790537
1413300490
1549217530
-1940197614
-1270946040
-2042747179
-1870698940
1107820802
-710705194
177037536
1784909111
807186998
848736363
-652218781
1755920561
-398496967
518437672
1587124899
-1098850232
-849821668
1173096470
684542327
213191293
1487927961
1291603514
2052524039
302221360
-1035754886
2144763436
1103095255
-1576373417
-159930309
1833583082
-115877373
1887036650
413734382
-80271895
-1628292916
-1277782495
1624336990
-970145939
2104851794
254337249
-664665481
-1950981095
133655459
129422195
-366856987
-1410185527
933940980
-224441482
1482753018
1488784799
2087999533
1494699031
-1770681900
-71813796
1414553770
1617560446
-1265139010
2047006192
-1307863745
-1880149109
-1446274602
-639525805
-1750282883
305328577
1429560304
353111445
974033715
851767938
-1193610054
-1893570764
-32825801
-1093348484
-1039853024
1278259373
-58341274
656677219
556255730
72929877
365510120
-718416672
-756630078
151438696
375516600
1324294856
-946685678
1789866338
-334463389
867892113
-1398073937
1296697997
1357400847
876021249
-20893097
314574299
-781570882
1061576999
-539908191
1050342901
1487672276
-1065182833
-2130614498
1387685267
-274582058
-97370704
1827350714
-1834024179
-1834560652
-273693271
2072758888
-1599819470
-1498817848
-1523924436
1755481598
1523339608
-297670176
-1982298438
-1018945188
-1282696524
-361990791
21545744
2007923924
1856672491
1533220877
853917664
1834755013
-1832158232
1741180176
-2098253116
1630389129
-535606544
-1680991115
-1984307857
813280400
-117834509
186481270
-1544721371
-2077244979
-237282269
-9609323
-1541585044
625113680
1414925002
-1624974115
179326211
325835059
101705560
995340397
-271145965
-1217429574
-61596229
-1627316682
1804345508
-1737933387
-663717389
-209121021
1687743058
-624311255
-386084891
45860793
-529966528
1704549935
596675694
-1074490656
-38714293
-508373989
1444398011
-1046452639
-228712574
1294392543
-2143661865
1828012945
-1516322346
-1524973135
1096604292
36159341
-1208048883
679155692
-403910321
-126080729
419289852
134591795
-1608140066
1936004321
980307701
2059157980
-997237108
1421430455
-915291523
1124273546
2119804727
405240323
-897859774
-1094317541
-525054376
1236132059
1953859659
-835186491
-175266733
-532596770
240225393
-1084304005
-586872305
-415933904
-180417523
853552277
278065097
-928562750
1468392946
-1364490577
145845541
-648560682
-736247907
-2023438640
1022215814
-547702334
1083374763
-1876699442
-1677954146
-1728647693
956250506
-613507599
-521241784
1951302964
-1476248205
-292995625
1564489876
-483855312
839096215
1670560150
174513443
-189075147
-556508264
-979211481
-1442626379
433160762
-1303662278
-964891903
-281678336
1787914019
1190144858
-37925372
-1225184061
810312770
1214978590
-2017862248
639887641
1577201953
-1381872531
-717640170
-1693941742
-1891954818
1328018593
780318566
331913599
-481931626
1702339707
446583784
1655703308
-356041050
1181914199
1898727831
74842260
-216049490
-2114147936
670744940
-94023248
1592565367
364834949
1612435712
-782152559
-926976297
-1624539924
647461492
935761423
1167821364
875161255
1164134036
-1132191999
-469015738
1301468389
1077337402
-1430659377
583456800
370429162
-1335410704
1676682052
2070445936
-1820346366
157846233
684951976
-1297172987
-887237454
-282042416
1250882829
-1668745071
-223082703
-1632542767
916329961
-1627744848
1789508886
155866775
2038978277
-135791576
158586962
-1534460793
-1952627981
-1619777166
-933800609
710046412
717797542
1458044025
888381625
-1737105982
-282689859
-747278176
-317173875
1285013911
1113722368
147129610
-1838075984
-1481308881
-1788304305
-245640172
-53550382
-563167416
-1715407625
650977062
1535211762
-1907215905
-180549049
-2121117013
-2086814188
253401041
-990892957
1821427293
-513986766
-678451004
-929308329
-1157317179
-1588344209
1785591623
124017262
-2063766270
1513500306
921996599
-1966218556
-1089600056
748535217
1820682852
-1559616742
429133995
1256175404
-1753429643
1354059497
-483158371
-1293452067
-1052946680
-1987014983
-1523720523
-1772914803
-324172003
1221082034
1866449970
756502185
-180005708
-1121337229
134277310
601712436
-946849869
-1986645214
-1232255242
1552735743
2029227277
1530657987
517400873
-1678216936
802565409
385032653
-1147811745
118361215
-147256225
1622999034
732436381
-215618017
1202111025
790730078
-1659535513
-1282697988
760879639
-1255037765
-1307832954
1498017704
-824569068
43404051
-464134901
484933115
-1572081336
-292824451
-2043495789
-1420404222
-1331542562
-231797188
1819363531
1260870711
-690351833
-1923027955
827812150
-1269903630
1692754695
1358358207
44166446
649880864
-906682993
640816649
2061488935
1643079729
348765675
1876006807
267228219
1691046230
-154316930
163671397
-644266526
-1870642708
540470603
1789422928
-1799318528
-560066765
1150973334
-2085808662
-859449564
949998915
-666020918
-940417907
2135542542
-1045871297
-1171028835
-1278555982
-1595168398
-1727126838
18233458
2092003459
-307647237
-1999657799
702003197
1543350958
-258457454
1841474826
-219254996
1346341243
1028021983
1523387413
1942700613
-1182764256
1166665231
1691828993
40735051
-326866093
-522787881
1022589304
1890160038
-1512185311
-1695474247
-921593186
734774786
544152574
-688432762
-2069639874
244255862
-921598180
633088547
-921322682
-586671383
-70479361
1129858191
355228789
-1367565903
-1685399727
-1273061084
-645187502
542207100
1960162034
484109596
1123504991
1503029619
1410110547
700911702
1874803599
1450434204
957260292
455920474
-1473058828
-132085377
-1566408054
443855258
-1181917252
659350796
609312374
246678522
-765633442
1314582971
1193766834
1222586258
110713615
1283972085
-1709329890
-1780550478
1935593851
631186610
655722842
-601720282
1310947761
1629827170
-1501007899
-1289170758
-1407522466
-1302241264
-2086993050
1914743552
-1677596611
-292677435
1566835274
526732624
430193101
-101229270
1445793422
-779355633
914935365
-2043224720
1736198621
1411735092
-1988391227
-1253662348
-1491919139
-494222840
-26527539
-720260835
251644869
843514412
-1669006094
-272867576
-425426382
-1054370592
-522267442
1146362215
1701851195
-654172286
731694136
1815143718
-281917758
822042707
864844212
-380573874
1320423693
-1174114175
-201981395
-1416060754
1524068756
1977590369
2031584225
1013497783
1445206044
929988603
-324193124
1269083304
1168737540
-1723421237
1548091176
1297298410
867003870
549696966
-1439134717
1437921980
1778603840
1895300762
-1491885742
-247305710
-798787620
874476346
1604324885
12442554
-1042007858
1326882457
-1707502436
-1247586879
1796925237
1631666101
1621592122
1526960148
2107468548
544709078
1358238263
947683433
921179930
-331217641
-2091625974
1254934623
759686799
-501316827
-870921017
-441622045
1855634256
-1241228218
1652088790
1466904022
1874620909
-1021966179
-693818651
-24098580
1636884145
-525211221
1311778079
-1235793193
1460144114
-65628135
899371421
1069601699
1870344619
-1093154380
-1435318500
703466339
-141128121
1655509944
2072968945
1862858765
1106028735
2079591760
-1758453959
1518194082
1150147558
30643805
1749496916
-1716085614
-741381373
897992310
9768339
1937310301
1897074592
-1909569489
-208817873
-774127491
1642657
1274356894
-1586848900
-104571518
-1955318121
1616790298
29703519
-952421249
1649946966
-1965350586
347500029
31889060
-328187196
-1138981043
1208927157
-1360796884
1291141875
1754020974
-821622705
658487673
1645695346
-1894842438
352795765
-1967347332
2051065824
82233628
-1156194719
-408287654
-1292025407
2122946202
-1972869161
142786380
-425144940
-1077851687
1084831574
1361470150
867736356
263018982
1393973386
-570642469
-206587106
931618099
-1344282620
1098275295
-1377319965
-241717281
140758572
-1100750259
-1937870945
1087879737
1716563317
-775574293
-986282086
-174875770
1217880019
-1018777045
-2043957043
-264946430
-2035822743
-356158508
1545465272
226431268
-134515065
1768232929
-552408718
521995046
-961809709
1742392745
928538625
-1126802748
1157830597
273277247
-774621205
-300705725
-1428868008
-1572658917
1145315597
-988312396
-817004546
1101167097
-371733334
-1518652807
-2116033837
-1219498751
1940787910
2054162952
-1064137451
-476625881
1752078517
-12255505
-1778052652
1595680980
264162542
434510103
-1111361307
-542736186
1391086628
1406107212
1422064668
-1285737165
-788266089
-1368356868
1440703417
-1245460428
1934009510
1552150846
-1587595742
-667853727
-1143980631
-1901174506
-77254958
-373419336
1849560061
1057281271
562868369
319677122
-60105889
1093709704
-1539823899
925782264
-756840835
1543466922
383748808
2116986722
-1916113718
-1584901190
-478806374
-26176384
-1323568751
-319656685
1123595608
824792174
1943230541
1955194838
-1347905266
1802094658
-711945673
-730101012
1737712778
1770397624
-1219178209
913945676
254288978
1830549777
1123349375
620647801
786322135
-125822153
524164556
-770591666
-1816787991
-1286918620
-507898609
-910822403
-1412770963
-45148795
-674877772
462662228
-442856626
-1917529702
-1467422302
1854145858
758887601
-1113781665
-713063285
1599685786
-1647343508
-1231312656
-1323424380
990809110
-767692105
1074340649
-946706729
261378461
1442946596
-928359028
-966697704
905898952
682965452
651839335
-644388234
-1590623070
611479242
1584305462
-103713966
762573999
589707501
725826885
1523337237
-200521169
-1325033816
-1611752807
-1214228418
-772210525
-578239411
-2082842096
-1650654535
921709712
-1342015878
1360762311
-1575479433
1234444162
-62142509
1931920059
129719866
336087123
-699085327
1243763890
908277424
-524463187
-336262759
895827035
1480500675
381702348
1247159856
-1596152908
-602774481
-1487872376
-351880082
-2031711061
-1635401132
-1472289646
728370258
-1327155704
-1862699699
-1211196163
-1827347883
111766153
970301760
-1276317184
167189474
-1643110834
-969034505
-1619495942
-1993048316
-888013193
2129521327
29420469
277272929
-481700085
1848607280
-568210194
422484582
-1730088165
1309542429
-1741222636
773217475
-31532250
1841905293
-1128127920
-1038019814
1321997759
-115049767
70348485
-924726286
1299041901
-722629449
-904094696
645349617
1113229010
1461879431
959228722
1614062922
-939117042
1337908973
621722692
1684301683
2095479397
-961670241
-662908149
185129499
1177927966
1021990271
1549278037
-1756759973
31885486
799809003
310669763
-260130517
-1215946474
-1241518764
334312655
632530455
-1981772152
-933420275
18326032
-1367889615
-1003654576
-1607336347
-802733124
-1965865399
1739070961
-2147083017
1316827759
568177499
133379214
-1927935425
1063464746
2108064840
-1614119284
1985983601
952097181
727834057
1250677620
-868164987
450987688
-1288674400
-1807073763
-733624426
-2059306209
-625256945
-676544759
-1881673876
1073319629
-59731314
151802127
-1352581033
-993887301
-508466249
1599804474
1869758014
-219062862
738364548
-1348943119
1606826742
1548690941
1333418685
-1791568553
-438157352
1426917234
42896555
-619645196
-742359923
600121011
1547232785
465875604
-1614590165
-140059983
1551257692
2004711535
-79152763
249751921
2074264089
653812362
-1847306306
509783314
-26760794
-506111140
1507404831
1108573454
85577516
-1484682573
-672541654
-1295108160
-1447108148
-933155624
715520751
677898277
2126652440
-1096992783
1287724189
604013542
-1797067836
-849644634
1214377819
-1670314603
6219932
-1334974713
-1480653480
1829398327
-16423240
1072742573
924515360
-102022910
838860783
-1994646242
-1434202831
1162481767
1508929673
-503230602
1138627534
-93426862
566919991
792825922
-1795269614
234070959
1875658823
1531328175
-1423978681
-1819042000
-1956246509
-1402937373
-1507274376
1751181133
-33111878
-1396954966
472081476
-1455213172
853069586
174841173
-380083468
-2131099646
2043052765
-1317682210
-1126569008
1260177944
-1545828806
1134191696
-247821651
46742930
362029149
2084008805
116652234
1613451213
-34198654
1746125680
1792640477
1477179207
-1423772130
729735037
1948221032
408368484
1960477527
1261221046
-1539169456
1414690927
-547103050
-1613238777
-190052689
927504862
-739674341
-1069816315
1000661480
-1526661927
-1303661328
1520521995
-1727055620
1353421053
-1563803743
-1387851354
755785499
1833155932
-1359501749
-1381846734
-1409044354
1510504392
-2139988045
698052
1577260403
1120406609
471422329
1310083658
-1204018503
-1969071861
-383684980
-534904335
-1748866291
1489797652
-539702048
1342717894
-1713056252
1577935316
-484724130
1328952735
-1715138533
123353478
1165639964
-1993514180
-915576820
-1301322249
-47346994
-959880536
-1881756318
79240334
1992663931
1553176293
-2108365745
1738306700
-1589531789
1217700039
-1074076995
-1754185581
1166935167
-87179744
1173498530
-1736344468
-57399718
-976849123
-1245342312
-1083485436
-703674784
880623087
2138219948
-2071002953
-1504950651
-1227889491
-1979805835
-721283632
-717971576
391843192
-1148628632
-2095719088
-1131988377
1008597215
648703083
1696001006
697855253
-1339926907
-74968665
-423093409
1729990250
641596417
-1865229919
561739223
2031211866
1979622917
685594764
-1949313586
-1901234327
-768727103
1386750936
-1790820857
1879816798
375368841
-1825563378
-416404019
