-1215828767
-1185058520
1485617039
-344277061
1116008693
1963254027
1656191184
-520031079
-390718863
482920531
-872901610
1956881889
1581779791
353582193
1288289721
176003253
-1667972459
2112870653
-119908093
364839314
-242722835
-2048485962
-432787486
-1303677958
1885166708
-996181817
633827800
-531322798
-2038565678
1050192204
1984114229
-398377972
781451402
-1077107181
-1497449080
1618792456
564388498
348038310
235654739
-2134824649
1337114405
-1673569143
-992999171
-1522649215
-1070447912
-2002992449
-1627357428
167847656
-75938069
-2129430125
-733455981
710467309
456255201
-998180716
830962408
-1023896526
1025170259
1354871008
-684914790
243224672
184757760
1192669605
1811745441
1830130762
1774492455
-241004315
957327575
-1623164846
-932039656
-1731879816
2110494631
337374987
1849038600
756914007
142920451
1780747808
296898597
-1670543594
-1920758117
835682675
-714721302
687232434
-1849196981
-1329886071
-354753869
68242316
-65203756
-447988188
-546409069
-1167481419
1699983310
1403632177
1254061157
843238508
718109661
1345175012
-315204319
1460465124
-1535028190
115524129
-2042813328
1499595081
-199577099
-1914150883
-627480703
866219525
-446012976
-408495035
-1252563171
-100592834
-1273608563
603323230
-1644093448
894290851
514169812
1526302189
-1631710134
-100693656
-1897239602
1001922008
-1448240482
-1242614130
-761254882
1905740364
-275331606
1848542567
-1608337904
1899093473
405158622
-1066058407
564137491
-324265220
-1499232640
-661647390
-530928028
-2080687499
-1567831560
1450785243
-2135340788
1691105401
-1558130776
226718976
-633588468
-1039135824
-1127424641
-2071724625
-1824523563
49392289
955570319
712028399
-1158171651
-1772321963
-119435812
-2035054924
193016368
-1316992710
-2062928778
147123296
-442490524
1059667274
-5538615
62047117
-2033411760
-1450027924
-34619086
1615989001
-199962082
1388896282
51456982
1882548257
270069854
-955278013
1712842159
1550007842
-77390786
1663651185
-1973181721
23712284
1405966328
475086382
-699326360
-1088895767
-53884533
-1020632412
-549361997
823328109
-1770427475
-732699773
273802737
-824404706
-1480041985
719079719
779206471
-1170437946
797322370
-1866816519
-1435381906
839004551
-186378679
-1173924076
-1519235454
565889567
-1607877776
388262188
-286648039
-1931246483
-1408437684
-1566605397
1924200087
1374221108
1579672547
1335224348
2050453695
789367837
-1664335970
-1761258548
-1817440115
-1923660286
287929916
1274685870
-1116269500
1548326761
698822666
-231304577
-915213630
5986638
1354003024
1325114153
-1965473766
-962276827
-882956274
1917864300
-515848348
-2051773154
-401669656
-1900552517
-1149047346
-1632771670
1543102814
1208255843
-1137986825
-961163459
1150763839
-1106267150
-814161284
932499797
1287347551
803574486
639781586
-1146531909
-94772345
1033244740
560860501
-1662021879
1702602668
1151913562
-1716429919
-1252276885
972130660
861884295
-376490464
-1606797399
1325557909
1002636586
-2092171292
-2063228316
-1443295377
-1355602823
-744096841
-731614305
-179157093
-939498076
1947207279
201431169
1436192436
1860374841
1580016261
-1510087848
-1039262218
-268828727
-113202968
2030259681
1225079092
-859344948
-1859112177
1054055366
-899548913
1082840513
2062651981
-1128259225
64226404
-526054759
-586127256
739291869
1327099142
-442074027
-1717815957
1279000379
548348844
-511884051
445181627
-835462122
1490073389
-567063692
-6720665
455886151
1890734826
1695208312
-1232309820
1919685870
-849334134
-1312153938
-2135322055
-719145030
1348595948
804062414
232127319
-1792122520
385716313
1232971196
-1351318740
-1066236535
725150201
-406611480
-582540840
907450503
1487634056
-821345034
-999524000
1644256489
-98995639
515714720
1970112194
1432699093
921433658
-1072200229
-767766456
-310997034
137007240
-564514248
281650465
-1414759201
1859909701
-1252518003
-993050067
-914732912
1894545495
224817108
1169223703
1820198839
-786231885
-1211277486
-1733202264
-201929191
-1718766389
-882170117
233128282
1831616881
-1184851387
1617795348
-1943752404
-561129288
1590371052
572240922
1195087796
1492143014
-973013269
1759741922
-924694662
1874065016
-807093192
998164737
-504617598
-1274595852
1738837069
-968706451
718129194
824442793
376516893
-1579797148
711307062
1335376507
-628996795
-523024500
1427106089
1486658398
-1709550718
-326680741
-1111606826
2021001825
1064333667
-27830600
1012110901
1142543342
-2037624513
-1551528990
-1055192710
-1693636016
-713228440
2121001104
-1440786589
922532724
-1725841760
285382490
-441847855
1326538483
-935348277
451373911
42272666
-1579999153
-2095681306
795065862
-1677333859
-1111742084
-1571799241
-128465039
-1029580010
45175202
1011558598
-541010801
-1692331470
497964065
915007755
-184418326
-1012353563
2018505685
1508117736
460148865
-2012358661
-1882812774
-1106814504
1325753071
1265685101
1985996050
-615779223
-514981685
490837237
8329893
-67110425
1820609106
1489156068
-1513737783
-412712615
905795139
-1456838605
-777746301
1945188273
1257532426
1725792471
-541976276
-1560605890
-1409270752
489842008
-126385288
566073957
-587679055
418279844
1589584308
-1599972977
-1886551938
797578016
-326390194
-1364482971
1751569924
-613097729
-1248510566
1774267962
-5649186
1129593303
1005948883
-781285943
-933622937
-1899207567
-692519073
1197056031
-191222109
-468909600
-644247722
1654824666
1366681182
-1151898924
2105400900
-1061337709
1911500693
-1572445649
1118699822
-1301818728
-122007275
-1526464808
-1806923053
1030368990
-391479710
152297167
1757561651
-687625931
1200309465
-786106494
-928033964
-694374211
474031896
884971358
-438507197
-4898152
-1714550115
920218792
1507235928
-1402994976
-1283695699
1285727628
1619196350
1378162907
490605430
1601994102
1384599859
19371629
-59061129
-1019556960
767179275
2082116302
190525727
836200171
-878337927
-163874692
1364496564
-925404429
794331921
-295606671
-1584146826
1043037
-1999800184
42022040
-115106044
-830997902
-1523427906
-1459041411
1837910013
-1249049615
1017860094
611042116
1467143657
1337283872
670697348
-1671004708
-1650076582
-1353977564
117892671
1595682932
-1168796594
1540421778
1289920215
-444100563
673672407
-564164795
1253185520
1241323024
497672701
2135104369
-2124986448
-1745285567
-978725405
1368644088
-842153089
1499653749
-934860761
-1067301892
-2040920051
1511157665
-307665009
678441396
857128344
234555123
-1105495583
1526605443
-1822720914
-735323643
1046437393
1058099782
1059902897
1746123344
-1602655071
-939011091
-1868716966
-697682978
-79381948
-1751772852
151382655
-754525373
-1139244859
1738618931
158580440
604702413
-1746882009
-1558692677
687804031
1011967738
-1299572212
-718411550
1861302007
106574378
-1765494438
292278618
910015598
824301461
1663371291
-2042674275
64593990
616263038
1591208356
-1138851516
1716722641
-1402515800
1974050553
-696918887
1390658396
-1569613047
190083951
-1770943894
-279751314
-1230270531
790650771
196230432
1621211729
772663869
-1525154230
1229446415
-523044911
406964944
129314873
791605774
-492823229
-2119120320
-1507192474
1195545162
-2072220727
630470353
-829348577
-782374313
-1517404461
-830034834
580508698
-1299860857
-80774936
479886373
116709597
-274520705
-192841563
-1322608939
1947571808
1658801158
-1210263034
-1581060314
-1877650192
1011266080
1134921700
-1747417416
-807571115
-1203054245
-1383079490
-1445422434
-1753380298
-96994200
-1729365573
-157703411
-1057744964
-1425344532
-2108150033
-2052056496
1274435958
2004642968
764192733
1087651583
447659644
-1210880393
-586845892
-744143505
-986240042
-228371066
-1956035331
1659481196
-1710832354
-608337015
-270058099
-768366299
450960227
1591292700
-106563241
1640750695
374269520
-788487161
-1224543604
-298593522
-1283019891
309606615
1678315302
-642458697
-735184796
581523881
-59658967
1854368698
1791103399
-686542776
150187819
1349124439
1208040913
2059964794
433605911
-834789074
1268518251
1160750998
570797357
-1296755468
1460159921
-1009438118
-1708422836
-1384291997
1120227701
-1876398085
1807639667
-537057422
-251896766
1396310908
1395790981
1085596870
1516534723
541158467
-391338932
-634828953
-1376416923
1481237224
1249300927
-857077577
-948265413
1863298896
2097130631
188154783
-155243742
940854266
-1113777985
254016010
1327519525
-1669272936
126564859
355384726
536740386
1406414305
-230094197
1682091913
1344108973
466693285
1838195457
-866137087
-892733900
-185396703
101578223
634041455
194856546
-1458966636
-1495333900
1326345541
-811774776
-1092971759
-753611782
-143670546
-1644088390
1894021015
941390776
-1459779074
-222594185
336470622
577545342
-1335349590
1997817484
-165052045
-1320519631
343820154
-1552840583
1363615623
-784903533
584261436
119601812
-924303102
-1227418937
-1242600900
298973997
-1634910626
1109657876
1119591089
-995378446
-1793151053
-741507864
-1579775879
-120693611
1535458701
1894387488
360865801
-1529615701
1739401989
-738755450
419237022
-1798289449
-646976241
1102415002
1639485880
-1633845977
1236230927
-1392379755
691734472
1630800573
714310834
850933418
1320497191
-677044559
2073336059
234263950
1289344074
1632032310
1275677340
1783661627
40854580
-1493111557
-1433326201
-2070126097
901285931
-341147949
-735475261
947409530
-748185170
-1320173673
1950580611
-929983815
-1399048283
692112714
-1659905933
-2039606947
-743872038
-13041538
1839602261
607145969
1347815335
-1157603593
-1745768756
1539952666
1362122225
366941325
-1414974344
596676895
195629140
1146426966
323046722
-1804574293
1731809695
-955886588
2098036216
-1439102510
1276776322
-370271350
1121383195
521572689
-481616506
-1527606523
-1638252809
1347495449
1595075388
790326490
-962960140
-1605998834
-1879084615
-1002620389
-1308047828
1885738763
-570162111
-31654098
1097253693
572029993
1859582017
-1138364752
809445215
-1626017983
-1116907390
302345878
-819810120
-1928110162
-1985865828
-1541420139
1387547118
1579929431
1710847400
1796357827
1313261822
48433900
-884437704
597502334
-1164490932
-1122753938
974404491
-258233460
-28547334
-673552907
-1090922499
-2024015997
-1349248644
1083697837
229076668
-436336277
-373376148
-730801119
739275456
901030817
-531654246
-598467141
1625758460
1646179838
-269995161
-1674706805
1144118993
-911371465
2113195602
6951239
-1571306045
-1955686266
123088595
-1816837486
-2139783570
-1831523446
1705871975
-1102973055
1467510970
-192138645
2142045932
1675866714
1503412045
908356161
-870294738
-814716002
-826643391
401031094
-1635359551
1144116553
-1096608490
-1301541399
-2008168688
-636416425
-391054870
-1693980779
-262936650
-1966372214
-1942338585
420367986
-1402545140
-1507315094
-1717387524
-1269072678
192945154
-1659895923
1324055246
-502848080
-1804136910
400398616
-1636623
-928461187
1363657010
1064023173
1224261202
-528144421
-201628119
-1432207706
1320736248
395184150
1829068964
1874759912
205398763
-2087392241
-1262420054
-644663588
1483328371
413803107
-269929459
1774192627
-140486779
1017185485
-1432037374
1504418185
907990138
-44833848
1817664500
823348516
-1898840062
-1681356680
957279380
1251442428
1719709271
-1526697782
-513382860
16619710
-226893899
-263312935
138586453
-1959129972
-1073071864
884698259
473441406
1307606088
-1241263129
27386012
-773937330
792236306
-1092707903
1817356658
-232336684
-1722136818
-274293163
-1010359855
489011998
-1424182934
156314983
-971544232
-603943409
879655583
-1503101008
-1072060309
2095797109
-1394629386
-2121708779
1750543963
-2016732581
853036877
-1322474980
1236454852
-2109921382
-1091534310
-571746661
-236053706
1808398774
982075568
-1324133455
2062643735
539244006
-1006134591
-1925930246
898950087
1119933044
-1844061661
280432893
1743156485
-1374219705
307816662
-1637243671
164384144
-1632885314
-883811514
-653238399
-408437231
267879614
1962379980
-2146306733
1837645880
1818908174
-1407153030
-1140164561
-724839132
-877299743
-1568911337
-1386568745
1677485575
1477377460
-2086343832
-334315021
-1416623351
-34523302
-935242319
-887924409
338451565
2128254292
-296937605
925703207
-93638158
808910438
-1580944746
1236060713
-350129029
-1055888794
660735585
1666644252
806282737
212719190
872690760
1554184505
-1175977112
1394927029
1796393101
-113031016
-266771072
-866925295
-1394332853
-84063771
179716877
-486661663
-1741972040
-2118569389
1039792634
102845329
385042346
-1479646513
853459562
-1019162147
887822684
-1189109639
2076831775
917386337
-1977776783
-186785713
-110074337
333674353
916936504
1677695531
1897668756
-248401370
1109403952
216389359
77986035
-863901256
1882537935
1049062910
1275398241
737660435
-1949250433
370025965
-1568191407
-500487261
1464065256
-128406406
-723685007
-2086263181
-896959884
-393242180
-346167098
2141426293
-451035633
1294660252
-612259051
-1578500829
-280241106
1755897475
-1361097083
1817525318
-1283298029
302875732
990859905
761894420
-1687325362
-833666404
388941283
1265161856
445248134
2119284488
-1352422578
-904731186
-790695815
1212500247
1863892954
1371583589
12872256
241708047
500991991
-1172205592
-2107606057
-1283388364
53069450
1859138950
1124575197
507173687
-518143396
-1586088559
-1909115497
-1827901459
-1484587596
-1450607539
362605370
-1077023424
501040193
-971434998
-1373132695
264840298
109982526
-1613007755
-2067749636
1647404639
620208080
-368970966
-1343137790
-1966966646
2129887153
-1401280116
1185303305
-1811046212
1833908243
-2088803367
-648585828
938933345
24278718
871067000
1701985548
-1940613388
-1103627909
-1428730219
-1282534285
1254355892
293660597
-15610129
-472139531
719453847
-1183735204
-1929719312
-1716136375
2019334271
-976146932
1454366717
1667817335
-770428245
301112174
-1805160177
1317193698
-134795921
1747063262
-929182590
-8992631
-777523673
1661296718
-1030778324
-1922976375
-1281761175
502937705
480985265
75474918
442553977
-914720774
-446411498
61603722
263290113
-701422449
73899923
-414121588
-1723279871
384892249
1843038636
1589417654
-1965297916
-1855469738
2118814082
-467407295
-393197933
-1250445391
-1383764378
603457762
2056295662
-36528024
-1175014738
-104239095
-78058503
403227439
715136716
-669409945
1418748532
1224175252
-2003760741
-1990404431
150322799
-492713629
-1960785412
-1822981724
1212666620
-62885813
157691297
-1087491000
1130988837
-889534015
1353648424
-2144336521
1720495136
-1282984925
1347958123
232186272
-735166271
-1860341215
1083674134
-353245240
962695215
2130245976
953075065
1890194129
831481306
1432291135
-602463842
2018620159
2024366252
-873029562
1965258398
-554468425
505472894
-8463045
-1097403856
-778163831
2079617229
-1026413840
801410178
1437992047
-1961029203
1626038299
280244811
-1788493226
617711613
562810236
1082653729
568102366
632501211
980397125
-2144532729
-1549847202
1078768730
-1108308299
233357898
-1592867286
-1903092878
1405859589
1443677836
-324593641
-913969865
62683272
-1356297696
-2086924993
439443022
1643710221
1437697689
-1029404159
176784796
-173909881
-913333347
-1238472373
2142795071
-1893860113
142932734
1294397722
1406430913
1918570601
-263894518
2117569346
191538826
359771045
-75324382
655279722
-433173865
-1054968184
58342025
4842330
-1056653207
-2070789878
1021660541
1595110009
-1245491649
-1289238943
685742731
1540343184
1501668230
-149946785
429251615
192428500
-525863792
-98066152
2091134554
-1009607134
790011268
-1272004409
-1288344280
1640118668
238059669
-1379557903
-2022580336
-2134624749
-110062730
2015369674
-1998797746
-880708682
1875267597
1553165016
-618294370
-1820588117
-1283720090
-482871338
1978337882
-1048646676
-953877014
1863548122
-180661689
-975527180
591506384
1591598777
-75637845
1323422666
-1456909102
364204202
-1423393758
1371873854
1134717988
490516521
-496195919
-31602830
798757281
1961442077
-232795877
-345330021
1056663879
-1225587652
1692490355
-1715725815
1872917989
1152240046
-923531534
-402254748
-1057133806
1346769392
401106186
-1689112009
1438558817
-1556565253
1746644922
1854760882
625008594
496576420
-1097727453
1530328747
-74845814
1822250821
-1593331620
469874918
1868609222
-1792298083
159308161
331958933
647145997
59953396
-2092202222
1230035233
145099429
-1704993661
116518265
-1822844374
1661477191
431723793
-212885012
754659020
-158426091
1963698657
-1329473163
134772516
404633035
-1341086773
-611842738
1726978578
-1665655755
1972812968
-1765580686
-1456716481
122866144
978471155
107561584
558852449
603604756
-1125738580
495405953
571471549
-486603263
-1969197953
2090188253
-720609811
1337577015
-1118078939
713398345
-1977820957
199125851
-325291254
2013087220
-309149651
-507636969
-1335902672
1611659139
1723953274
276149842
-1581863342
-1712785046
-84835236
-1407995487
1783358796
1017486205
-1415092657
1015255292
-1031184966
388857286
-567116039
398842548
-1398731554
-1971169640
-301300813
1642403236
1667448518
-84048412
1607772487
913866406
1423708333
-1920792118
138591995
127410504
-1134318175
1981196403
-325421618
1814906816
-1939656346
1186554653
986929153
1455781404
-3517030
1833076343
-920767272
1572693181
1817201945
-162993106
1888552097
1895607813
2069655970
526795207
-388069131
399647567
1578739642
-1117296465
-1414451907
1443626271
-1677615920
-929414256
-1179325577
1365662362
-530889823
-476412699
-908838598
589153336
1828336349
-1660661040
-1595391753
1142597047
1027787274
-879963094
-1117983871
1074131794
911294633
1399716572
-1689420338
-739873229
778044310
353640300
312921855
48839717
-261356364
-1127136806
1848138397
-1494235507
1608245448
-1019018323
401453861
1839731866
1557725093
-1823101112
448665798
1569985723
1129845385
2124406913
1190672488
-340293295
-1228892985
-1065901453
-758360336
1374391461
-1460063579
886773395
-1613271870
1649532956
395917959
-682362623
-2141850234
626096809
593329228
1755223584
2085451823
2015955586
-553567497
1699874152
259525433
-373596650
1367479442
2102443386
61692209
-1257969603
-1495268274
145085812
221833594
-471280719
-942087441
736397190
-817516211
-50898500
-1892611738
-245053243
-628936447
-1162457037
2014378431
386992702
2141757836
-166714718
-149278147
-1893304498
-1497434551
1729931976
626233026
646595889
-77416709
448437317
187686004
-1301551145
-1581582831
1604810641
-1460173922
-367706114
-806164693
-1775290320
-351769645
1447499388
1490541020
1231827491
-1980924328
-963544868
-1240097615
-1952263519
-1971230013
-1677931731
-5796750
-271828986
-1352232481
408003349
-1967860825
337499403
-581420334
1067106348
2020777565
1670091576
-982026623
-950159993
638535209
304425110
1308120371
-239331182
1297463917
-385444697
1085952628
58214690
1525197017
-174131046
-90105029
-1879693623
1860774453
-862961990
-869199281
-16693396
265615196
-1382202072
-1236977947
715621139
2040818315
1262714825
1391088014
-1995446016
-722415397
1358448001
1422232399
606302722
2003816459
2110864544
-987049199
1482556426
-1869028221
2044893852
1550431547
2054396670
-1894368363
-1709888767
790464925
-1310807347
-571314683
-337555036
-793240689
2049576643
-678895925
-277119970
-1253298087
-686155235
-2141797865
-556681608
1829736405
-1375887905
-1859710828
-1182705885
-1855818925
1370028005
-554439952
887551530
1336180412
-601194696
1534865820
1121592234
939370489
-1033313885
-734767920
-188116607
-943476587
1204897413
-1708810031
-620518332
1720391072
1413761767
1019185782
-1673355401
-1266902569
969812688
533905383
-816652041
-159986175
1403497432
-1708785240
1125965754
-1558889573
163749114
1653671893
-272375365
-114485833
-1258422354
-846596177
287677743
-1494641632
2102079031
-254399146
655767804
-827302718
-2050059463
1725390296
1031233643
-1231511736
1486603918
-1694870166
1426087451
-1631205626
1565926233
1163711988
-1468501448
882960153
1761356634
-921413166
-394012691
-621132595
-491435133
1322761944
624373271
734962750
652137932
-1050010217
-1347668166
906115905
1745765443
-767209250
-1307695944
-1306694012
1250695526
937881987
-247275201
-885670669
1798042036
-1005925789
867831427
-688947875
1402706561
1531578534
742500909
120279639
-2054405623
1632021575
-1052013038
2075949152
280368328
-1191248685
-938590297
1085493829
-152577016
-262338960
849265332
2023348167
-1436978757
-1127062752
-1748475064
-675952006
2123439498
1158730823
1849862892
2017383663
-1869009107
1173647466
1379202331
498399253
-1455134211
1723623737
-419801359
157674204
-250276409
-956584498
118476321
1106661402
306432226
930802999
-733877460
2108548786
127942531
-1428570831
701393615
-107735054
1473762383
1129638198
-192843076
1348241469
-1319997903
1156853178
18703757
-1577480727
-1399851155
-289283152
316113397
-106646934
654160373
1725128786
698532152
713793967
-2360069
336661794
497395932
1163013068
-1455267897
-770081749
1640956832
679492824
-1311183415
-1081410420
1447605677
2113728280
901470193
565408566
63381515
371596124
-1486143682
576617460
94816086
2493353
301767829
1903564459
1773220272
-450939881
1560302035
78275811
746401785
316675580
375273509
-6734971
-135395779
-1185959606
1200701334
-147419930
-644339858
904210485
667775977
1069739779
-1341556654
-662472424
1824586408
1169015310
727600574
1866232473
1025400444
1536473897
-26502652
-1727248886
-1674593345
845862768
-2057699927
-2066654190
-1583898033
-387122371
-334188709
1608142732
492683429
1428865446
766144289
2023633582
-474829787
-1303494582
-51513132
-1932426642
-155755849
238404429
1501997517
273443872
71967125
-903952992
-898019873
-1973597853
732188006
-539907707
-1422112889
-1418955202
129017740
-978193070
-639006878
327476613
1890876601
672077940
1196689118
765925249
-9832248
-380765002
1139653172
704796367
-565974070
625207235
-238670443
1284136840
8408158
1117745385
-2085011037
605934754
456133445
1740934943
392739618
584329109
1068502068
726467401
705862127
-1336945087
1383618540
-743529799
1124166448
-2057559282
-1176249464
1906132473
1081281228
-1427395756
132401429
500588487
1084590109
939491325
1689972071
1902149728
-545185308
676635753
-1995927766
1059670273
491883901
-886040687
-535581897
-1148152918
-613417645
612354926
1229300264
-1307061468
1138924181
-1660342629
114600749
-2024214715
1879926313
-557568967
-258367455
1842880883
870036704
856409618
-1972504872
192451942
-2054636820
121351424
1180662714
2073285169
-1314858354
-471565425
-104029804
187707266
2117904915
-1992919327
1783986861
-1311581400
-619584256
-1831011886
834318104
1445868245
2097527948
-326963621
-8059832
-1699383771
1051671374
282786107
971327977
-1221913378
-1158696906
-41141293
98942957
-909173383
-290302783
-1861300143
-16561692
-785936415
-767319448
-1433312239
550896528
-290154374
-1933309095
-2118937537
802556600
-1216415900
-599717272
-898174784
-238906820
-1047586816
1983561288
58902866
-1073835415
-1589666638
-569670667
-806016783
-6837618
2135319272
-1945484172
750625660
954271695
-193248421
1217882558
1109711256
1557488952
185864852
-1932546311
1055774420
235960597
176268722
1050623977
833400334
-547265664
-208543895
-1700602971
-121636844
-1610812870
2050427214
-353636723
-938403699
1181732286
-1986724527
1368905595
932801818
1960698771
1777918857
1887030328
2095631031
471704033
-278362057
-954592976
785116519
1964169287
1724026372
-448497559
1928838672
2039894507
-2026307443
-443851855
-1802988893
-1519092526
-2105275615
1472431639
-42808193
366916208
1875040200
-623853413
1190426903
-279972478
131914375
375518760
1408096465
815741212
-829027101
-1145625918
369160241
50758909
-441655902
1333428731
162957110
-75003094
2139150552
291090603
-1863763196
1200325305
288181281
-1482508833
-207780414
505764845
1626565418
-1057741039
-260579131
372941187
-2122073994
-1823548519
-982489875
-783770805
-579946913
-1580539037
2037747023
935364089
335619161
404272354
-693764076
-665914308
-2108666754
538101316
-52199008
-1274041072
-1669388986
422774247
738162166
1341168464
1821199253
2130896395
1843631194
-1935957362
-1584588550
2043932615
438284599
-479695578
338582069
-1485172415
-546323901
-447445104
-933271046
799021849
-1822719776
2047958262
-2019642380
-203284187
-1639756091
1981606150
-1062018036
-698305949
2034516189
-657247480
2015380970
356195371
-2053671826
-608967118
-1793713989
1972251812
414126718
66624315
-1862870220
7874680
529900913
-2075285715
-1605708841
-277223477
1295688950
1732805503
1931237749
-828879256
-1667146716
-2125192350
212967411
18912061
-1483371041
-344143269
1469058384
-1658516727
786135936
2097821713
-1359914266
-789616045
1476866485
695221608
-896334097
-939478371
-511623260
1879772877
1095555658
-905560359
-1929561002
-593631277
711165567
1219404572
-1777811885
2011157503
-2124898304
-390048879
1805625736
-1882476321
-1807124303
-1568717137
1797060465
1562754401
1979883178
-1399978322
-961716877
1073367649
-1291451589
-2041977290
1943762313
-318873469
807276080
-1704375207
1042500899
1525968706
1912086869
1134447555
1341488714
1187273033
-1411035076
-1704003280
-2140129529
269971969
-259502019
815281437
-409545979
-1539424150
371451070
-2107188030
-63509643
1664031534
833440691
1824429630
1211367729
-271977997
-1678086552
-834360300
1877026084
-763439120
-342107523
-963073066
1638023912
-1321589821
409913138
-554976225
1787097520
-1437452160
-1946965275
383966661
756739943
2002799628
1731863767
381652047
-2184679
1370406572
-50643146
395145636
-1710457966
-377694248
-528003753
-758439675
-1486783676
-184484779
-121836990
-1745941187
1994066541
420458882
-2053973133
-1903612393
2090892921
-186711567
-1089020961
-220919537
1844612516
-2117920967
-1302359244
2006389067
-577609245
1748638985
-737133211
-698641717
432829956
1651163520
-1125071259
1440521439
-1317953261
-761665860
67460658
-1061707815
617280511
-1085187663
-960706284
-202198524
2033929598
-398810565
1266479142
274509780
1678493741
1800290421
692680213
584231774
-1458673926
-618075317
1756910631
690511626
-560684091
-362961843
1394918271
186161030
-1343372219
901035206
-850332002
-75642627
-1132783320
-575346675
-1632934099
-1117633656
-2119791746
-1210738918
1584708601
763017956
736762967
-292726437
-1471182018
-627763867
1826437802
106589896
-225215193
1102100011
1680282488
-635488459
-296643947
-1139493230
-2054995920
1006521062
-1014000609
1510720238
284718933
1451690088
270331225
-1154183560
-231267491
-1782797410
482572377
-1596910974
-1693449252
93274649
-675611274
376311026
-112116511
-2063658835
1684958035
-186682899
-195397472
-1885848000
1410206491
2049295570
-1063321776
1803409381
1079653645
832277609
-917051050
1310229032
-1362736837
1644779099
1359925155
636382123
-36966259
1311899109
987209305
-1569762063
356706828
1599089096
-1781633612
1406714233
-1793988515
-1692846716
-1915845337
855877134
-3062902
-815203900
-1130500923
-64083875
-1723825400
-1745016805
-1861799710
-840350776
1593574389
-1243730447
-1822868486
-948213895
619724704
931058359
-755995951
-1652137544
-1159956914
997918049
1023033050
-1982845823
1561248315
-378434283
601314012
-1326223535
480237278
-872705760
-560630318
1068878400
1930752113
1870670889
1261834258
-1760608684
-1364019280
-355369304
-1290586446
-221296877
674504160
1399059608
1224216871
-259950247
1547990290
-1631079830
1252488494
872201068
-1286846296
-786997955
-170533650
1780836941
1561639448
-1014058420
-1723196578
-98828208
-1816304144
716087719
1479176932
-2036920082
-2034428647
-1485053914
-575540674
-1111446054
1264959071
-1497357159
-1931199579
-86210223
1894292528
453346372
1486101039
-1686279754
845109923
-309943670
-1233942156
660980317
-164912708
2126882791
1110053748
530089382
-1756463122
338113571
-36132680
1675396174
1601009888
1812840388
1782601398
524676609
659766387
1757749443
1412661369
1769916210
-1810478588
1263871619
1968143745
-1396676561
686818286
-45252354
1299628775
620583279
-42797230
-1962121407
-1218315580
-992206546
1836538905
35959066
522235347
-1642539461
1744900410
815749134
1137206101
-840135664
-53307080
1025479568
-2011473100
1886841891
294968046
749732976
-421640597
1628934267
1739827854
1282581393
690397604
-2039876731
1066098407
852781023
1700894242
544213287
1552152293
-259991681
-1620212511
1671746837
746230622
-731842489
-1960927237
-1921936797
-1818081013
1253331823
-2060896692
1393901660
-653160749
1158283401
1223857497
-323508079
1740753999
-624235602
1450419565
945697332
1343933578
2137377529
1617339396
1158289062
2004621576
121665337
447455341
-1699951795
970096905
1989778401
-513433942
1897444523
2103988494
683733571
-1660124006
-1142851924
788725404
-1581548547
214840665
209745470
608783423
1674342579
-245661977
877092903
412690897
1957876478
82034183
-1108096750
-47917828
385278115
-70493079
-1739310358
212008444
1235341831
316640522
27280234
-447351639
1198365922
-1249908005
589977588
-2048253516
-719213005
790945184
539730594
451694640
1085067123
-247600869
1037503642
-2019783852
2128325389
-405190039
1877088678
-169175937
-1886477300
1984726955
8874244
984954235
-548866794
-1209805337
1458564985
-1120537851
-1675736424
1636268337
2016231084
-686365811
849562690
1586791173
-960467536
1447603769
1759037877
-552037641
-1873905950
915076655
-934248837
-831095411
299638516
-1627802093
1766170935
2037644651
-34031286
1142312910
1431482909
-670117199
249585028
418075793
-183419741
1819931808
1846764123
-1772730087
-1752727432
-880166525
1953116592
779282996
-1743571531
-1512040244
-2037790238
-405293693
-423632814
-359109764
990806111
-1056195968
1659528922
1581534920
-16262787
-862324798
670752866
-1442738951
-1682339446
-509163393
1796787639
-2138361709
860025633
-131062189
374157782
1889936825
-233851201
-1956003009
-590791264
1735134671
369698709
-1540210701
-62946610
-1208145567
1672067487
-105971121
1537794594
-749962174
1502657780
720400423
-944920354
809996280
-1371145632
-1168600506
-209809031
1556969559
-155056849
-1231395915
-646931568
-788595093
-397846965
-305639107
-2073432294
313267611
-92961655
-112415447
291323616
-1941897462
1344876095
1041177423
1777622571
1675083584
-1528797159
1052129617
1583480254
-1304901111
-2137471700
-148568288
392020998
-253753187
1957252171
-867707967
-1983040369
-271999488
-2137788775
1379709523
-2033247558
1646005675
-1403038881
1897904976
201747373
972793964
799083807
1988337171
-1537420406
-366124150
1045269481
1529038489
2017747426
-437420501
2145673452
-371090549
1359153516
-1363109638
-807098545
-1023895429
1946806001
-1555291132
-924932543
747194478
889553802
-340965662
-1288372145
-992844646
1047758349
227780381
1055982580
40606576
1549633476
1188540621
1244852598
-935345188
-2103443360
244991363
1157646831
2111865034
-2095088339
1970664808
1153399721
762452204
-1883400314
1529357990
-556695633
924223162
184704650
94031622
-1884341088
-1834285894
411445263
-392322087
66699974
1008441857
-831324970
-651697124
-1739999898
-389780744
1261704192
1491738838
-193235623
764465763
1759318465
-1584814139
-1124409125
-1174108513
1782185299
5600313
-110445406
-1403302102
387195436
1977535038
1630607922
2058358376
222777458
1457381376
758337391
-1260117084
101068974
1869429099
530666355
1997302100
-647782720
1563204113
5870753
-994487392
-1054719982
310817105
57383930
-154930395
-836056816
-1151146828
819007919
-1348345867
1964811735
742317210
-2049313034
2044612834
1031010860
641840917
-750638816
-646520068
-419746641
-1214970604
1270055403
-2017536681
569209167
-445778493
-556193516
575913233
1385367296
1324569650
1113451312
1692071314
-797500245
735263540
1702406588
854544661
-555576986
-1457151095
-901302158
672845160
-280624155
1365717055
1130970078
-13610769
-101653201
-1557537452
290577711
353743854
890929812
-472943456
-1696569518
1162779142
-1189266723
1652288753
-1656938180
-727916544
-1307356475
-240380041
-520554105
-2011979319
1309154472
767508322
1262737216
558243005
1256679290
-360144951
-1695112194
-2096369113
-1149212423
-1276652595
-1217699017
-1041723896
-1634691290
-340417282
737077966
1606137367
958276849
-1673208835
322769135
943555849
-978250190
1485633377
1009869599
52975122
527769312
1678699742
-253511026
1578591402
977125756
719476900
1426669999
-1555487596
-905355058
-1067729148
1827127050
1205900827
-1120454445
2124596313
1152530768
1949375134
-1754303755
-174489819
1845708975
659852623
1065077116
2045003898
-1080383129
-1526488009
323120708
-671895910
1741218717
-1784357507
-1443092304
-655856159
2102205551
352746726
1624891102
1917031395
706110536
-1602462305
-522387941
332607697
-1063577996
560110650
820606617
-1553056992
-863101450
831675638
-2075181473
1243122027
-740084839
-1402588605
-411791488
1548879512
-1299158716
-322967676
-1054255729
-572357574
-2087938414
123319318
448757329
-1968845002
-110134622
1825118864
-91545164
-269358424
168929067
-1204160436
1059632384
661361927
1607960786
-615741146
890682700
-1162118266
842277055
753492867
655602994
1373159357
-626703507
1015722132
-209184314
566473608
-1389072191
1302996188
-112209213
-640291025
-1734043298
1811381487
-1548391929
-1468324410
-1138334409
-1997307269
1671743041
527981527
737267556
-1295524468
-767402776
1780311101
1421683513
1660171787
443486062
-1223243950
-319363435
367880583
445654965
-1705740212
-618095241
-883697353
695609281
-740557596
1883198166
-181267393
800350383
-1935480008
1675485873
2080727602
895911142
351855089
362545507
1499853272
1786816907
1054236328
828726332
1815916592
-1868993734
-203942267
1280421710
1540426679
-1758734
-385567447
-880286588
-220649494
-250310576
-1141561907
625709047
1700480266
1647827455
601213611
-1636475516
-1948819425
-1460957842
-1489418596
831275929
-1608757442
1462410436
-870597374
-1984000177
1419501069
2104304144
1946135527
2018975166
-632967545
-75879739
-386153370
675042955
992535036
-1664727452
-1943837367
-2050245691
1167642203
1151323258
-2144756749
-482467087
-1936637005
-1123742259
-1632055424
804121443
-220518921
-1878006574
1912044074
345621967
121265921
581261665
1616155886
-1252794082
-1527092007
1993296811
758946158
-1804169083
-708898762
672225899
146969
1173667540
-1680679100
1802074203
1230262408
284017419
-544882521
-490740503
-1051962837
-607032781
1120506559
-1617855446
-625493212
1994017386
-1403288787
-1378184690
368576370
-2039368898
1135401622
1308085461
-1527516590
-2072916162
-1331281754
-1248480575
-2074704927
-244331826
1519172695
-870392051
587126021
1468077115
939521139
430182941
-1588744818
-74708721
1803383895
-1221029642
-1121165161
1785046181
1280112889
-529496081
1736084274
-1459420161
-948565461
643196073
1783011651
-65088810
-408984544
-1073259717
1057961132
-1725958670
1102902575
192318130
1737097898
1360004796
2004448215
-1260817224
474895230
1816491024
-1282092798
-734544750
-1450661809
-1823581096
943786638
2042847567
885404494
887518421
-803528184
-365041858
641054235
1519620672
938884026
939664544
-307404185
589932177
-1232393753
-359553634
513515737
221267997
-545331116
822074236
-805117387
405870054
-2057909238
1250200335
486465211
1553435950
-1172739238
-1222496660
-2125207604
-1287642035
1288143393
-1478214175
1919889363
425574084
-758622643
-2046520279
-95867806
-1204171119
605642911
830890458
-1660324197
2076489412
1741241778
1841849378
1985859025
1680950097
-800969925
1819759282
644620398
-953202136
-462908015
1348778233
-496910570
1644611971
1607891312
425045653
941628940
-535423106
163880441
-1558174970
-508966699
-1773472020
1539238652
614772900
1509452826
89630055
-279879814
27142866
-602990126
-421382488
-1330680731
1545558900
-1935004768
1593692441
204453801
-483744866
-383752327
2015535016
1100122991
441873293
958352009
2110950622
-894863969
774688218
-685334953
-1771693265
660265895
958613996
994425894
945680019
1063552635
955009454
-18931042
-1471489195
-18060580
1656313473
-1520614997
-1960341974
2115973595
-1039017612
252551333
320610692
1242580384
1214292658
-1224359247
1129657384
-1375246745
-1903299525
2101833062
-266513154
-727446581
1562575830
-376425037
1140906023
1878988359
-1513150394
-744851713
-827233964
1131910392
1911956923
-514582383
668987221
1633657767
-1737339509
-1527659215
-2070375184
1854579975
-131308255
-1978959601
-636089612
-2045878982
-657029067
-1940289052
985552780
-325275495
-1103726019
-1569223337
-2108897576
754191028
-264299741
1032110497
2052182201
1111536023
-1308626121
-2117084045
-915732500
1915324751
1181551206
1463182358
-81631654
2061962156
-1821344084
-272763180
226855597
-630491065
1155173831
1517298838
1501215526
-1903198010
-1998846420
2112339662
-1797078611
-1549339298
-637381826
-477576554
-1493961431
-619367015
913021117
-263569127
824968209
1320249689
-1000566404
76278322
-17083325
608618012
1355359574
-404284078
220597268
-1770167168
-1745098142
1787143333
-452716377
37513737
-1567095451
830897783
-1869953662
-2124510430
619978120
-912566060
933214558
1637755233
595875658
-795892881
1591635006
2033095183
-1074492745
-434873404
-252286270
-1110695706
250816730
473560960
2002385596
1600473884
-239041425
1924403488
-1034291965
152753824
-543329828
194558679
1699014791
1651884451
1030713954
-418931788
-705897819
-879387047
-1264591217
457390852
1096300732
-234723584
10404855
1653153268
-1500000512
-587657695
-339121629
228301691
-33236850
-1883615467
-335564088
-1413838218
-339247937
1121419978
-1405957829
620113428
431443392
1659993286
904582436
1553597555
195861602
672773228
-1284987791
1562598283
1534244142
1699102334
1944289422
1477562442
1677220540
-1756538141
-156065070
-1742857215
-1352855228
-1226466647
-80413636
-1236937730
-28373131
-1653349812
-1857993634
-1478426759
-1843992443
692112440
-1005354088
1876993971
-219462776
-1086115956
122457225
-1650211236
-1158138875
1464192800
233511107
851588660
-785709114
923432137
493714621
-855406091
-561209872
-1301480229
1858479885
-189665936
-486433966
1168971246
1656512214
2144826614
1944653825
-1003636507
-1963592322
183926521
92758564
-43672277
327016356
1840516082
1622446603
-2085868224
1835460945
-940232572
505555846
1363328883
694745453
-1470167584
1358854260
129111792
1548392563
-499467157
-385890150
-527404803
1171238504
-726289250
1228661429
222601856
285322248
848282158
-86183215
-375453244
-1590389950
902298988
-1308194341
-1016506244
1836028647
-1459960083
1431470709
194673159
1394026909
1177149805
-1233723639
216799733
606209049
-1294875152
-635243232
56856265
335612556
1505596969
1328773620
-247976704
1274433886
-1371713248
1061307459
1537033810
320725273
142093838
-1114646683
1167481143
-2094626393
1909408139
-493745247
476066988
-1746389824
-253570838
-1957402693
-1335749578
417885085
1628370915
25952209
-481953753
-273349647
-1218804621
1560931686
134725151
-1341642727
18689280
1716827327
1891548629
-1775751535
89162943
98708333
-1210192361
-265751382
-2100211111
-1863273429
-1545415154
-1629769607
-1307759412
1436017641
1160498887
647327250
1106412175
-1063918552
305289454
633580534
750219001
165684872
1190038235
717867721
-881983005
106118558
-453715246
-216447928
-1247617653
642182923
590334342
1981930873
-1767027013
-1215769911
1781215455
-1898559453
-215596246
-1232006200
-1392559363
559212416
1080934945
736765369
-750434949
-1223971792
-193148063
-1459780568
1314993399
1705589617
-1078214589
-1341862192
-267518766
-1952655987
-1015825631
-16787670
-1044095180
1393143699
-1074562828
-91917497
1350510930
-920013751
1004976446
206449119
2127589363
-1486430112
82393130
1068829609
477073455
473017833
-28530960
-581153300
-425723783
386810632
-2137307522
870873685
474807776
-323397658
-120125356
664684555
-340311663
-522123285
-1945151057
-354651648
-497784160
33358381
820378857
1462509194
1783248903
1016384803
-2026007265
-2026394575
-1074123026
83497373
752011284
1721825226
-1516017364
208150776
-30729644
447573956
930367501
936979084
-1672287844
793741505
1740509013
1056232553
1402349945
-327522456
-442979195
-1350358205
-1544174034
-920267911
275066460
2030706090
-606744102
-1724528607
1954656416
-68487555
2122244058
1658467726
2036973597
-222786912
1154429547
607176646
61504238
1926630892
-48324972
-1271150924
-171839238
-302398617
572672578
534668164
-1770682175
1076755636
-842291020
-843053265
-643601320
-794944307
1995462937
-2013432231
-2041625934
-165375506
1430178678
-1851269542
-370493152
-1234568492
551407565
-981524583
-1445027558
-1766528217
1481864059
-1806309087
-916347329
1133314867
439472353
-1721534099
-554311526
-146059554
-1496402617
2058360966
-88684762
-1696784426
-1556791044
1493606223
-382384493
-291645687
2010047937
782671903
1446510666
-1635823270
-2060228762
-73923440
596768175
-201331823
778420917
1798976662
-492690523
216551826
-876732785
-172614957
1462948438
-1229288239
-887149739
849058344
-661152461
-1621162491
-2095606647
-983021425
643135290
-1154257381
1702258868
-1170308313
948973430
174768749
1155767177
1576087440
-567461428
988602419
-1501821366
972668536
-1017921549
-1546167495
-1635612054
1479754614
787365572
1537772498
1680751219
-728844778
1431450547
2100889612
-1497912023
-375279564
1031184029
1362557988
725999343
-2127413875
-1653974077
-182839748
1786594666
687313042
-1102603754
616429898
-1149634204
1995485311
-403574348
473721683
858266354
355431596
1304485554
-1417694503
947639255
470245667
1058055195
-812066926
171744299
678770802
97508153
-1368606118
405644599
-460499263
1908421394
319174761
1234669219
-32757210
1703224373
1661652424
-1529493038
-586851273
-1425826634
196242176
2026655629
-1218215712
-79566730
494563861
1079020510
-692887945
589781415
-187232590
853189694
1507009293
-428903026
-1834656347
1937931250
1288641287
488417675
-1940646004
1369316017
1404746988
837995606
417313488
999119242
586030719
-767430774
-1072025390
647559684
-1258477808
1020151143
344328804
-192312442
1312756494
657071827
-661721221
452772601
1813126369
-492616286
627199522
-1211750229
1416650486
70596374
-145435472
-1424867210
103301914
-637140311
-1193188547
30511136
1281102604
-183774967
-2061426607
1399007237
101809740
-891988125
1550034142
-87256589
-1244452551
1112521444
344552304
-1337505196
-487351974
-217536388
-1976422750
-909498478
253891323
286500068
1391674067
-1028172874
620182524
-861546270
-1293748454
-230835118
-2010605596
871095755
-602990218
126295201
-479252164
198266441
-197805495
-658897428
-1809906662
1101668190
663333639
-798389714
489815547
2016019880
1169404970
847408379
1684186838
907438822
1406973545
408944285
18859885
-1729906758
-493081816
1370555775
-2015125275
1496774064
1147779121
-545826354
1108248985
-414118530
1609026212
-168618148
68027178
1777935757
1682468140
-202077752
-23683622
1070589112
745327987
-2011285796
1028144410
290299219
1651713239
-246240459
-1703308960
-1790335890
812513373
1830808873
-295642306
1929992537
1731912677
666155492
614288304
2142871915
-518101857
1795813588
1065719221
1243470847
-1775413571
279761223
-1982495456
443257535
1675893354
-247665071
-962744657
1576692260
718705658
-260375309
-504001188
-891021764
1281588066
1928585336
-601775885
1193826222
570994409
1160091938
-1713085980
-173718277
396197151
-374212346
952770138
1769235462
747837966
-1358085324
447550603
1514231766
-978668625
55908634
1102077521
-1036573031
-1684809313
283007529
-758808071
-865248277
-623039470
1976490424
-1044792229
-1450276008
298616327
-1090384087
872765482
1141241631
-1605167427
1892033609
275293837
-308650184
145038949
-1192163844
1309109486
-902284136
-1287372264
732125977
-814949359
-1089606477
-1564038389
285836690
703554663
-1639935678
-778803968
482939352
2039282595
-1096243130
-646467585
-640993155
-238180467
141664332
1500789061
2096846362
-154967529
459795697
-853250179
697990514
991668909
-1233821784
555443757
1480034263
1252546769
428067002
-457376654
141379532
-2130017306
670704782
585448176
-1820409365
998478923
-1970742998
1926438147
1694732297
-123874901
-1489123335
-111527623
-44772713
-2120285550
-1222559794
-895353596
-2121444277
1842147652
-2060920024
1307602859
-1258961922
-1481315894
-77695305
174698626
-1579145001
-970685108
-722736097
747414618
-226233175
1184061094
-560550661
1674085946
664688793
446843956
-1353655772
-1525788850
-2135900156
-1353786640
-1071213774
1442589215
-1292790369
398804671
439499330
1131439364
111261407
1755225095
1252700153
557094872
1354447258
2014064260
214617033
-1370951444
-1760270355
490451292
-1082026894
-1251812033
962336352
-94618512
-1378943796
716275692
-670910392
-1168256268
-727111486
-2110935837
628479596
722091841
-729645407
-605922597
2085211115
-2035329047
1330186386
-654983033
-934810276
-1283456500
171698789
1409978631
-1223328201
-346913559
-1115951217
85199777
-1853220750
-1447558473
-972524171
1932448432
-955094417
-2116932939
-1305856533
-642007588
1927704340
-2046199681
1617016310
-1608967286
-1247247301
-1156082525
-1375249191
942282134
125109069
-83973516
1227323215
514010431
-322944983
482330397
1896131348
-66190750
635114057
-399534600
1582276266
-1511663125
1406422055
-1553330656
-943007399
-816736376
-1745894179
106620228
-570548362
1612127902
995219467
1373232062
151834344
-1582346624
1829273596
-1204341277
1391919079
757140958
2072604171
1443231388
1589997063
-474146437
508478787
-1598640331
110914933
1480296994
-760063163
1986984053
-1481478017
811025882
-2034130066
1018620142
-135601831
-267202472
-1144870856
-1420354411
899568669
-1030410572
-2101037344
-1017699948
321213715
-1740320161
-1373789879
-524984738
-313829582
-240009387
-446776800
-43072252
1780713191
-96509554
-195367104
-553785401
1427211540
-275659335
1401529942
-1713487123
2037665370
-221697748
245907400
1108987863
-276704613
835851541
-2143919150
-1045154477
449183930
952072437
-477659662
925378863
-677360988
1082619983
904268422
1415632654
-1589189228
-2133663844
-672425294
1927438462
-192460142
555381889
-1795509625
1097976392
-1058030788
290231619
1173742945
1941826314
1116065480
921230202
-266218352
-359649533
1307200328
1344714244
-1344932807
-1406843602
-1609904336
1050095164
-1166394754
1438321041
-1786376427
352406636
2056133852
-1570619178
1156557751
-63189121
223838165
1022884122
242017345
1874734074
-224494386
1830003716
-1963743026
1338902061
1707418169
-1242284519
1644810543
600677285
-623341066
877139791
-159745045
-1501376540
1546330614
1095766239
1565776262
1333121107
-874683615
-2003278753
2128603142
721519479
1119236730
-1903278065
728687282
-1784727709
956840063
1926956146
-302880228
-1449507987
-916096299
652365600
1490331746
-1477471964
96986148
407568090
-832113232
-655867775
14673472
2119593183
-2114469624
1044241243
883464840
-1338239107
-916995771
-1702245344
1467155603
-1610327574
1016246876
1604914113
1603296008
1370901844
-2095045915
-757581074
1977449164
-950393035
-1089137191
1625004675
1458563171
-795694868
2587805
-1446406335
868680591
-1113230199
98618687
575003841
2078953789
2062768872
1517107454
1650860964
906493857
-1067518208
-1169602801
-396808433
666175647
154217084
417847198
2038148438
723687020
166743947
-343485678
-1626476554
-1196257675
2073572340
-905377387
1735962313
76506751
-739364500
-1106245933
2034125428
-1408653297
-225577173
-1694966271
882459171
-37763573
-822028100
-1844760032
-1549807496
-2135218016
-956647916
-2057699710
164619200
-1141402778
-1712008986
-976624755
845538663
-8894014
1242571573
1437137854
202638509
1415615884
-1230107862
629177584
-2015954790
-390360079
-1664655321
1015589342
453012783
-1879479143
-654883557
1303107558
828280797
-119122165
11553816
-712143601
2129358651
1463947856
812105506
-1042875827
-1612307982
-1469795626
-588504504
-1906682365
769845499
-909645161
2077836024
1035131592
796836108
203042682
1936550031
555708013
305534799
670262265
1244166704
-760072897
-1448766123
-1063721469
-338219562
1708103049
-1468581815
1605969955
-918973269
-1197772964
-861067416
-656066336
-359294823
362515601
1579089328
-1089414041
-377798879
1405259022
1779792599
1606949991
1678361964
1015468873
1429983102
156463676
1768024479
-673368822
1557985446
418508623
-1125976717
-47745932
-1797857694
-287111237
-1852482045
446874949
-267114034
-714087628
-1845555992
-85794212
955844159
-1329702876
130721410
-1649772677
1295925691
-583666410
-1284742760
926540622
-394690389
-1948140457
595870755
-1824942676
826833103
-1514179110
-144254618
1861586459
-1308596367
1654111068
-1657621182
-1510752615
1981953757
1275601608
-1955964729
206001817
1961297679
-65328421
1164921870
-1751172533
-163574354
241159691
1387561285
-1825691104
635437369
489480100
-1354017526
1601134221
-292322433
1356502836
-1295007747
95591438
-1835974828
-1367413207
1575849360
1283916653
1254206849
-1923107912
-402543584
499917379
-1031162628
538409727
318237257
-710604865
916626008
-291977363
-1665747595
1661034918
-1220742530
990714721
1349496246
724362650
-413954915
994299153
138748629
303401630
401508190
-1656830547
-31338837
1425888984
-848951972
631869123
1252090030
-2058041959
1236743379
753488356
1740484302
-1580791398
1224056471
154840712
333291393
1280421768
-1894911930
-331576786
1981817116
1909810371
-2018593344
-1634386233
-410074523
1780868705
226407895
-1219376300
461946981
-210019208
1812981315
880077517
1970314625
1099408796
58272472
-1591331515
1739822539
999708326
1013994490
-1974489270
-1847360363
-1907985737
190910544
-696620143
-1643049145
1087971196
1603585463
2141266643
1377642866
1811995058
71992697
666494449
-174701020
-1529811476
-1679978562
1764118110
-1322857859
-769312364
470555202
-1655975747
1591711106
-506038225
626478663
59512264
-335367887
495952100
-2121223731
-1007714956
-895516460
1767708734
1178103808
-1454231470
1955791002
945207856
2039690482
-1324981448
-275518878
2052194393
-1802137462
-1478184672
-199502886
-1332098934
-349301573
418230095
2088475080
-75661436
2002166520
1311645625
1467657383
-1755204603
-51864346
868836771
-138014091
1914197509
867626067
-1792794486
1215115723
1357325884
103552614
-1755115197
1274526253
1090984424
-606482920
286305635
-931054173
-1747994932
-330647070
-1627519776
620515208
-1183995013
1044275383
815390200
-611828575
-718002218
-41782731
1950559057
-807292815
697088466
1696325142
-1396031391
1353178058
-1753107842
2141548268
1319528463
1135931559
52123460
1274076173
1939587482
-1033763015
1653105518
1934788299
149391290
1467727935
1720622572
818894568
1153902084
-684836710
1263044435
2145872456
-1097809774
-293330400
-587111383
1311738856
-1361440286
-1518463568
-766433441
-1751734770
-1114324226
293892741
-827457250
-648830014
416653789
-548970801
935433670
-1505004164
-1167173111
-2142913153
1345069363
-662295266
181900161
309144930
339741249
-1991940828
-547120160
1154639217
887401106
-1010997479
-158335555
-593329562
1517768334
-1600797364
30321237
912464274
-244469334
-378709052
1451596135
1788880109
82672365
-2031555472
42861407
662969454
-1128235600
1083361954
426416566
-70791011
-1673149787
-549107266
553542040
-1339237786
-1954833127
-1472142546
-184281914
1821291567
1916751997
-1280686184
-769643331
566480939
-190641630
-1808019629
1785068568
-79085584
-435997885
-1833370090
2143975986
944292167
-879730872
-848687630
-75127537
-1808645054
1184062025
1976612225
1846386043
-1994441068
1057299408
1009163615
1348788595
-221814756
-261316126
2085173465
-416855868
-2060223294
-1718552512
-1447168540
-799561742
-808140922
330166250
-1279985583
-1196802725
561216214
1404979940
94360637
-2111419238
617228831
676749371
2018835405
-21263312
-573146971
79068234
34591771
-603043487
1177772439
1986822457
1948820843
881288795
-261309091
-498037818
-882976095
-1964796259
946720821
1075880007
-431799305
-2091942506
-818827779
-306469905
871846122
500470668
720734033
205268560
-1487833739
1404368063
815412184
-1640513760
-289001855
-225280306
2011401691
1198523455
1400396187
924835928
-535203049
-678536200
1489687527
-1277133082
-562594093
-212586618
486052948
1499879175
1897255219
1044201946
-505957104
986397372
-255428658
1646931611
239018046
-854257130
-267891841
-2021304978
1540215782
-1458896355
-706128008
246723959
-313659091
788241908
784342428
936344862
1457326789
559056442
-1824240628
2008437269
-2052692314
1339955890
772061186
1578735002
949167869
-1735646683
146911710
-2031539975
-652243355
-848393082
1947207294
1063089749
-356265132
-649612457
-1390788142
1937883558
-1689110825
-974144437
-728037714
-1859910139
-694988159
-119864787
-528183327
1083106087
1719980448
472098816
1282846343
-692691162
1596852658
737589862
1566955931
-272072569
1279338007
325550917
401285840
-1331755912
922147591
514978727
-404872032
1100985689
-1090661435
1713326049
408370596
1919755645
-1187622892
-1303492105
-565596890
1671549489
1434821866
1523766846
-221616908
518779644
-376138653
1228310083
-1240357769
1048607016
-1811500808
-962681365
244494595
-12582015
-639090704
-1745234213
-1050263697
760269404
-1175236842
1574569497
-1074175256
1704773594
-31198805
1212520435
-742648574
-942432147
-1893803874
773123615
2024254223
-796651621
1701624314
-1725977565
2082917556
299425026
1304443807
-1630577161
-865222728
-1883136613
-425503436
-1914477336
-1779753697
-770718398
306470235
-527675714
1986413431
1083493493
233453095
734198560
-522053007
181825115
-1390785334
1143092023
1336933298
-222674168
-892782
-1144023150
747099371
-1881523713
1306739990
-1905588151
1446500134
-1941456648
-1759964244
97119076
1640974179
2073780962
1118863389
-21629571
2001552483
244042538
-1247787877
-29534045
1628804546
-668624579
-247932686
1755086209
-822421429
-1302077364
663480574
1890036415
986618759
646950734
1127235165
1948073639
1918715031
1857690955
1978536292
-995139829
-1027290557
-1860938282
-97847978
-786545818
-1468883374
1612540378
-1129589805
464158017
-553232357
2077616281
-1028215923
-306650408
-1441008548
-1264220942
-351992254
-1443364867
1020902985
-660649246
1771264485
-1997459141
-1622460952
865413452
-697775842
1575865661
1196656539
439604220
1228273397
1304100977
-1802016514
879509993
778101193
-1671610649
1416064755
-469742662
-520160890
2087612543
-1850658566
-581161333
-1348606698
418396995
-24195643
-1690372368
-1966167272
-1962012655
-831412981
-850388935
-345099825
-1763648131
-1973527908
-824134665
1860258396
-1895789323
1098741429
-369404481
-1742095569
-1395806683
145045397
63776557
689765819
891286683
1756784719
-425730005
-1503878296
2091674542
-1628483358
-749996173
238785998
121668764
955585414
1014945617
1169860127
-1357028622
25496392
1906907821
-1569054749
-1064236240
-1748697128
-1171974584
-1675275541
-408856660
-1287503199
-1553583546
-1632089985
2088163254
-1625487078
-2096769045
810489817
1433664764
283023451
-544540759
-734949929
-1647887568
810423795
1427467098
-255517717
-83034649
-2038361608
-572081975
1513767509
1719703748
144842334
777386102
1332341140
-997616171
-1883699316
408216730
-1263902951
1516570172
-1620737492
-125283224
548071742
-1954498287
1261855298
-698964075
216016501
-1323795321
-1839943808
-1250761190
-855987260
-1258042035
2094738135
848533560
713332336
1319409718
1252530513
-1032807748
-363199240
751694363
-771725283
705917828
-1803834556
-209458689
-768049685
775547457
-2097547746
518248821
487083386
759359869
631927265
-1751722178
-2055897746
-937825313
624978031
-148492235
110606694
-619349586
1820125800
765725295
1814593614
-2080277869
1488566168
-593979746
1678836721
-2032771166
1599453872
1598452661
-2009207343
187328923
985730104
341780689
-64348870
-377843860
1263644868
728422743
1460581012
-717436678
-722893211
1991546713
62389241
-410664416
1711871330
-1279330243
384046855
-232244745
913455144
1717227424
101276662
-1529572777
372821630
-273402761
531621356
-1054649442
2035216380
-1991756681
1030409359
937273519
-629321283
1844959670
-1020075300
763565885
-1567632557
-678205806
-1716646090
775682121
-1333172485
-947721263
-1240756030
-1369672472
-1120810735
1944034570
-741423631
-1131148470
42121925
-375158974
-127448995
841080823
-1516129265
650874329
-150048295
-467247270
1802387680
-425602649
-1840275773
1403974531
-1149469287
1160046177
-1188970085
278975016
383149760
-1897760191
1020140505
-1301010708
374730736
1055020006
-733401094
-1325326877
454366737
-1364669832
1046495451
196383317
-376414007
321264655
1466888779
379217346
-252999886
1859798613
1450565338
-1090010330
2056203213
1808483689
-1985726729
1972359806
374465461
23452934
-1863074503
-1131306870
1808661783
826232804
-1885883396
978730707
-39274271
1949346141
1072992304
2007130095
648473529
-39158444
2061469037
135197699
-1514784208
1068122706
658653001
1555073416
-590257097
-190273039
-869245970
-1681033646
-1709616175
-395666563
440499174
1977552078
-236723446
722777303
-1159988424
-2128977525
-1491301081
-713329252
-364271687
1568761083
-1671266530
-123176825
-986642277
-62564999
1058192200
1328504595
-2002580663
1515179405
891569236
1131631460
647375223
-816319889
1789363070
1957184615
-1398449036
-2059565367
-82223615
325664823
-780504638
-2034506303
550350282
-663777086
598775015
623061558
146542957
-2104721748
1953833605
-890894776
238372700
1589763699
771365032
11472670
-675903403
1819528147
-483477409
-862420765
661886236
-361744533
-261608307
1129168656
-158897302
372189855
-185775616
1099830512
-599337435
1601758656
284540098
-1241744799
-2094052144
1707949162
-1948371281
-1885314857
1704973892
-2068196307
140014407
2033700006
-1791958368
654518639
24585413
-1262797185
1935364221
1482587792
-1864163728
561525051
7213414
1220090191
-1517793232
841953239
1909793158
2095805036
-539072669
334415807
-1045707101
-176342131
1457137905
-1036723377
-1161868725
2131320677
64084125
1165236374
-188308660
-417374190
2104508830
-424437668
1206305384
-697190458
-680053650
165341542
1810003529
1542922153
-674525727
1889340407
-372237646
-1365319426
1985092472
1981358490
-568424713
-1567189884
-1647972106
-143665889
-1755975761
-1239288802
86377268
-201802014
731426727
1189847733
1960909873
-659338926
649276440
1841303133
-305890195
172153265
1674135580
-1978543946
-1826439818
-1082244840
-1549591714
-1296485996
1659750850
144095678
310501393
-195645470
920124863
-463801223
-2122232797
-1982155581
507364904
979303043
-686241359
2134037753
1255821210
773449601
462635709
-2093005686
-815850649
-2137604159
1888187421
188309664
-1473278552
476440259
1357249462
1759409072
-1593915240
-1236207110
950113770
-1807738913
-417371872
-315943981
-1939259826
1280170912
-1925580627
271825654
2136680352
-599651167
454568009
-1105002037
892518135
1918225639
-125818647
-1151755713
1462971964
331273783
637318403
-2078809657
1444090328
222007224
790863716
1548429732
704730542
1553488341
-2001339585
-1850687639
1189506380
820196456
-284020344
-1291683398
-578528420
-491707628
-1205758078
265866581
1162558560
-299174926
477125271
-1792364970
1709131934
-1412608913
112711015
974373302
900235608
220340339
487629346
-1542610156
1670610240
779614150
612564506
1766933176
950929450
1878893999
469848723
-1612603437
-775845373
904877789
272758493
-133078261
1555589377
-1024714357
-1549107292
-26665673
-658842853
-1755757602
365965190
-756273561
1975704251
-1087677295
-1841931034
1997969702
-1876020558
-1027446317
523034879
416171522
298898796
-234763665
1765663804
-1960412340
-612830364
1219099949
784047045
-2038657765
-1829141287
-1434649992
1593035869
-1402926697
-1847117119
52167744
1385703018
-1993284237
-1283519746
1796739105
1682427733
-1988727621
-739456049
-1348718652
-1038636012
-1134429233
463180425
-22307963
-2000928508
858178734
-979318395
1835221846
533805819
1191715959
1005465948
440994274
-1041762915
1101548845
-435797679
-1045361163
197628654
82921402
1387371278
1206101530
568227881
-570584522
-504658541
2050290309
1250837455
-1460281752
1562813291
-1343674061
-185036542
-1758612340
275404832
63897679
-947643373
220266070
-1176727312
975952599
347544664
932232759
-1101863744
-1842635905
-1585649853
-1239583010
1807826768
1757430229
-88461137
1654785793
218860463
-1023691355
1114930301
662306140
1092817393
1102079134
-1006201505
-1609914119
1890548768
1036752437
1009065203
110520754
-1659980176
-1767466552
1645447443
-1663695628
-931782987
800731911
1151017579
843842245
1152562969
-68032369
-1403332533
-670935289
-1548922871
1754470615
924843453
-442311939
1572003183
-897189553
-496679974
-1545643250
-2066715866
1292690374
1863746905
-1272562487
-1114282838
-1697081845
1938634600
1642922281
-611965937
-936491049
732074942
-1364580583
-978060236
-1061242135
-1896755216
590099001
-40947144
-467949197
-332007932
1200871906
1247451691
1923823284
324284995
1662231656
-1645229304
-1194375707
-547575213
-1644727650
1862147555
1894832985
-203869820
1738194846
551414878
-310514721
-1906151831
-1357080375
-189480351
870989418
199837099
-317943284
-1304529143
531252212
-374628839
-1908655515
861561056
-500627042
-1448553982
680842405
867899727
556312859
-1160027706
713644151
-653622448
-1844520113
-876430422
-658964576
-289732249
613781810
1260465388
1540809607
-1764079918
-1536051462
746541079
254766840
1976078335
-1644132999
-1119384424
-429086684
352063037
1479411139
-1184793712
-1681484052
1210933942
-741496045
878593515
-421704866
-474544995
281552622
63197104
-2075244417
-1714434397
-636494967
1629078682
-1628481718
-1579389010
746557543
-1942824472
-1045101063
412791500
-119714490
2034358641
-320120958
1017434725
-1334476997
-2022422022
-1899272348
-1476769104
1281412123
-305542965
-824113758
2023272
-2083964899
-511285121
-245395697
-768096066
-1012301379
1835772188
867534284
714750865
1825298402
-805282461
-895308273
515752155
-2122625470
-488566424
67941157
-659025810
-2052213755
983025252
-1475700551
-1819319583
144814248
655562697
-1117815722
1795911364
1749502756
-1648222826
-1037997270
1736213786
-1954070706
282828780
835801100
-109870840
-488651391
-794005535
318062015
1373404873
756265081
1697773972
-6907528
60394980
-1575811711
1157849985
840559005
-203828575
-15568175
-337850602
452873423
1362938552
-566671312
-330985850
-1334911702
-1902597812
279172577
-1778162724
1450214347
-533332457
-990751300
-342221486
35324050
-1732109339
-310721894
892871395
737421864
-782437818
162939382
-1402615522
-1586451901
-851554690
-2065103920
-1160348356
739097128
-2135312448
-1030898476
-1525145996
-106192015
-64529765
-1912856900
1489901710
1577650448
1487648692
2018767601
1793790902
-725926765
1044318645
606911352
641027474
-1912593496
2062587525
472120844
982445974
2072670692
712073145
-2040357498
456980118
-47105345
229959241
1708385669
721190812
1954029539
1412298118
-1739641782
1365216763
695574437
-703026869
-107008285
-1427661148
-806271021
-1465769101
73436043
1977982135
1760284848
-858676086
-1788674480
-1098118307
1063216188
941489094
-1563474954
1176074452
-416901705
-2066382281
1879951131
-1328640309
-958608024
-1741810371
411597723
-1111206929
695413914
-1892301765
-400257995
-1880329531
-1235145242
1379149193
1995882094
1506711994
-1610054216
-2103998802
-1736462155
-617396105
-1151858933
-1048024113
65754823
1914543738
-231632778
-269413791
-324970412
1014693602
1205028204
1533930277
925513186
923311497
-1547397185
1500987222
1481070578
89934167
1087104358
-1704757989
1767533664
1342113749
1786359423
870623042
1746581007
1834833408
-517822570
-1382317009
-1503841595
1916412511
166865959
361015314
-73483438
999216215
55760225
-1666914729
-1823637000
-2020346690
-712820436
2041329250
448893702
-1689039955
-1878452883
-963758212
1588214725
652052377
118844296
-360022009
61897624
1498071460
-1542434778
-2096223239
1064100702
810447665
-223644872
-159687033
1070696218
-1432571723
474391610
863677216
504292822
1508359636
-1100884292
289773980
-922424381
-300265812
-1702073571
1083750837
-1598066011
1491339883
-1359364198
1693383093
-1970281363
-1947000025
-1025553018
1502557297
-95689689
512693997
1228986074
-1592776075
-749526762
905309722
1678993392
-947496320
-1988315108
1344178921
-2132266613
181562674
-1590769825
1335352909
2078048026
-792844285
-1930880982
-1167714815
-308523715
1795234679
129368848
842799068
-1978055544
-182091633
-310185386
58777193
-2022695802
-86443646
1452549778
1467321015
1938991871
1169959341
1750966671
1170882412
-1142086786
461330631
239426419
809310496
1218530061
927569240
779167267
-1866475545
-983915454
2001406571
604300006
-1789522385
-1603610753
405961858
1734078024
-2052658996
235789172
659104201
-1877809600
1247470673
-576085528
-1065924209
-496685419
1729037217
299191481
-1700296975
-1548494980
36461509
-1641009375
707089111
-1488860538
-74708737
-1613684934
1223645476
780886456
-1329798882
-895820861
1606739241
106810619
-1790871789
-1756722652
-1422319270
221571510
-1150139452
937529519
-1785848253
1051488441
1763248159
979128616
-1815817028
1429970524
-963134350
-1866758265
1366202203
-851396377
566141178
-109162245
-1096833239
-187426508
1939489721
1225203506
1026154393
19962259
1136365452
726014935
1631694261
1190760173
1627994236
-1314406308
-1658927462
2089070635
-1991567020
2079237624
-1840426714
-825192488
580212338
-544484877
1836807919
-516518908
-708683294
7930401
-1646620554
124868716
-1266156376
-53690965
-689282916
125798103
-1046122148
-1049088492
-1107815596
-142888510
594330620
-954530693
50459545
-1057346241
163840765
1104801565
978062498
35021337
-1108908637
1927832350
1476471380
1515730748
1559692178
-29442424
-1526797064
1094462803
737145251
-419297645
-895294419
-1011937102
492427259
565364262
-967187168
-1887935113
871322970
1217187998
1142034425
-2053312021
-1424440400
-1260786483
-876398440
1232407341
-881446411
462793796
289973888
1875413009
-1204902087
1558246101
2046976019
-1174634939
1317536506
-794299821
-261917441
998059445
-173273419
1472568987
1979055096
357613104
1572115647
1947983320
-1749764185
862303051
610373716
-1010304767
841324257
-486917499
-260453648
1477382310
-2120252388
1336391595
872905437
1746311660
-1294387170
-1217383554
-1633175795
-29808682
1602618358
467767442
-1522740183
621282501
631293488
691841656
12648169
990797889
-715882685
718062367
-738744410
-361556743
1014315342
-8527241
1284608812
-2015212792
108214019
-779678634
692102357
-1829209479
1474141667
-1310232417
7714258
-1107521011
204017579
1657010592
1951665611
1263486523
-826153202
1956961468
-2062856021
13749367
-1531376733
677974345
-729680460
1021740727
232100128
884986299
709336025
1909613362
1237620168
-396981503
-1368928436
191755370
-607906782
468442671
-903146412
1686209900
1673305067
-681666468
542985060
1427615318
-896981428
1826211021
-1467104663
767962394
2137749839
2074950994
1261340515
-844822912
-1046557041
-881566480
-591540169
1437086577
1105309999
639809727
-1921152062
-1131389327
-1746188532
1319699221
-1360367567
-420776595
1448048950
1482849508
-2124080497
-1629088842
-409423973
194877792
-661318753
-734328755
-1198189563
-1550272540
624348651
1839103072
-1589604283
611719190
-2071793380
-287932908
-1902904400
1245211720
426673804
-1853164667
1729440714
-955535839
1072225049
-1225573878
965401665
892606844
1194666556
-567806531
1676845596
-231247473
-875862439
1648612666
1745247796
-1686965168
-1811107241
82202021
629269218
1251123219
-489856909
-782789902
-1204764423
277131127
-2139125167
-759345056
-69767178
-1043435645
-1796827564
-792468155
-376814218
-1915366389
-1326629330
840444433
-2076708888
1443196504
-809702726
-280362612
-1269536638
1877387783
1758361864
1534081634
1340903544
-1196919759
127515833
1718256865
473558379
1330032844
-234204275
-685342464
189872415
1055466064
-1170891206
253307042
2063448177
324446109
-1019809153
-210888164
612797831
398717979
-1311483273
545425140
-1891993272
-1693243870
-119573198
425315051
-1267613681
1712054172
-2073342847
-2095714498
-1837292134
-563493655
1596535825
-60907993
1475621960
-2028370430
-942930502
-700101975
-1186708605
2027607520
-630042855
-136474483
-1165692550
-2130709474
-653441957
-475197273
-2035416045
610905309
1992526939
243682653
-829037280
1298723559
-492029457
513166185
215952848
-904038378
-953186689
-408618275
326038887
2021320694
35660246
-83579801
-1972578511
1939122345
-2022102212
-693299498
-748100684
1433028107
182069188
1539485917
-732761820
-1754469611
-1550087711
1905484565
-122552549
-593982074
1777049151
320722504
-1555979895
-259936321
-502468144
2059985388
-234445080
560127214
449611044
1984225004
709586356
1313031023
1859608829
-337059154
604478746
805441902
1929142306
1333405265
1413362927
-1834453040
1860190835
-1100210634
-1894242077
236877651
-948478659
260834754
-1540293899
1618795507
-1812366129
-1477254303
-1527903959
-1963390321
-1808151731
-79345459
-49249671
-754088756
1670762691
1610109839
-1002621176
-2041821383
-615784324
902279621
-2093697123
-160012876
-2093316204
755019558
1948874830
1464240651
-435171124
-184381885
1648945787
-1642972955
-418877027
1737798159
1147650558
121635043
1892430991
-508077151
-2129602144
-1529939967
804664522
1503395895
708405966
638462786
-1918058771
-1598129282
332696716
-1721178996
-527045858
1625858575
1303063976
404155088
968049761
-948045763
-1921188301
1456349293
1350570285
-2080009971
2109865005
-528145450
-1286401732
163862917
-1498704001
254596721
1874707618
-1197845463
-310402771
-1807684158
531664929
1132038338
290879947
-563219768
2093765307
-218780575
1860776752
-728935513
-255901561
483902883
-156001943
253651846
-921430328
-1231990475
477714160
-361913158
-877134533
1813949082
-1937987554
-620160733
-1997756241
1201716523
1151881693
1580487894
1688310491
603079007
-438972511
-1761403140
1971870571
-839054772
1987308696
819817721
-521820581
-1848105107
-1553908705
-408099888
-1201599608
-1308631387
-1055840904
790006725
-668210300
-326843772
1296660154
-752248253
822099369
1008691400
-1808682232
806778368
-134894736
-1242921691
-246640635
1108302174
-1489203965
140340296
830953094
1957050132
-1548510448
1094533913
370285193
-938359539
-448370209
786128448
1265565286
-989998705
-1471151706
-1050962453
878048580
1529431712
102639644
455446989
1072543950
1582727076
1063726923
-1605349015
-1380850139
-164047542
2118999466
-335055729
1516860951
995394473
732447594
-2065823705
-1475345263
41176741
-2046979824
-570762452
-1446536366
-995456873
-1390918845
1464246267
1276113889
-922132691
-1798948890
-1299948082
1138451649
-2120707443
1764851817
-893323646
-1545015838
483195584
-1865677476
1057932448
1112414297
-232226994
672747332
1833866650
-1080910509
-504404700
738953394
1310164052
1617627207
1464473278
1969622416
65239014
-767637398
402180737
-1410786370
-977384800
-461806232
-818893976
-936412963
85056845
-1267872944
-1869584413
6300009
-1760978244
1787683279
-694924549
-748464883
1487679355
-1792548192
-1949285447
-1586785230
1366456805
972956483
-239567160
77095640
521074271
-1406843412
153581145
578938025
1451830238
165676478
-94725050
81372747
654630059
1844384312
-1173552518
-851564555
-1849360534
2084482543
1374266767
1143209284
-445201320
440599677
704986552
-577726897
1221667539
586116025
27900384
898631160
911862559
2084832295
-574895853
722491781
283687014
-1808765774
-1532684771
-412986002
-359784704
1531018648
-516679312
608742264
907248373
-260358491
-779311798
259784194
714998463
1780452515
2069008407
35341470
-380222893
1043669520
-1662377709
2045076963
43213410
2057959185
-2092948685
43129472
1529325532
723987623
-1236942267
74280340
-11429963
1499199263
577410645
1270509117
2143062762
384318415
-1792966317
-141105554
-1574437178
-43592194
-1541192974
-798807290
-1694685855
-995969245
619439826
-1706141411
-1819379095
-1476307374
1377726688
836277408
-634036188
-1243602189
1632398333
1394744351
-365033292
625602228
1129660125
586630629
835858333
-79396160
1584098097
-2030650807
-1877514364
-1606036432
1896618760
1110474563
1841168441
996379586
1259839602
-1435391679
-896939785
1657197768
1543490406
-1185299141
-483511574
-887511198
350960101
-1466675196
812357616
1765933551
167446110
862047971
2062789027
-166541888
2027059284
-700359326
-478720873
-371119346
710318909
-515586971
-610245664
23658542
1955979181
665218685
-1210167082
-849795070
-1104794957
1490668926
1393830683
92605362
1078589315
1103365454
279180509
-1622215780
-1223463083
290713599
-1086173352
2007661448
818322315
1334693664
-1682803810
-1420454368
-1641408999
579878480
507671450
517591966
646437921
928856851
-992213167
-758194234
2048272092
-1249159704
-1644270997
988965655
1989832385
-357539686
-1422258702
658043709
-627639073
1167601110
-66117032
-667017527
-1921667442
258946557
-1600373314
2075303971
623431494
1798452539
-962944397
-1529818178
-437965618
791746264
-1090917958
-272593522
-47789672
1787085262
-1757079856
543541687
1348718955
-298018150
-334014932
-325241722
-404245438
687984214
-1316557560
-1432044124
-242578572
-1992574201
-1211032288
765307528
462892308
2124548404
-2047213383
-956769235
-797666918
-35763529
-574643484
863321093
-1110609982
279458518
2087704579
-396131284
1211839155
-807093355
-685466996
-245246240
-1255690652
84003909
249753612
989124913
837498427
1364014432
-699098513
-1702148876
-1755121162
-425781864
-1349183107
735323645
647351502
-1315111891
-1190215513
891238028
733723353
73161854
753722628
-469627129
-882962257
-578803997
-76257387
-779031
1871952208
1834392249
1172578256
-2059496198
-1280567739
1698276797
2039671388
-960703296
161527300
1858430109
-367435752
-1145247947
131239064
899520716
-642680479
-132702023
-1641704831
548677525
819372436
579798601
-924062248
-326109581
-841679151
-1342245903
-2064119369
540326047
1788801538
200488575
1018052567
-146701847
-148106469
-261059463
-128649095
249901771
-787141213
2045592144
-965974902
1973752250
441778546
-247243308
-238733823
-790420033
1095617467
1993706731
882899595
332867142
2142231628
-947401859
-1869284246
-880405450
484293396
-2000161614
1419693466
-1485713343
-819027483
-1544440993
329244981
-1736752516
-432517509
-1373862467
1885198103
1678174002
1934979261
-1894135717
645094853
-1172515596
1831745858
743701589
878956170
-415592460
-1822634986
-643842874
-2146834462
-551666029
1755290557
2116163450
1582123548
842535735
11006071
1836530920
-1751082438
753401698
716382149
-662717602
2122608411
-478477313
134297644
-857097858
-2107020069
-650333441
-1255922376
300868584
168702586
-1457080796
-212955197
-753466824
-484704837
352415516
-746979722
844785458
-208721586
-244972335
749730448
956215356
849799472
-347901441
154811622
-1791260660
82438482
1401776390
1614423850
2036097185
-1887194504
1087709441
308809071
1391417462
1025046884
167338006
-1379986452
-320815371
-1351664589
-1843636465
1826792703
-1721373655
-2010754554
434315817
-128531595
-544120904
-2054631196
1709966124
-512443128
-1214948593
1096969694
1940236475
-1516633816
-279352610
-1390822541
-1383917843
1269243902
-497380409
305982006
1798112539
-1430178387
991237713
-1350078547
1930085627
-274184742
615644706
-362760324
1703544557
-1709618322
-928911251
-902675773
1227755413
-2049245030
-2140017239
-665149
2112107177
2139136795
264108675
-280841273
-408639733
-1008846658
-990188
19577153
826542106
-1092741082
-960523434
1520911410
1103829060
-1826637363
1547805652
-496565553
-705718049
-742124216
-445632096
985981025
765610809
1431047886
-420539766
-20309908
-1068273939
-978208518
1368649358
-1701062637
1657819512
-1892847921
-1721635955
-1831398982
2092024587
1621363197
-806887360
-245143827
847021217
315341154
-2024127895
-210744193
1913783124
-974570541
-1549712310
2044579062
-635374356
1239384859
1965479259
1166314790
-1742034503
-1251474621
-1112049098
-1176045797
-1129633886
-1846922733
-41668650
-451956932
-1489018243
63765209
2088947200
1895806892
512107936
-1283118488
-2041733888
475063795
1311605431
240129891
-1015410024
2060947165
979884503
1589250747
1047128629
1180208290
-2011115821
-1593561995
-1575416732
286720838
-1510228018
1047918768
-2103576189
-95451326
548049169
-1327333146
-667309125
1038912100
113566238
-1519780495
1378821165
1729770227
-768278523
2130998097
1164580715
1058930966
147925237
250245676
-276861655
-1724324235
806155541
918367893
-1207335117
262190112
1645738132
-1365279600
1678607266
-16252241
-1166281986
-595235243
-1607078326
1274673323
1855856593
303602516
1652725110
566334252
279739472
1877693305
-506169897
736777411
-1699146090
1737835185
-323489352
870481561
827505133
1995983019
1614727030
1512388568
1644924000
1435797731
920550191
-942323895
542339470
-977340709
-446748743
152519485
588596928
1862132395
2083646166
-1140565071
350440510
956516796
-1253744475
-1040375124
1752190942
938799056
-589176230
733345516
-1999082275
1194230852
1988000817
298644673
-1844087567
1604999065
-400896353
-28077769
522737310
-1090427600
381243082
1706312570
-96332600
1270592852
676895291
-2130780042
1556882313
-944350338
-92155438
523013309
-891732412
1374983379
-479383558
1352034478
-1669002502
981846768
371019292
635984594
-1185276197
92438250
1122291032
-1131701111
2067478560
-1178705776
-2066655630
68873445
-926564073
-856812046
1152525578
-1255371307
938537087
2112059175
-752905712
-404983930
34478869
-1905573303
659313013
1245916677
662964846
-1383887932
2009093926
-1163082456
-857182969
-1605210416
2141755189
-1188290898
1773646746
951632443
-429517479
-564732251
874311602
1406457195
-893782120
197595659
-2109700223
-1652196957
1049858114
79078328
-374484239
1614666629
392205089
1407368058
1439495672
-1367412521
-670111251
102984577
1349487664
760446601
1492311045
-1593421827
1346632102
1903688438
-709132964
-1870592763
703362289
2074595434
231381169
-390424902
649338502
1880998884
1994688770
121196460
-928138933
837649436
679458370
1001687420
-1129523095
1622713543
373467465
-224369727
-800876954
648120856
-1782912245
-863795921
838609266
-511506294
-1522130164
-343586058
-1650005760
-1784955684
1271539987
2124745319
51026072
491282525
-110100963
99698909
1808665579
-1856463511
-1939808108
-283111974
1934587943
-1807865805
1891889088
1549251440
697239180
672014275
-466742659
705288417
781679679
-263652542
1235031342
-2101847159
-1087829154
618497909
2133996273
-1969849860
722968916
-1071662969
-1989181932
1467385195
856639085
1303663626
-1677796410
-1785281205
1535533740
821999423
1967163153
-572100297
-1227949092
-1095877227
1128943367
-125442795
-1380630300
1658653551
1843397691
-1932299400
640349791
-1945485014
-327104141
965245509
660904044
-1084892578
2032941979
-1048535656
-339327551
604290403
1664984315
251612392
-1337210874
-810041578
-521490516
-706349464
-1879552672
36216540
349588296
-946893648
1032824651
1793867494
385858016
-1356053860
1873027756
636066998
-396298190
-1513971340
-1608430298
-1205252638
2114909467
2007588173
976042923
1721337112
-421442486
-1801483346
750724694
1872683873
-858884042
-1646321547
-555520648
789223849
1149546321
618648827
-778937360
-158163330
-2120818563
540990838
-2088748352
1668348952
-820477249
1419907231
-224228900
1889237657
1123691570
-1548524140
-158371261
877996693
1629758525
1035725822
-1818639021
-1544580141
426468616
-785145226
-774038183
1772719189
-1135558613
1762512676
-359468185
-1695155307
625023656
-52445527
709017194
1096093201
420017179
796527934
1961652091
1099865353
-744706769
661315101
997056373
1422184071
-864403116
1130472735
207159751
-658361953
-1677695058
13854374
-143003510
425122552
-1587392688
935891388
1202267605
-3390070
-6395223
-1314137988
-1015581104
2008021928
-481165762
-1669092688
-1475960569
1035029569
-626366823
-696895813
-214267776
-1504800670
-1487910528
286397625
-1331926770
1792197886
389555818
1188298724
-938827673
-336823055
-1878590930
-2113650119
199547508
372469570
2020665853
-124996006
-821184664
780281256
652421522
-1626176586
1326989076
106794831
-2077650777
-1934821146
2106111352
1006402523
-422341718
2051352666
-1049254756
1109213869
-2010934352
-616551628
-766562399
-1980229020
1083095466
718286451
-899677422
-1585388378
1468190934
543600212
-1795393921
-1038912993
864736375
1082426356
1317647180
-1009679671
-1539169081
1137355065
-2066746170
-794163602
-1844340948
-822552845
1369978230
1802854762
-944712278
297099581
1783029178
1409989045
-1441152615
-640944599
-1486207088
-1393651680
1682099607
591864475
-2016597067
981150175
-674200897
-173883019
1537887214
308776519
-1975671526
-1584154380
1461710500
362421463
2046602069
63154777
-1089011786
-780140676
-267616844
94730187
-633673078
703790352
-609898426
141673595
-1295220379
1967878180
1581558874
1973998345
132875772
-1982568962
-374833871
1047094822
-493377717
-357291548
-1499122700
1707247481
90376356
-1698971493
-165407000
-1272948538
450733578
-1313597398
1553666015
-1320004787
-278779457
1021833187
1592266225
-240412304
-865990885
303414435
219434604
2007252631
-287838562
1826950488
-1488011000
1617733975
493154121
-1766902845
-492045473
-1521323055
906877225
-1625082498
2033020827
1877503576
-1663847117
-1102493376
2054740592
970565718
1287349847
1172989024
197401676
-1117150353
-913979442
-979067753
755560909
119674086
-1030038345
-365075959
-1562951821
-699344576
616555745
-1437674106
911467670
-553714138
-111580438
8240908
861751706
-2026633585
1953996680
171567248
-156361376
-521745122
939300390
702734589
-1100352001
204449992
789657266
1346857853
-33109837
-530204743
-1558775627
-468312330
-1639879403
-519342984
-946750557
-1304823338
-1308975220
-1425213112
107368564
-1064964589
-725797117
1645516241
-1233155981
-524375699
646283740
1256233728
-1783308971
490872310
1701641763
-389054166
-1460992372
-293564717
811393286
1082510455
-333967395
24323396
-383966844
-1847372931
878298415
-545762847
-818087323
380881963
-1712945242
801013285
-743630999
1675674344
-879894544
-2048273872
-843914812
-1633067013
-2097192482
-1188425016
1482661832
549887788
1969468726
-826156128
-617784348
-1683432021
675076039
1532017117
1947125452
-1503272399
-197137220
1665526485
1952352505
-1581464731
-1205064395
-1124482279
1743632212
1678200960
-1580741101
-1840774731
-1523032275
1917247539
1818554131
744854453
-624796302
368355783
1071507230
-951022613
252572956
790367366
1243185630
-622767376
-373237524
-1446549159
1696400020
1919964007
-1532781481
1395552946
-709165016
-1317820792
-1384988738
-392227157
-129274239
665617628
1027066849
2114479983
-1429575402
-1028358331
441725077
1184966105
1669370565
-382286783
1993267893
-979774886
842079971
237106543
-1341082282
23357471
-990455917
65229137
1598786109
1880761970
-491080357
-1048300206
495580565
-1993733025
1757666292
-1584448501
52322524
-1375671653
-1870000032
1697807297
-619562722
184954785
1139866690
963160370
1335219302
710332958
1369690729
1749754513
-1081820560
-732299889
-22140755
1380656845
-1374075741
232875303
1726487294
1378925849
-1071265475
843145461
1486425017
-1616768856
1557710288
1609251142
1779799357
1994278072
1584708844
1641432135
1465024702
1568867538
-793003235
-2052408849
-1162881448
1810126159
-1034307817
543908379
-1126409625
-185440226
1536704815
-7765766
-991753195
-1541310013
576271885
1830856106
-1199998669
1568930466
-386045792
1775124259
1186921293
-2004383619
-424183983
393419604
-1576390152
1707703354
-484818822
879441035
694373997
478154729
-407524839
-928354023
-719387557
138502406
948678848
2079537461
-587779080
-1128148230
1112732112
1346766624
1849401688
918001127
186328294
-336112246
1736854786
-810986076
-2110048108
499879988
-1039908416
306861318
-961018285
-1722881323
-2145588298
1315338593
1255002552
-57064895
-481342282
1518668366
1060505318
1359768520
549298642
-426694227
1013312580
1486722780
1918193202
-96253971
-90555538
-283073290
-217440474
334960778
-1907436176
-1927898183
1014578558
-45233449
-50264527
-303131306
-591831015
-88831235
-1190261971
12243762
-379382853
-438071485
1114034534
-2041456954
-1170920412
-102091377
-1746067812
485336263
258388573
1302394156
-1847748165
1708758662
116974676
-408803124
-1678940524
2145475992
-1905190485
-109644591
2096711887
926555577
-863264308
-1498034745
93291040
600359149
-34214080
212099893
763158457
-147396120
-1305500607
