-892232062
-829455567
-1833442186
1507599671
-1262262476
2145799238
-219616988
-52598442
326513426
-802972085
472253119
1627026581
-1736791634
-718810611
1817783637
1991977507
1787249165
1363569826
2132860031
-287864692
349888869
-1885875999
-1862876730
-467142066
1801724454
-1037036524
227677506
-135160916
1432848190
-677254676
898843780
223381953
1530863513
942660533
-536794187
303009495
-1536008729
1115504330
1509833982
140361721
-502454111
-2035048886
-1130481110
-221782074
-905353652
1831373835
338388106
-1813734777
739150335
635112654
-541833447
-1300238460
-369171421
-539028556
-1582727457
-486319213
-402474118
2118172913
-186309223
-1398957839
1144877666
1649432510
1122747033
1166411860
1180253273
-1125965932
1523639787
1927616320
-1361434685
-400251754
-1306013255
1202468761
-1779335189
89590606
-1660234256
1329413241
1570163527
-459773029
-1110818270
-26595261
1530653183
-1280416022
-360836691
1012135928
-1899620176
590900644
-859589091
910120904
-959587476
1656514535
816030670
316484844
29627653
990426487
-651131690
603713714
1085984395
-1767786250
1848391201
-429532967
-1351322862
1352688211
-1138953508
135276830
1447330743
1053453440
-1040231913
838175254
427362277
587481703
2070411941
-297895618
-1212924460
-1110982882
-1246613178
-2114443696
-1458417838
1313488216
-1459182328
1422610903
477040326
-928011745
1155014121
-1104543483
47972464
1179619007
-919998015
260315844
-745065483
988562949
751723358
327172618
-388517350
-888418135
587812848
741835121
2144109263
-291177208
585485991
-1018717178
1081577328
2135610901
1448322714
-143059104
-52566714
-987001455
-1458848022
-906800396
379264083
-640199302
-1920406233
-2117451608
-1233263026
1310121152
1532282353
1700172453
128977388
-530554050
733893602
780300913
-951300511
-420112153
-1156917077
-12446404
1181293349
-89932736
1653537916
-418332295
264687611
-1060983795
-1373565015
-423618128
-1749214930
-1280909233
859521674
-2039431022
351454237
-209355155
607057826
-1888966067
-14690310
1846082736
-63400958
-236146911
-556665138
-1412953868
-1806339601
-1014484173
-2111354177
-407394660
-625747518
495384481
1056211861
-1999849530
1370432783
1393715414
1594796154
-393189953
-708284407
-341508578
-541474303
1974344889
103709989
1318813308
1305059433
-1632039237
-9588996
1893023419
1024606753
-1563266600
-32818059
-892228414
-409362801
-88543837
1969029922
-1513440212
802478348
-933434399
1344379882
2117142552
492249139
-727924608
1920112105
-85475780
83410267
-2054759224
1508178835
1206626112
-1193207711
-1028685361
1867154975
-1846419383
843494314
-2079676878
2009604898
-733996589
1113875559
1368523521
-1491292039
466186179
-1705817318
34241531
1564283500
532164284
1181569113
-1128573190
874055695
2034113200
-103536174
-2011367760
-240229909
-1878390086
-436917361
1571556499
1556512478
1197141547
-2002622087
-597068266
571749183
-1231712542
-841093854
-950126311
-1708753339
1891869921
284951486
-1224846431
-1459179096
-1783099621
797829234
-356756789
1419702152
-1224915566
-1076474159
1456137469
1768956558
1869633697
412979618
-1339499681
1408029777
-407105130
-1185707545
-639152503
-1707047430
-1190328189
-1815522790
694213245
1688301354
462472021
212695481
655631831
-1413167334
-857787867
1369009413
-566024125
-1007944701
-326165298
-81324795
1234953262
-2122089279
1479235007
863106001
-1102673985
2024929458
214418961
-1512619764
1543514376
1438726628
1355982555
-134427983
-274165384
-549978770
95386565
509517331
-2128819052
1578003998
1936630491
1948237086
211774950
1390224724
852331939
-2032507934
-156581323
310433325
-405211280
938517074
1578655733
262866659
994815224
1705397832
-11744511
-881165198
-1353074396
995725771
1254956935
465321087
1732315943
-1849714284
1032845378
1142966645
-319428142
845096910
-2135292945
1186692337
785565733
618336029
478805497
1910645855
-308785368
1966791138
1446968950
335365093
1250144507
-1333780036
234837334
196518783
319723820
-54830255
2138399961
-1309275542
1565347400
-1950672307
-1187303615
233589958
1779751092
-811789910
2072284105
-133230730
173818557
1865962546
-1325189419
-2119014838
-1058454036
1640798530
218050922
-1038372768
-376833633
-1109751345
-363781153
-776251705
-1994238252
-758818386
-1483491372
-420392604
1458414920
-937545457
-121889437
-6646247
-1396628032
-1401017782
-57069675
1977865763
-1960931931
282847198
146533400
532688323
-1011210282
-1063909707
-1220333010
-584537568
-1023299911
440135852
-1422918425
-1674327701
-999410797
95605587
143035537
425875780
2134681369
-1980973328
-925617297
-529442981
1590548295
-482070070
-638010966
349616218
212334191
-2081516637
2139982980
990460162
-1356791916
773612933
1580477651
-351167084
-1738896392
-209311295
1052283052
-203029647
-626201101
881936436
1015770205
-604624636
187213061
438858444
853776033
-799420449
1974632239
-1659417014
-988480498
1468046628
-911213698
611410760
-190917167
-2141905882
1199489511
-2037867650
1901729694
-1313159345
1061897306
-1250439360
2035042529
-1167508669
512220432
1300899658
1966226745
-1130039227
-880345560
1360025280
2014928934
511202777
-338672015
-1765740177
1251313664
-1139438421
1123127177
1305567832
-796097494
1362426543
1242188070
-1043773841
-227550585
-439286392
-1251953229
2146054048
55601197
617824045
-365568994
-1256057838
465492313
-430133046
-1794751760
505343406
2032610465
227373027
481478813
125717986
-2122009233
-1320296001
-1427231459
2054941089
657412525
-1830924029
-754900806
-416390738
-1755724099
974633372
2126507051
143772442
451180972
-393023774
61474274
-996951029
195491494
-1868988422
-119723870
-749936450
-1685718101
1561722491
1326104403
-1328522034
-1110246782
1122995027
255310361
-189170507
-640858642
-728314389
553394338
-1775993965
-2048106977
-733431415
1048114623
-632856274
-1709305749
451790070
1351630902
-341033927
-1835377091
-1899857824
1783909589
543046873
-526753971
1885369729
1818262986
1248818020
828281617
-192061953
-2128659662
-1739245717
1774474610
1470577686
1998969071
1442151162
-1938724157
-1696837260
-402094658
-1675653602
-1516775698
1440116835
-711616633
-1093724505
1220768752
1197490989
1183369463
725631022
-28968058
118302139
-1816380340
-1043830695
-168986584
-1085115009
-1058646161
1826016093
1862029622
-1525974125
-179253945
1790244036
-249993615
-716221150
317089867
450295919
-765333844
-552436218
2042260057
235386846
-1288827454
-377232974
1157993926
180205487
-608938550
-1397778862
432157621
-525776540
-2117621879
1039115824
-405689428
-2141909655
1622025768
-1756001447
-1976860572
1371410772
566702630
918372736
-633420321
928583278
1973526415
-790293983
-1146329920
-833713039
2038602605
-588022039
-1592672554
420474003
-529468289
1334242900
-1509914375
-486301501
132102952
-1073676648
1052372505
1663505201
-1840354134
293184193
-1458548845
1147732500
-1260118637
-1595642340
1278490310
-1654172761
728651639
-1649102375
1952861158
577218163
-947675682
670257387
-858692081
470950355
118804096
-796692941
1919748253
1340754613
-1145581393
1149327580
-671489606
-184950627
-240564204
91839240
707730999
870188783
1261059741
-1142272340
-1119312224
1034370669
1975122357
-1167975241
-409757303
755036925
972779190
-608138631
-1198024914
555590064
-1608971621
-653330110
1062253115
238082815
1618002170
958528586
-1529407001
-602888874
914200112
-266082096
-1324428986
-1658059818
-107800355
-445266812
1573586911
-157506217
-1621983598
-985254359
-1082792068
-1980366933
1980258249
-2028708746
-1442387135
584342313
614272789
-716263619
1394545664
693277289
-240015462
1385975503
-1748791861
-4879796
-819630402
-1990105699
581212873
1493739070
-237464288
-134905822
812111693
-1604928322
-766844216
571277056
659172132
1491030046
1089796768
876939113
1205795886
526389127
1680728355
-1680632384
-621316561
260498496
-1806321068
-531392897
-166331417
-1222570193
-384175376
448735578
427758943
652221087
657869030
19428005
-96833659
-824859581
-1940297978
-1125933326
74170619
-1487715462
-1643444231
-1764033282
-527128533
770445268
-1143155599
233853389
902682270
1042910164
1410232480
-1545811182
1159142798
241039351
2137025773
-1204603948
-473747527
656036341
-1403449883
759058255
-167957385
393118790
1324949359
2041544215
1404258318
-981562905
521029444
-1028648573
185804101
1650428509
-533493091
-701894328
561624118
1440494073
-2107114707
1933735779
1065462376
-1963996578
1546567505
2035066428
1811474461
-994322624
2125130117
-232383224
-46768409
1974745966
-1805855974
-1102811538
-305181312
-1543886319
860745253
351190381
-1841044261
-425826251
382943930
1551484028
1713941110
1812439689
-757200038
-1021662478
-103601166
977394530
1985291433
-884519768
2061883364
-1295502075
1651065955
-455026724
2071990253
-1800758235
-1249825904
-1999641256
1788135431
-972745046
-663074825
-578326830
624641826
-1596540237
-2016577329
307644310
2045959407
597856734
-1896944964
-1547371678
-854875910
-1943737146
104546041
112736144
99847934
-1643386163
1513320913
-1729224070
-649554828
1095383578
-1997786029
-1645263591
-2004524180
-1752738843
-1616073403
-705565969
-2027413856
111196401
-1845242536
1522080806
-1416678714
-1553730982
1952113309
-1016687111
-927338203
-1948165488
427718455
-1647745709
-1159741589
137622179
603948882
2015954869
480899261
597346240
350759507
-1943587236
1661574158
310684923
-2142254256
-2007973982
-211549261
1559711054
-920818494
-1936190812
-1335533001
-473507359
-16911495
-1535483612
1316171884
1923340427
1333767375
2050653105
-1363920702
1834538648
-56392672
-1481978875
1211501531
199885772
-1152935047
-1934487123
-551769506
-1813710425
1909865359
2018297071
457340938
-1655754005
1994346225
-528006169
-142881778
193328987
116513921
1863003635
303215256
1313521604
-999410400
2090635600
54834092
1499682368
-1168062296
-863383803
-2133478602
-1444596039
-939469281
-1411688193
191381089
-1950878804
1013803816
624864893
-1937974743
-2007850193
620127932
-2072364371
-536926417
-1519085516
-1159302374
-1863452265
190901963
-1881543665
60697340
-2139158726
2075159911
1861262389
371187210
-645235468
1025011210
1671118918
1194240147
492716326
-1106375885
1499110476
1612370554
-612586217
1884891368
386372421
-679433874
-1831195367
-413008883
1725644254
366889565
-946716951
-285265159
-988075647
624430634
-746360229
1436914502
-1784937583
-1169519204
-48738250
-1315757848
984429812
2051305626
863849308
2141004416
539242961
1492221077
-1058922450
1827247858
2070315418
1004770884
1147618862
273805364
29213516
-21124457
742283237
-2051659927
-1993264651
-24136988
-1349610234
1382317613
-1848349322
1701988455
1293738706
1462468914
1043565450
797145833
432598718
-806281205
-1249856250
-431104323
-1763223724
50523720
967299938
582878707
1721433942
687923650
447812215
1197070536
1909321512
-1299897801
-668779894
-2018475685
42756207
-1480540648
748889736
506519206
-326430732
-915515231
-266478957
-1577078101
919294414
116991274
-174129475
1380319213
1390371776
214418365
-1815231982
654527009
-360609313
880792295
-299472421
-1074352603
-1320648328
688933587
1772556577
1273824561
-1602406864
-1768032876
-838181776
485590860
481568107
1414437057
1158882780
1673634048
-233892879
-2136693690
-803707576
96202832
-349046321
31881849
-1993287451
1737333994
1111509115
271164779
2102538745
-1956610152
-387584198
-1085567616
-2018522655
-427832068
-423509562
-1582922430
14754649
-1349503108
-88267478
1508589169
2115550201
651410554
-1908988175
1752431710
976744962
-54488888
-1901632897
1609045880
202703450
-1279926181
1035950269
2069603879
1058300629
-821013187
-1353245188
-427794728
-41485131
797678024
-639860206
-734394536
-1017967756
-235058672
-1882581303
1111098725
193307584
88672417
-786581382
1449845890
-389601594
-298538390
-384008972
103671051
-947051086
2126425591
690760865
-319166328
1300789622
-1039633946
-1821857301
822890309
1014403787
-653730157
-518133029
919706401
-882293131
-967608555
1488283907
-407573594
-251094582
730531182
1445997470
73574234
1065767796
819353085
523554805
2122049108
-533506955
1495316023
441136131
528314897
-584909461
-61396330
777365339
-612995449
-1421269995
-831615024
1978779209
1935147131
54746389
-32629940
-2140576968
1835566351
-1027170825
-2088964399
-1585569198
-1342558562
1219918705
-1758940288
-924800147
204348108
-2105833492
-1845071868
-1680959963
-242600488
1988269635
-1066529273
358642757
414809907
1176954057
-1255914777
1724096106
-919370922
1961194640
625856425
-1238259990
469835472
1272451304
843205677
1546753777
1117904542
-1017459930
-1562119773
1758288365
-176778818
-777589082
-24831939
1076362027
642441222
-262491886
-960799706
-1786275390
1658911281
1016406755
1863032242
-1347406161
-973097158
-1446894553
-665235243
-811941567
1286910700
1051353477
1706479577
-1922693705
377569722
1796709758
-1881430709
-1391107545
-884847157
-492975627
-1218379466
395011488
-1240436391
-2095204880
-617362029
2053946771
1247207995
463360928
2075071999
1702499694
-986381633
644209310
-87509330
1135987849
-1977111619
-133412233
300254879
613721669
607421416
-1999302294
-846630639
734451826
2107832423
-566895761
-378850763
-1894179855
-1124881757
-2075341445
1538960164
264479642
796944226
1248375042
-2015100654
-1049158305
-29623531
652858301
-1895236668
64364977
-391481491
1575657389
-636659905
-989088478
-1835024845
-1618268322
-1918239551
1276493899
-874814120
782983792
-1748609292
-513498641
-1435088821
1670592083
1570125153
316620640
-75015542
801204049
1726870306
124598049
-441806980
353672657
1277547739
1142888908
678292348
990096345
1946210795
1948699958
123081272
-1528979756
362429661
-1555006000
409790012
-1135433323
1788935972
-87113137
576851401
1746086555
-279028729
1748161935
1315860715
1063408278
326201050
-1064039756
-609680182
1565404969
1728567406
1819795346
2106357823
689380849
1609519050
-1774300850
-1286433366
-1452479546
2137197082
988567365
-624726526
-1245174720
1479749095
-2039961556
73638189
1753896317
-1810643576
517811575
-1311877231
1844988960
834921687
-1590572802
-1900232470
1271761820
1402271272
-1464119074
-620352419
593004209
-773496201
-2004621923
-318698035
553868342
-1902049056
-79690095
-782334866
807738393
554514771
-1034549119
1293891223
1295243428
-1286789497
-1701588340
819566299
590350337
-530119890
1619592521
527885913
2007366144
-1990115733
1698295855
1460504659
992634390
630363008
541194551
903117565
520312232
750182604
-725460289
-1198192233
335474313
1007024627
-1125885007
-121828419
-1769086527
1370024286
-1568381468
1065698813
-1320189296
1857901798
-720527678
-289095766
-174470734
-1763837493
1927538218
-1337777681
-1587033885
673346538
1781817238
-823561178
-675458396
116900911
937617792
-1554921110
1278663231
-380220857
-1244846335
-1137986710
1751699465
-202300006
-1845362757
469012096
-1574830617
-716820104
-921257479
367000321
416851986
87363729
-1800334572
616437718
1187149342
-281609302
787479064
2104644171
-1953273801
-1464318066
-103624538
610721574
65035438
-1213213118
-1856416229
1335243003
-1260000845
379578235
-32202511
-830144578
-918778012
-2047935404
914606693
-736316006
-334526970
-1103183301
-702730150
-1392552704
-1107579759
-682477268
59732349
-722785278
-1391436943
1114868002
-355235928
1079372000
-255582325
-782419255
-1789156213
567010275
390832509
582076279
-784288631
-1642483095
65092906
1581757533
-368399393
-1005365439
-915403403
-851464967
1087242763
1177396280
-889360309
-1623371569
135987051
1246994675
-1755822361
510830679
551665955
-1599403265
809858640
-356944584
171448132
-1583856858
-1160418266
1073009079
622633257
931347460
-553210977
816370537
-115028956
1726234073
-1936349493
1918706992
1438226522
1211667359
572155935
1765461092
-413054997
2028762463
-2036805584
-1968927409
1339186261
-1152859200
481323966
-1500732705
-730954215
-683120416
1306863092
-733889130
-7705953
-400395674
71981805
2090368453
-137272234
-1986840361
-982643078
-1745494792
342008095
-843044823
1257917218
-1240319308
909591275
1580662165
-1201738391
-1097596833
1983342242
-1857909071
-1187618987
-1206120321
-1386334906
-841192003
2117863469
-431131353
-1884593320
623116092
1322480771
-1979907667
1973600890
901305542
395016821
-934487136
1493223765
-186687204
1660476974
826482424
-229296708
-399222404
-1510458701
-72740465
-1398592239
1378113591
-484494628
-168060464
1278770919
1218614400
-819908961
-100602707
-1797001751
703775621
-1049876332
770352854
-70475015
1141339843
-1920577612
-919288537
-257216869
959941526
-1694662300
1626157153
-1689863020
-31293425
793108402
-718614500
52387278
-1849376503
1593116637
-202483460
-1839690626
2000307582
-962876134
1401244195
1082478216
-1044444394
1196923797
186306022
-1876321759
1147291649
475293621
44659138
-254091082
1490707973
-988721756
-12850800
841212940
825563866
1218905358
882528760
250493351
-671075915
414223655
-1788565981
-1468653456
-952313310
1931883763
-579707724
552832145
1362661398
833250241
593125367
-1553101405
1149497668
-558111240
-863644325
-1512344821
519115695
372883989
-295475171
1460228769
-2146946688
1390467571
1316490054
418108817
586858009
-2043945907
1566926551
-328634490
-1744160663
662850177
902652993
2069718020
-287748479
-1020553578
176000538
1257979413
192095847
-1253597824
-1362872562
-905994713
272490538
1767768482
1534893075
-1115323852
214607158
-1339414125
1384019424
-1020957661
2110183657
190965540
200322463
-1720317330
1920417381
-24048991
-1530517280
-413382908
-916510809
-721131945
-22617903
-1189945233
-1522335272
-211614122
-2030651220
-1380978375
1322701539
-801333128
-1076967568
1265699212
1398701127
1841332385
836045011
2054995736
244242221
-2009041593
1546234230
928175928
2069626301
1163362356
-144678310
101871447
1163023788
-1362866294
-1796237422
273663888
-1747111911
-1769749752
1692806714
-2035706988
464982681
397934987
55856551
1743254992
1374485904
-173219114
1558347743
527272143
-123780158
-669863531
1909843275
375724764
624936745
1301580190
1735880618
-862126101
464957192
-1803561350
-1933617079
-240443976
-824972480
814134820
-947567248
1124275760
637868257
352273424
243847967
1247425552
866950147
-1331818386
-642944262
-11862580
535823063
46811055
-1207969919
1910805169
-1432287752
1737379400
-506831229
267400781
1564850694
1309660341
-1218367788
2121903630
964281973
849782720
-1297744579
-87206616
1496036770
425312514
-1664176973
2078870204
1658237479
1274960810
-1963377204
2106285622
1158301039
816648572
-1647656594
987667958
-1751716980
-704822244
436093641
-831280078
-1898999737
45569676
-1264329594
-98910695
1002260856
-1565361421
-585142976
1902537020
337896088
-895805280
469344051
931636009
1946881428
-55898547
-275957966
-1426614439
292113635
422401191
-1043996962
290355019
-1630868774
2067449101
-205201900
435464432
480285246
884344984
-1869383769
-1051855031
1871076379
2020143963
-162407089
97823054
-1517459757
-695873557
-657658144
-409689327
580864633
-1829544159
139737278
2127885603
-2051801505
-1510830050
-1219697265
-1967096266
587727853
-1021758321
-678062286
-2101050621
604629684
1888302385
295328496
-278503314
-913079870
-316667241
-1187566351
-138429465
-1854649801
-2019394006
-1552236815
-1444751854
-1835532520
-2000357519
1933735475
1952375721
-865253790
-614934125
-1530669899
-1741254495
1138614114
-385108711
-1868119644
2065240459
191554115
1677545975
-1047042798
-1009752259
34923752
-333589044
846039781
81639601
-2032068356
709986920
2054340882
-2056853716
1112127302
1596721295
539993355
-182009694
-1124512703
-940782852
-2068048778
-1488751528
-652887573
780365224
1360344350
1476734411
-1839660323
-1996350133
1874298926
-1398736432
646132379
-1907819741
1172995228
418011644
76674861
1897756915
-1525795614
-687855035
-2099265554
-1534267058
1410561011
925875432
1544910243
1151991828
-682564244
-57454450
-1644748850
-509059267
1885877514
1537164458
-322630844
1632848853
337684828
-987516892
2003846653
538359623
541341113
410926651
2105181227
-1617704739
-85510285
1829926310
-196689267
-650284154
-162377140
199020029
1612790276
-1342037030
206118952
-1068026025
-627410842
953403995
1742710788
-1842612173
490386065
1731184126
-1581527002
-1717697125
709862339
-1663274263
-692109418
-1252247162
1458081321
858415484
-538352948
-739832963
1580806325
476281237
1661503402
-1962496126
819316276
-2047701488
-506706772
1196015404
516383135
57812108
2000330589
1113772310
463027120
1484354932
1840031244
465412730
1416938936
-823465923
143552703
-1190480104
1533777327
167219180
-1066812056
1997181788
1433108364
390032347
880909142
-1949305665
55209943
-944869189
1589172718
1296215148
521984891
87203292
1004809882
1059258407
1726142688
1499964076
1732527616
-446188182
700790329
1612241020
-621595530
1221536464
920461594
-1488808822
-1814824522
1981686711
1763062604
21501499
-1521873970
2064460319
-1805387548
-1918659161
-219538087
412068568
2055291794
2091529819
1538560755
-1892798500
1778442038
-1672093095
1719491561
836721913
-690193480
446910819
690758192
1415680691
1093132312
775078008
532350360
1574001511
442219203
-742515297
1401509441
1431766707
-1660116184
-555766814
-1560608179
-678947051
454566027
-623877219
867478231
-1648400942
-1667577319
-998927624
1515164706
1467556120
-1818241989
1720287921
945808661
-1494349722
1185652526
-81583330
1616570855
1610320683
-1672996141
-677575310
1301433878
1495051693
1825772483
18621758
-128679524
-65939412
188464550
217794107
1116847461
2098459718
-2107765051
426240582
459823867
106003613
411025628
-1278598229
-1359842430
-264609098
509348660
1818281893
-1629881877
671739684
1349020145
-1525693147
1725416548
1800142821
550373032
-453598254
-1181402866
-485668597
-197618124
-280924335
-978349582
-1304659042
-1672167478
-637103419
454487092
582776512
1709531465
-30906215
-168651127
-1845106926
-1225243434
1801028220
1490506470
54065238
557325224
1875832237
-474775687
660995414
-1377644001
438040440
849369820
-1210174973
298357019
-1989724673
-1224288376
-2016674848
153682059
-1931421379
293188231
-1134277472
-896950460
-346126264
-1970421395
200870670
-705084397
-1618915627
806661000
-967924180
1088560149
403595009
-1850899882
706033311
1858910789
-680809650
249687351
1049088585
848038998
-1665295125
155049059
54195767
-227325758
355691063
825947933
1699556030
1253321250
820236680
481835304
-2034547232
202705856
-462144473
-1538690182
-1530138637
1880341354
-337605217
1630643247
1402752644
394466440
458892087
2073450944
17955192
1660860528
-979843140
-1498835596
1326751348
-26118151
-1822384253
1114300693
104068734
-140492210
-223588179
-1485337625
1023734244
1685368068
-1524962388
1550664405
264978012
-975214227
1362450438
-1931380755
-2051896468
-656655570
-1189656232
1931693326
1194144011
497435662
121897118
1462040032
-1169941368
-825968367
-1339073103
1497679107
1073620907
1803900101
-1467480816
-159557494
1472413209
217783002
500669922
1074239914
-1392380676
-18005768
-1260753861
1240499118
-1096517405
546001101
1329580958
-1244666322
1095497190
1350096740
93932994
1206687359
1394073101
504640957
-497647207
-1460812691
1949348337
2080466585
-871913843
1275094567
1084501924
-1489318508
1073860620
-1806504070
-2003104819
-1619565703
388185414
-466040766
1775147287
-1160326191
-1524700875
258618908
-358153780
884563901
1940035293
2146217312
-1563363396
1337104901
-2045059627
897236302
-1331429789
1239634032
487389957
285346694
1956688714
452474453
20343216
-1136586051
-824133459
-1328536463
1662945460
133535917
1271408221
749076987
-1010380784
480776013
1474471144
-607671562
1525308071
305091906
617912054
1034184645
1057343555
-473200235
-185928459
580045316
-1351828516
-1452415323
2119876344
-1537801580
1229093400
497997918
-1662310180
-1737489160
1769958421
-766328406
-1764498260
-440202273
1350928998
-833542873
1917529926
1889686273
-748555172
1599677723
-1026194626
-1029367251
335165318
-1727426908
-1708976639
747914659
810027898
-1396579277
-161119427
1896886174
1907262932
156572475
-775271808
1942585141
-593491330
289276196
1919746847
1819285603
914127921
1803582341
-2116130215
-2095548060
-1878822596
778180498
-443830341
-418834110
103706756
-958948141
270771141
-1780048978
-435979573
-483617001
902671565
1900998163
1647338548
1447365543
1004578339
-1990155800
121881094
-500642371
-1761211019
-592635835
-1923059536
-812964298
1654137461
1055478457
1217721868
-738671993
-2016420680
-1197834918
-1949285401
-461299987
-1522410527
-264731108
-637428031
2119163880
-847792642
168973670
-980833072
-1392652567
140855345
-1125876766
738128203
-1633128887
-1924141678
114059668
-475514908
324687997
-742932397
911180334
-2060209003
121495176
808536357
-1362189663
1465506719
-256468560
-1474281253
-1808536585
1602696655
336979060
-752203700
405923679
-1701268222
1097428668
-45958532
-1991747703
-2023076628
-1121820334
-1499529987
573852468
-1565535212
-1119435632
-101387629
1689666820
-1534299870
1640373851
-1017416682
233999512
752687196
715488079
-448859236
1247608027
-949035666
-381266117
-1420120618
744678298
-2052973207
-162588465
-1077342790
-786774441
-746076915
-84732780
-498850206
1785405532
731264843
-171750629
-270964941
1133932050
568825860
-535800199
-941494718
86776211
919306007
-1132905742
1279466738
356719740
-2070784102
415895283
621892321
433875720
-1105662106
-1744261563
1021899524
-627540902
-419497256
-860033920
-1443883248
365724697
-1948544810
442825405
431330587
951660865
611246864
115209359
-230147197
1148061240
1409332872
345229362
1798006542
-838754785
1359962195
466284037
-2089003182
-629640341
1164659360
126460725
837674327
171506611
-1625864711
-1328702534
-1653178246
-427479861
1090923209
1544970119
-454650477
1247723280
1028820765
-1726232835
-1503935398
-2135113467
957715630
638274208
1743226630
1364086814
147723039
639506956
1862676534
1819249372
999924354
-771412439
-689085675
1672679449
-1349170656
-1765291363
-1937282632
531865508
1926485881
-528211326
-1537012279
-486100976
-290184823
155784280
-1992960150
-832434743
-146686899
-1136971459
856217171
1083430759
-370220924
-1314487461
-1106880196
-1492292794
-1499558982
-859715679
-966707326
-2034820522
937565313
520031925
993300740
-372526034
1404956417
571537704
1589979214
-2082979737
561823155
143327979
1165736697
-504530649
-1957574039
2021036545
-662569903
-673850628
-1073343599
1922940021
-1822288328
352083434
-638772807
-538445426
1872942153
-1042469946
421656917
-80465342
-1537680064
714794949
-136979264
81716455
-1673027944
-1847043249
344263296
-992325584
1102237301
706714649
2138575822
-198583978
363571140
240975730
726329172
-974052971
2008237216
-1408930085
-611595208
911900377
-1405240585
-209391139
-48199335
966773689
456646509
-2037677801
-364888873
1253819044
-1788095873
-270829930
-1951094824
-1896261543
1052687339
1310601065
1795027593
-587609700
-1241229233
627618419
-1189073821
2049003558
-808764144
-1151111038
-1399714641
-1947880740
1917777533
1168470432
-902252725
-1166465724
-202677197
-1442544727
433359278
-1157682636
-1925253182
-761184739
436155432
-1071616565
-1562396272
-326176969
857449326
-1280456027
-1436469251
-312162754
-543392170
-1705906614
1772602568
-1559834854
990788574
1314148582
409445552
1590334249
-459401870
2137486399
947197278
453276499
1571248494
1990696418
-1535881855
893914971
1298457056
-829521760
-1681466565
-2122887560
1618785171
569608504
1485178043
1734401316
569903432
-1569209771
-953151702
-681036750
-73773242
-1187544134
833130443
1740537126
430822165
-343187269
1720331101
-1403721792
-763024507
-1941632530
214591427
2099659994
1214029045
-1888741854
1083601894
436140659
-1523122735
-1639324016
1129974234
-37247734
-1341792420
986913360
1414516543
1590164016
-1188757841
-9419506
-1291003927
1117569112
1714242048
1779358973
1081028291
1022685169
-1432107481
-226585589
913410287
1154961846
-263339938
-1414623147
1927579442
-160223676
-818268088
1352742876
-433051249
1553195756
-1222713804
1210352505
-733587151
1442344906
297107874
-121107186
-719737715
-2058530026
-191108091
1214860542
1635371463
-1214757447
-1190124598
-1690191138
1533610837
-506811101
1291803544
1290388844
1813334754
1814615643
-612494887
-578890305
1876424308
-159297961
1461986425
-985017920
138400720
605088653
1462754542
-1524182568
-9890276
916806857
-1258342281
-523895318
-2062636602
1197035841
178188455
1424541059
-1358308699
224562662
19073060
-29497520
-1432111011
1109099516
-1368072276
-390988848
-194126586
-2114503444
-1031858343
2050062153
-544310769
-710430888
593477669
708073215
-37367968
-223620752
-875716177
2017127843
1160868030
1878785155
1046845502
-1444510966
1916009844
669021657
-396275962
-1395672290
1361980974
1684484287
512285354
-1008207847
-1356833497
766189026
2084894722
995240943
1746529414
-1586455584
-556797155
-1150104309
-926011643
-138420964
-908100983
1941824062
-2080590124
694114001
134341329
-490382860
1054158524
-794981015
-477258170
-1703337816
-10673786
603640335
2108288258
-659707239
123753372
-96942718
-337376983
-334175043
869962481
-648104916
-1036758158
539017462
1314136350
-1281417357
730547173
-1106914941
-1181213747
1190922318
1446388454
-1182292040
129927002
206360346
-1343762831
-190846479
-1158029386
1226947757
-1489891418
-257141564
1060262799
-1959884629
-1711258488
98507637
-25752147
-2069466856
2053923329
1164991406
-537907041
-1266043090
22254121
1741068399
-25007978
1435342193
10482375
817328195
-1946208368
-414907648
1385248791
-1738472780
-1513398344
146921516
-945408051
-1976583937
-90763252
-548722610
1583718489
-458529269
207206208
-1874926380
-1889247123
2128736663
1081975009
1744969117
-523468101
-1292565837
-532299586
-1304137081
-1617985021
1538481521
1463439491
1863354949
630937932
1551755227
-82893915
1835836021
-1676028815
-364672473
843109765
-1259631375
-1825184545
-1856086487
47461839
-322982300
-27591013
-1043340792
-1284139228
-840510944
1352581514
-654237132
-588520456
-266410193
1229288172
-1190719849
-626156100
62978727
-262796503
12218122
631515710
-23002302
-952443952
-1728697590
-1643375792
-320450003
95949276
826661035
-685302616
297385248
542218296
1283049164
-211856378
1004787118
-825352572
-214632821
-943161445
-1454980642
1612531737
182237179
-1260417367
1589938681
-1463597238
-1583817196
-1371672474
1641803685
306997485
1737407979
904983846
55779890
-647015399
-1452249822
-394027592
938009651
-173211088
-1004735583
-1899266801
2054813264
1420407583
2074436741
1483706404
-1684939942
1701470692
1557533272
-534106085
1111181728
-2007597744
1185043074
1194689188
1515576704
9824526
197428224
308546724
-1292115648
-429946141
1674267987
1734167315
752631326
1212999734
-387430982
-577735129
-367400283
-670328877
-463241822
-1158819150
1753442882
-452097045
567974493
983119303
-1861602794
40204383
-794199790
1506713252
-309655796
67950909
-1102738188
-1218704693
225814830
1202019722
2067033270
-761141135
-336371660
-979387839
-1982250178
-1975661796
-65979042
-1110562405
-1042540648
647579271
-2106841469
101259921
128524333
-1412361272
-1792410008
-420424546
884315444
788980916
-1947435435
-499182647
639284839
-1351448190
-1088449307
-741875486
-487655430
-1850913619
701390366
981019147
1708165832
-1912821473
541526208
2107432826
-57429041
1192214155
-1182319391
479828092
1228580574
401942554
1995429817
-1867905860
-1887184756
474290505
-296218438
1891872197
766966636
1322640657
-612017180
342478020
1697127550
-2012261561
-1198613162
2058434706
577475303
2001954885
1443267111
-611930126
1840035556
-1590066486
2100433526
-1030159338
-331049988
1354953758
1565380799
1767696232
885852789
41842297
-499844496
-1061657466
700453896
-2147342939
1810087355
121651597
-1820713001
-294003230
478574766
919720857
1953610142
-427678455
-749382272
402130572
820375593
342229491
1050466348
2066914575
1902653189
1347970587
1548300611
1411574998
1824358266
-324530815
2136173054
420584231
-52534088
-1636370223
248298898
2121604508
-73676977
-1033050684
-768232504
307823398
14853092
1416522182
-1282158388
1258441045
-704679647
634950361
1938943556
-1087553065
299725037
995832504
1009029540
-1459237826
424501469
-1333118913
1005376448
-1077745658
-1625145879
-1646216439
1160359330
1524294357
564793186
-1133077158
-1481589091
-1252677884
1626598691
2069096511
1399119778
-870912418
1924379910
-346339852
-2127423535
2136104230
-1331223654
-227066235
1090242130
1643628894
-60341230
592190135
73602406
-1979305402
-1563661441
241865000
-1910961480
379071522
-390450367
-216161868
617662713
1415889984
244065979
313541402
-316942677
194781497
1706235973
665700063
1472429627
-1296604298
681464166
1567233905
1875876693
-448296458
-821358014
-1186122608
-442734220
2085052237
-74967983
-114322967
812001207
724611823
832701521
516635651
1321903611
1112892078
-771152003
35645278
774770469
-1610549119
1649385471
-2115613223
-1041136449
1726996614
-1679620958
336690772
1530879942
2113239881
-925155381
1193476757
-98948415
1786417222
1885596073
302055279
-2053592811
-904797012
-1893428821
-649350368
487227287
-1896285597
-1788892366
-1188956677
-614051229
2083994448
466030983
-1357209274
1528523755
7214295
-595568881
-1674379163
1198408018
244369313
-1631431747
265334839
589850618
-1981616226
-1139235129
1442287807
-942026661
587794509
-34529380
834317575
-1234019818
2129031482
1138901524
-67551936
785913161
1371059912
-1638311447
-337172691
-913324763
-375905488
-246296219
485662914
1909618620
-545137719
1587461981
1519311112
-1463531745
1032851081
1919606877
-528102589
-919758936
273216459
-1776128220
-2081316779
123299731
-936007598
-1724018606
807420516
1741718483
75375501
328811871
1101661882
986887715
-682111460
494410447
724472301
2129412186
-1779925870
-450689629
1891195455
605501699
387437180
1287005202
-1962841017
-1749181140
1944408482
724325752
-1328654896
1911171966
-126248564
1970789775
84302592
172186765
-745694393
1453688540
-913811012
961350769
170575209
-1410664341
741736267
2099423637
1685285969
-94883139
582562873
430243022
223539891
-2098239487
-858135939
-399253841
-555125165
-966417534
-1696106019
1136487963
947848464
1996616801
1074517649
-2005820390
1829150243
1547177859
1838378534
-1006493456
-1963359320
334929100
-1097800027
-1857802645
1675075678
1752212364
-922715148
1636463485
1260520874
1370278457
1290917755
744703241
1047578081
-677618337
696598026
1020264449
-896160058
1059541459
1962096633
-2033715024
-1865308079
163165742
-1901848688
438995796
1396358066
-692959367
-1563491927
1047077359
-1261631851
-1613161179
611212436
-311737506
-1333715290
-1056923587
-1496200902
-2118385750
1197910358
-563985954
166988420
-852406883
543828959
-529816346
-1908572419
-1758253672
693720966
-1513607446
1942098101
-305027676
-1742121441
-1195494290
-1064059032
1345710790
-1716069674
-1296681905
-2018432800
-1528018026
812645163
724948612
279557015
541700114
768873534
771727877
-175685729
-1073167697
1035354188
-1985765878
992444870
778573489
-571268999
-1814277512
2116906229
-1445732421
286457551
-1227433064
508906968
-1145368919
442338438
-1589902071
1367112899
-220665955
-1636515707
-440688649
-782775853
-1472633513
-522151384
1161463949
1759643476
-741343798
1296944196
-1948840280
-1556195742
-1294099477
383620199
-1946241588
-882894382
685499083
151339619
1191936091
-192629934
1349586408
6304781
395196931
-173445426
911278783
1052723522
-909216392
-806731755
-1725601883
-1997728726
39858531
2002532028
1088410582
-699512384
1547327641
566283330
-629773106
922367633
-155676272
882733172
-1539537705
1549745091
598085902
1863645202
-804385053
256088153
-585735134
-1583951437
-1667368037
-2077031756
766272855
-128834331
1671746487
1634588252
-1019293401
-1147584616
1756242831
-545859072
785198510
1162081723
421039090
1940447675
-2068907617
2045105959
-1027240906
722325912
1201787
848781244
-114075248
1195689048
1283367423
-295729719
-242460763
-673359246
711111389
-1153611087
-488831392
1013609818
1073589423
1420243402
-648382202
-2031164667
963419944
-498024056
-1481594234
795524525
-2137627508
-597396774
-1997454571
142115793
592606049
1415754451
1043374842
-967496577
985569126
297589389
-1251457370
228506581
-847067708
-1857207991
-1592600569
164174788
-1493073789
1698417883
2053603613
620838167
-1704559297
-1309629372
-1470147636
271762611
-1184070886
2058152096
2097732340
-899364576
-154225676
662411330
1180379326
1994810440
-1159154471
-1800732643
1090188857
1242307965
290220475
606166885
393848868
-1597280320
793458784
-1461345931
415190285
-124653505
1088161437
-1218489869
567142554
915003679
975595460
1734291249
-1692557274
-933888900
596553050
171179734
-172581745
812344237
732286733
-987395907
-249121459
-1781588276
689659364
-1846944740
515782855
-966588300
-33622344
1766277864
-1587517983
-1672183348
276948962
-2108192904
-118920487
-18060604
1396768309
-1324912536
-1242235565
1697634974
-618025682
1119327935
-1947344975
968187056
-225638806
-560858540
1023403944
722122087
-618253225
712636525
51075600
-12356721
-620663762
1806862504
726773754
470340048
-846492896
1437656094
-1249830649
-1828213637
-1042165041
1750072004
-1689956617
488738694
1694267647
-218408171
2027523712
1100095701
952499853
1118728173
981518688
-1316328773
1138524575
118438072
596010421
685230783
-942047460
1438244811
2059083404
1900316834
684701534
1145361169
-1148790345
1153194400
-9033178
534463210
-1025407262
169825270
-76390960
1053174607
-904766488
-565045596
-475830841
320490297
1865810530
516041076
2054315066
-129782205
-1300133247
411162938
457458447
-2054312819
-398379235
2005865564
-2022408168
2018542820
-1209043187
957156244
-67213180
1734079775
2041683896
-512713996
1886359447
-389516085
-1840431892
2031861546
-484193123
164558346
-612234770
-958096635
560409627
2011254967
283240401
-1664560841
1260994632
1899740110
-1862179573
131479132
-592411461
332003595
1299229253
1298014011
-1267480220
1640044240
1519771761
-719794358
-215295808
-302453685
1618961441
909298551
-947466936
-1793149993
-128624105
1553339685
-116012502
-1769183325
1551333656
811438452
232590139
1311163537
1691163909
-478076731
527401003
1784551264
-1835337941
1571629692
1039558393
-863225844
-2137853991
-2078236409
-1392207447
11294580
-905441998
-275201505
1583645492
-99646659
-528911547
620894030
228323264
1065026550
507826522
2065332912
-220189679
139196796
293720206
1739072509
-1863833538
-1072834144
-1341302878
648413638
-38694489
-1666730746
786741263
1023795966
-1104603098
924739151
811472989
-1280494404
-554347900
-1775759494
399290292
-2040965058
346486318
-1498445433
-1829460301
1633998128
42489383
1865198173
-342118017
-1456018386
745626944
966821101
-490686689
-356823673
-593201273
-1152186474
-1261037049
1171781700
1846288124
-882795317
1207924210
1840481640
-327680118
1208267250
1410131700
1325294456
49538613
1215056015
-855953969
-560609731
1531047823
-193858143
-849263228
-1694544185
874817904
1180758860
1403600429
-978800715
1438456805
1811622071
343634186
-1513696844
655093096
1827425335
2074108376
1784953925
1826887249
-1941273684
1410261353
-1545156926
-862922868
-1965676757
-316586639
995153314
576186508
1721797085
2001062301
922920955
-518254465
2094787878
-1691652631
906262856
1140039363
2048197128
1823335986
204110700
264861336
1580768458
332951306
1324346614
-514416107
-87130412
864066507
1828114342
-1506959264
-721659171
-478711314
1559102256
1970266905
-1200457913
1163945373
1417136191
-916902122
-1365929271
1680018309
-658051140
1431557205
2085613390
1474663409
-381076913
-939265746
1798154012
281764628
-719737819
-1796787000
-2046382024
-1030464859
1448990964
-116796211
-927256055
-1745966927
-279090117
1495837281
598544699
253112236
-598511154
-1868322225
-655632922
2004474824
-1628626287
-14472059
1085689838
1523612041
-1654507133
-100288830
-1354261076
-527703655
860820734
-1781318003
756775117
976391640
372844604
-1907485080
1060105594
-15406153
120226077
-393676219
-863445063
-1084948538
1851352614
-185798855
-1818492142
-2037633398
-375566131
-1097799057
-745396107
516177556
-893204493
351302494
615843419
-1841961010
-2082218319
70104382
-1221664982
781222935
-1778164906
1105114039
-1313625635
2092152082
-1920677200
1210881755
2030149860
-1526918341
1090257803
973554262
-1348379832
1339636282
-177021322
1486793700
-1993616366
-1922513285
1475093964
-1619614462
266273773
-755034114
-1026096654
-796849176
-1934626550
-481694101
-409573923
-805988427
-611100349
189674089
1416904662
392016876
-173778302
-1537769425
378565249
1673404191
-480068252
918374234
-774383078
-1422966551
12109336
-197553151
-2029002238
634415904
-1928155251
-407186170
365391482
-1945011637
-640666420
492516270
-1916395859
202475858
-1694839647
-323137420
362752755
1216916596
1605467009
1404533017
-1969396909
-1868699780
-1553637465
473148415
-846065078
2020201271
1024482175
532413623
-1201092662
-788945376
-801013176
-225432104
100552837
1806537821
-747558156
1083872274
-1730585238
50903790
1774767442
761763458
-632840337
1907886627
-1029108370
-1499176889
-1169532015
586736463
-1594189513
870225748
-974537960
1692360122
-1375945630
-544723833
-180986849
948397787
151965326
702519547
548726355
356200902
1042276265
-275899239
1734846459
894216675
826427025
13816309
1600552759
-989405984
1167521278
472558423
1664455564
955748328
-627131490
-1244484330
571450271
673215508
1530776961
-1652360916
1096870720
-73224671
1470122423
848723975
368829866
1064215907
888441911
-2051249507
-2073989112
967659002
-1109754111
-208825918
-183889861
-130588094
-1967830905
1848743613
70673370
1069694863
-1275134903
-1427869416
2024340346
-1364108774
1351889342
-1545173577
-368302546
553024565
-790125190
-1787913429
-353734319
-1839577914
-1536407412
-1646903481
457760898
-1272342286
-1299815896
464417268
475931119
1910242584
-499472507
-2131515071
1406288598
823265536
769420808
-1502248258
-374953911
-1551209644
-261465182
1459074569
-1751232463
681521230
995834229
1138171049
670736020
-1765523534
-74265411
1716970266
-740213990
-1617213953
-1924081171
-697878744
-1006386484
432045280
-2023049704
-889714816
-2140515809
1169622760
272763538
234858627
449719089
-2037198209
-252596521
143028829
-771621806
510212118
-279724886
1451600982
414812869
-646920287
1007829633
-797353625
-1764047418
1951136070
421935136
1047116304
1990100431
696366418
1295948163
-1624598680
644316182
