1447528864
-753058370
1799894083
640009996
-750186043
-2080148319
2086678597
30830259
2055599117
44307313
-1542759751
-561515180
1257698174
-1220043127
-193631245
-822368087
293561111
1923333456
293007464
1946991451
633799480
1672893902
2115436216
-903717706
1460261186
1140739458
157534701
-478210144
-1339904646
121570161
650875909
2041752775
-285213902
1496897410
-659307347
-2095916007
-50356438
-1080929527
1537484879
2121453945
1168244787
634570401
1094228814
-426235729
1037692437
-704089794
-194271856
1667742879
-1304849742
-1480489855
1223739964
2008266173
-744828566
1369479758
1434292164
-348681280
1793308865
-313888869
1229751333
1340468885
-210900417
-1695287158
-1877622419
997706390
-1834869609
-692772422
-1855146371
292215803
1489443851
523621082
-785696752
697402768
-317330162
2022704766
-1701962245
1396498088
-1541737174
-1466234059
-1624772426
-131781552
226905635
-1602141734
-1038980326
-1278985784
-1274304675
-742200022
1594872940
119030830
689199482
-2082609513
-1193707879
-855806596
2097975367
-1560589221
1508422851
1404496564
238989016
-1937670961
1541178876
337666393
-1581362703
-1317408004
58021968
697509921
639014055
-1918904206
1983750152
638738151
1418033990
-236625832
-1818912979
269226470
-842487691
1737179076
20771147
556588068
-652361576
885446476
467502966
-744047317
-916775051
1185472989
-758759279
1948456446
1395377177
-322978614
590723533
-2052914869
180590332
923639080
1334342512
-116360484
1829727843
-946059688
2039907799
1870006867
-1967753979
-1149430300
-1580653891
1257891094
-931604751
-1130530673
1714448061
1125432199
2060572846
1942297766
711343893
55289208
411155619
563377564
-1970051156
1144512990
-1425663303
-1548786475
1572324694
-199336508
994938430
833166273
-710434731
-1039911295
-1772233204
-1727821011
37978914
-2092127443
-1485700374
837153749
-1450655378
-71290544
763867185
-2074907587
-747312285
27500764
128598706
149123008
-409554642
1988209501
532888023
1435224809
-557122879
951587438
-308895993
-1339262719
-296929323
-587378322
353632079
-1836890392
-1909576658
1898622580
445307710
1597394728
-1263223774
-1109268865
115061007
-352214202
912293211
-496703247
-72547059
-1325025701
394137563
-529967554
-1505883085
-2097586972
750355264
-736578080
-1662591726
1323005397
471551049
1913231246
-1980740873
-1997696781
-610234728
-1190325332
-2073309364
-612227485
1718075065
57630468
-1353308866
-1279380611
158785634
838952374
-1630176352
-199798555
1571874044
640459117
-1257348850
-1336633892
-1981551007
917610195
-1575432619
476699859
-2043512345
2143610438
391181074
1558854977
-575293539
-1706738741
332769432
1447546549
1683460564
1375824450
-1597985001
-320599762
-641259295
-1078784549
1841502457
-195733846
-682440928
-877194808
882018447
-1250186756
1235128634
-1713121996
-1321589780
-230215966
954169003
-261608589
288121617
1890674518
-1498012034
43887482
421600330
-1113961948
-1203893157
-2006187376
-1398967594
960509628
1772132803
176307781
2142866381
-484257207
1455251353
1451639203
1452420414
1603150338
779860963
598333859
2081598359
-2029226305
-1537007662
-1021827870
-576337591
2094202318
-496815617
-274382188
824339627
-433714425
-612019977
1213562040
-1875685345
-688951267
1943353849
149971341
1187450995
1620210998
1114036221
774340676
319307145
1018054334
205225720
1461697782
-1959571143
-1221006216
-903276706
-1884852265
-1298485131
-9822763
-1391854104
1548927916
1233590957
915310473
-1163617385
928712570
94710645
-1806608806
656800247
1907681151
2023150181
-2104288454
-621095000
-1701002906
-230038208
-1262330728
-947453670
404195253
-2094845864
-1726256910
-286068329
534374537
1763682608
-1971700050
-1069285242
1492036485
-1862031517
1757584682
-1854693651
-426738936
1942636483
-1852861679
1233021239
-1288008547
-419078716
203234800
1823215927
2067193015
-2030004453
1601416968
-1310890900
925364637
696300962
1376168293
-1866599802
1014454691
1646396286
1802775855
445323304
1114724506
199714178
-1121598401
838496751
-1167492983
683519958
1249297397
1726348211
-959778404
1036853459
-1912702904
1745117196
62070108
-861067727
-1930859491
-61326312
585328928
875352164
-1137810723
-1620485254
-1480885309
1369741378
-1826564287
1258762405
1573094038
-1007920408
-55831697
1334054233
811194776
-312823842
966735434
-1135812755
60195556
1625357689
337885701
783906255
-123068054
-1985351807
872239097
-1876061751
-98211103
987116562
-1110760007
-1889318779
-1846459140
-1202871609
1248847714
1731950802
1653539291
1616458260
1615270710
-939960024
1522233284
-1172545805
1931702892
-1298505239
84324370
-2058687806
-1552168127
-1991501847
-2019686036
-706604181
-303554478
135625520
-760993478
159033797
-1151135443
-840819202
-1605924779
-583292359
501755940
1685661711
-1064442115
1640709032
-448700059
-1647654369
1590105103
1746286732
-631072953
-1163729489
-1626836105
346334812
634683366
980937993
-231344157
28557109
1420031985
-906412158
-1774943304
280261046
-799713599
1718650367
-517151415
1012366123
2125981614
457036729
-1585061306
1128169452
-1083759458
1693355844
732890738
1660667399
327976414
787179468
-1170396776
-109021668
1917713204
-38151518
-680206145
1253279368
-25009612
1553075446
1617841820
-957762362
1913032146
1238498790
-993982649
-1751568111
-442322120
-1629268809
-648152271
1613357132
2065256410
1303990113
-2060935851
-1553115098
116776134
-1939827376
-918570834
425195897
-364715200
1853026921
-252073752
373738739
1857308301
148717130
-979441062
2075395575
-750004465
-1635388458
1663644978
737562565
-917798254
-800637712
486316017
-1245361961
-89541148
-1198033275
-688700134
-1828728690
-1183726678
-681086768
1466697765
2128022286
-1547475855
-579997736
-1651075654
-867483803
-1480481789
-1551093699
-482858213
1695937522
-957165573
-747670476
97923297
-185668348
1989688219
642768080
-136588054
1674572225
-878842659
1441600386
439013265
-306873528
1647281863
1592625123
-120141792
228110874
1409352963
-87210576
-1915876222
-431923787
-1708188498
-19552492
-1993764804
-1940608383
25450096
-714643667
201942686
1810885104
-819120692
-1821058871
260189237
929870047
1505165752
1168262511
1618154371
1054734402
64619120
1130281126
-1570535183
-2035538943
491341958
1923595121
1510121988
1504711708
1859080509
21939224
852609999
-1232362476
1939872792
-926982611
-567841624
-889176947
524191149
867258061
1397583134
-1997907153
1188821950
1914845478
1548409898
965948622
1677123209
866551610
673653411
729273802
225256286
718904034
-1251444233
783770807
-1451357070
-1296987372
-445212137
1934650175
126814707
-331416
-1230646605
-1938863801
-1590355876
176524247
-1103232089
1267611216
-1471860727
-2100119866
2031364276
-414616289
147036686
-1230830782
1334078578
1792056736
2058567235
-1194300019
1409676933
-704110329
1447247523
-1145636903
1634789647
570190904
1441428438
-1723486893
-1834860187
-1418048407
-488268021
-1930538654
1336971268
1555462660
445015307
977944368
-929055803
2032692689
-351377781
330251625
-1984871344
-1168448428
-2035086911
-430486975
1968289742
-1414089869
-535049927
-630545476
1652248546
-59582884
-428467224
879464489
-1619990055
203346853
358042241
-8934674
-684470753
-437591628
-2024421881
-456476277
927595252
1931701600
-959917150
-2127868712
177333856
210495192
-541679178
-1263947119
1480321892
111081667
-706340302
-1466041580
-221194639
209227176
1267402277
-1822812312
-172997347
1787840400
1566070422
-724479103
518573332
61951466
422422164
-1547259711
452402764
-368667219
1783777931
-1406671678
-2028432260
971048899
1652654297
1028849746
-1464800306
1045375397
-1087334496
-966720834
336202963
1593060418
-676258851
-1351623341
1706042294
1158055205
-2141297223
898280225
-417630540
-650349098
841422367
-478732030
1283239883
-1477499521
297294222
-258246182
1972866481
841167058
2140800047
413164319
971190279
867161130
937941801
111586715
937849550
-827583504
-700080332
-568277392
-2076570343
1557890879
-965694356
-1378075555
83977988
-951408437
1286292327
533189951
-1907991836
1021628926
-1066741879
-1245251623
833836479
-523484061
1081327254
-1851036201
468355838
585033031
-685589112
-1602567665
846212961
1582862237
290221730
129285898
168357682
-1372708830
-1625690940
-1432038973
-842198083
-1563779135
1977200641
1310741678
239340542
1267347512
-1457412242
1454376699
-454865764
1575263994
2048433212
-398248933
1317452566
-688668073
-360041975
-1552986238
1982339131
1344275673
130685042
-1289287505
-209838625
394248945
-2069872148
-218096791
-964475957
-2044961069
-1832832044
-909156278
1416585205
-1004917091
150127555
-891887231
-1951492624
1257154750
607049255
825882578
-32290395
-1029541227
-853872113
36156385
-1977087677
-153930408
-1991983547
-1033103440
-1587436941
1560501559
-1107248223
-1474501530
1480644304
772024000
-624308068
-2128674734
-361340010
975740549
1742043683
-410142418
-552382312
431388411
-327567955
232613543
1526381175
49535140
-1791035249
1915171100
-1050047472
-1551921040
1950992526
715391142
-2034509002
-1114423200
-43202123
-1992763304
132045985
-1046120851
-487762583
1498882503
2086249253
333172135
-166596934
-1902662452
1355161126
1897627040
-130865157
1939826568
-1221129397
-343344118
58510740
608768680
1235144561
271422622
387344917
-1140886039
-1290376478
-243000513
1850177423
1172822238
1730346182
1797004383
1050464799
1345635312
487295448
-74109023
-1151713334
1928678822
-1472726435
-232107840
1440489872
355825703
-1465023662
1847550638
3842491
-175611140
-1353978140
1054949632
717288311
761091353
-1011714011
634061704
-1830783065
-1928535267
-1528156676
1149851715
477158133
-912542248
-1117843108
-1086384267
-2121563861
1225045262
630219447
1176270354
-345910847
-1363895686
2054410933
2035055200
-1806485066
738013461
-200373727
-231565607
-1837042013
400999575
2038578467
1479315285
1466629900
1126860093
1224457652
-743764888
1577229305
-1198988339
-1093418675
-1565163256
-766212156
995830231
1594478049
-1676392845
-1380604363
2121257532
978092558
1285952079
494578123
540370420
1262595214
-1424741614
-235652516
1596973323
1559488243
1667956387
-51482400
-554638356
1198696339
-1672282303
2072755336
-359975711
-552796480
486533796
71337237
1509840345
1415476028
-1817518239
-1472848280
-1801506196
719892971
-1160911726
-1934565036
1464805916
-2140404534
1973274549
-830571077
-1432159522
2078000415
212432084
-198256168
1462718424
787168498
945040614
220926680
-1387726742
-2080199749
38944373
820212400
1843596146
1932747356
-5888896
-880382166
1544911564
1455237713
1679175586
-1035991489
-1904551145
-232362971
-990831245
1226967980
356279230
1762380071
2105164333
1842035647
1368353590
-1008526243
-507762542
351020913
1305994116
-1271327047
1057672205
52841913
651664130
2125458058
-227749609
-1531775458
-829799071
1786296885
515203036
-1744527218
214601969
-345457116
747537693
-1888543122
282905631
946230781
-934396585
1242540274
1572855615
-486967017
1919847973
502237357
-1846698356
-1047643607
-2111614494
-1712250261
-29378452
2075087428
604936594
-20939458
792642551
-513153278
62834946
-537029162
1014313914
-60096513
-340799187
-345500906
-1430769481
1031430024
1597713632
809054179
-51076688
50180754
-1971813471
-162402754
1127146148
-529904658
-2016733491
1085335444
1699213465
-365240647
-134849280
168054356
-419230308
-379458536
-229216328
-1973291838
284369158
-1014441947
-41996484
-612864758
-425240576
-705242588
-951107398
-366373224
31640136
653933561
-726512977
850406566
891496244
-1872651042
522195851
2088184342
-378097929
-1271256240
916219540
-169666943
887225378
920848970
-858397943
1270517903
463102318
1574262197
-1220535925
-723736184
-949887048
-2071758306
1290247096
-1362565589
2040395852
2141836201
1065673241
-882509634
-695017627
-560609211
-2009256899
-508458906
-423570700
1351078176
-171000027
-220948040
-688285280
1302865757
1037575650
2025680015
1688235534
1984759812
-339715971
1142481695
-773399967
332186426
264236310
-896350646
-906147836
1661274801
1978251087
-52069582
1599489958
627323745
1645443562
1404501518
579327366
-1462215049
677744304
1405761089
-1757012496
-2066498163
1969399956
1659434920
715621894
-1579915748
296162328
140264755
1788476611
1691445294
1739659760
319662263
107862077
-1613357993
-218470428
633713665
64668457
3136741
298099706
-1263993043
1193770660
1478598230
-461795885
-11126727
-932873168
1230248714
144790101
1310529492
-1891789828
1701873209
142079370
133123964
1390107495
-289474010
1700067015
-953563961
-1470570553
-1971251820
-1331260656
-1503285761
1206176101
-1252754311
1467238842
-1452907532
-1409733940
-697290767
-1653438638
-1842217714
916029507
-733286027
-252994883
481297825
-218979434
-345496244
-832546656
-1794446971
-836782052
-773068735
201658625
-339352860
-595373322
1869499541
-1335510226
-951942571
-1839963244
1536225847
-1496941603
-359783382
569548925
509177394
1434708372
2113988357
-510755762
-1232718490
-1861700789
213710769
1475143427
188415610
-953905841
733365806
-1915789451
-1296249072
-722827160
-656934899
1930238243
1589979194
1929066302
1683893246
-2081277388
2071397933
-746502664
-1462771033
-1589217860
1199023924
678258725
275652790
-72579522
1029197287
-1444364065
1454022201
-1910485903
-543329636
448997677
-1702258900
1936823879
1552095260
353695913
-1997041325
871748138
-2073741415
-492686238
-1923798198
1267413640
-525436961
-1257814013
-804763430
-1330903663
2023662538
-2020233932
-1476185971
737756479
-799173641
1112089919
707227267
814719894
-1259962434
816081143
-378302330
-2132109523
1872947551
47084245
1380454236
-431150100
1984665978
959956835
1929443677
1105239062
-1172742716
-1918804004
1910977092
859108745
1941339896
232069908
1834310729
-405778620
-84073974
-1225140075
1813626478
-1757588694
-1583478622
1651221002
1256176665
-288219131
428762312
1352828641
-50286110
-1133197364
315798491
171511339
-591049810
-2144145880
187159751
1154310853
1444784124
-170505420
-731198090
-142172739
-1335370626
-369617276
-541920378
1941557997
-1253986325
-709779863
-1709609923
-1346321428
349936915
1495830386
140785593
-1496425177
-1324321997
337227828
-1350943893
-827629238
-119134326
-462613170
-873922618
-569907484
-1689146324
-636808793
-367258318
162827337
-1956585451
1423533817
1450267719
920683962
1720380544
-1438877037
1196715319
-2102924861
689480569
1123062362
2000648842
-1374691356
-241454159
-1932829168
2015726353
524588403
-1400584815
238440664
-391686380
130489536
2035668369
-684290311
-591293235
158833273
-1527816247
-304122910
-223895526
1011508560
894185671
-430377875
1484024173
1916599258
1407774627
-646749849
1401348102
-519441222
-766397103
1683377744
-167883932
795430142
-1860090570
1349558366
-1658959880
681359560
-1839023363
1085016519
-1951835365
-757212623
-570441302
407270720
-1598270910
1044284009
1458743278
1423451584
1839456624
1743348002
60089789
-533361015
382285035
-206322130
-1076369635
-867686552
-999724494
433543526
-1900072895
1525268794
1788290093
-223023922
-699388202
-897442126
1279569574
-1527788298
1604144283
-975252134
1980261624
-448580702
1893144375
1991883479
439635973
-1721122643
1252495686
115499632
66400109
1384717609
-1714880332
-2008846639
-2118360581
638725323
2064305742
-2142979061
595288419
1076392326
-938718570
-1416124962
1584317738
1453950325
-551654442
2089479739
-1314783003
35114749
-1506092681
-1680340989
-751545947
1882837810
1762646162
-1699493355
33197745
91343481
2047208903
-1727476089
144757109
1541888879
1461536845
-194903502
975841467
-858284023
-87143862
-143644557
-1831089384
-553789188
133808741
-813869264
-947618648
-951487649
-1951749480
-523391207
-286778371
-1254341491
422871114
-1927490512
1361218132
613818448
1515620764
73132682
-162241783
-2136920773
-1363305469
801905494
-1407240628
1287953238
-641517546
-556931554
1067334421
-398876416
-874377560
1132315213
-1562137516
706273809
1816478489
2008732912
550651245
766813502
-1755775255
700235456
-743599645
127302593
-694670707
-299252128
1899168850
-138592455
1027366789
-856759582
-2051471198
1612876238
1110599598
-231773553
904955257
224201880
-486089260
-2051380761
397967601
-1666750399
715375499
1439688422
490396811
1156148200
-890167234
-1914661752
-1786487710
1776016968
-1896350328
865516175
171535779
-146983655
1430803650
-1273014909
372006972
9428662
626508252
-979979526
-72284205
-566164993
127405936
619449881
-1093339143
1973475456
476180500
-339480486
1180880799
1677985490
583104751
68770447
-1442166840
-386427071
720843150
-1931871706
1936587136
233274030
-1705390856
1136258733
2121469708
892449719
1282531327
1900012440
306074722
-576810988
1894394072
-1663925694
856513243
-1814522813
-1937490962
-207847375
1959896102
939851111
-1779783182
-827535970
1516177535
-2075656851
-1288244426
-418600909
-1671574495
537793904
1670569019
1373476374
1363417081
631648862
1992423304
1596820774
-1818113637
1515089883
-1009157955
2085603971
-649802119
512730469
372876519
-1704124845
325811793
1541546424
-717392876
-1410945085
-107108121
525875315
-448120790
726826316
-1793307916
-1112439301
-1590534924
1837702455
2103647838
100928926
1585157501
-1582267806
-432637528
1263965691
390728353
-1096300220
141243051
-1386616926
-961061152
1626624301
-415401850
-1423650313
158702453
2005968338
-2014914350
2058426971
1242258086
84016393
1601365018
185973132
1459077981
-1524544304
-1227545207
-799208628
-1092474376
-1286521453
-1237687835
882627648
-857576868
413826222
-1984278084
-1529331173
-366194864
-96718033
-231847204
-409056773
-2076599545
-1122589471
-1740337913
-1592719086
875791614
1823619973
-1792072217
1662978953
-1357528824
1353024098
113811519
1383701920
991060902
-54471168
-872943005
-1873966311
-681625700
-87110609
79716329
800977110
-1794484032
866424910
-285130079
1527252160
-1963120619
-702681143
-1330319679
1765865451
1647439127
-900451613
-2118310300
1628264183
1385281624
-300360267
356438069
-1060926279
37051211
-776501899
-1267341977
1197566745
-1726117537
1636034043
-33174808
-304685507
1612936783
-1912814719
-329676331
-1280954906
-601586248
1368695978
-1763009745
1727820058
-880746517
1690151109
-58967345
493557763
355336196
115736146
583300503
-1047154665
1125879611
-1041842748
-1982109974
1773487736
-826662535
1027550344
-1705223843
1023741084
1800972078
-1550668731
-1951678802
-1992154320
-1073305503
-679486875
-1349504268
2007150393
653696264
-1857313836
-126091496
541498748
473757337
1430475016
-2084057469
-1100564448
-293753120
526700096
2012646424
-1800605039
-85757933
1141683215
1545968228
-496300122
-1881626077
-1017261029
1615584020
-1106049531
1621895508
-1911665118
-1055049305
27707078
-187694577
-1434291906
1569697124
-653571498
2029708790
-119673495
-1034295667
981796765
-329173447
2016942402
-527230253
1298282851
-2118359257
1588088848
-1960925939
-734423569
-1205040889
1303096327
-637178844
1298816241
-999749079
750100682
243942738
-729183
1282606647
1087453745
1441121675
1385228071
-1202932016
2052129611
1449735738
-111567555
-966862506
1961351590
1116709168
29154066
325983751
-1687867187
-360765479
-153746831
-1718619062
1525910033
233576880
272287010
548358219
1784685708
-646808076
214072976
1529284041
1021258082
-896400229
1480000427
721515566
-1523591094
667128455
-530051825
-574046241
439908428
1038015735
1778949989
784745685
-1586884404
-864434112
-900721143
-2024575380
163065542
-1890419269
-1915833363
1270366331
1274100314
-294621951
-780149060
1715527076
-955768693
1354214485
1461872706
-1561026836
-525839037
-932352927
-1149138422
-1846636403
-797347430
1038316325
-1562413240
1711302666
117961303
1970000428
1197254905
-834254972
2090654390
1645562880
356862024
-589110708
145112939
-373023521
-1948230861
1082185401
-1141965338
1212291758
-185428114
313479482
-1492900903
-1994629075
1541472135
1073564846
-821376266
2060711787
-1921143222
-1458043918
-1372492547
474625916
-2058652570
-211392325
370406389
-559363734
447425616
216314790
-1038480711
1703970920
-1171265433
2006999437
1112240565
1683599693
-1685758120
-429510116
210656241
887297344
-182043965
-1019675741
-1627383729
571818927
-757715938
708929581
1649969936
-1457922172
883813337
1448341456
-615695460
664179610
684033731
-1607752634
770767490
1044273773
2070650283
206414268
-1168546884
1157827857
396262218
242366698
-291258056
1683778917
493233248
294528611
1409749395
-1934024824
1274856988
2053597997
1664694055
-1652472182
-2069551424
356948628
474583879
-1889945498
-1494942587
386838842
-2022469175
-1932395216
-1043116357
1276299635
-1148196668
815173002
-561429196
-1935523633
1676906650
-203160484
1875249634
-1111940361
-554190792
2056206275
-1866686273
1019997628
1347828124
1455517001
-1425221140
-1518140819
-1959112041
80158039
945209885
145447016
-1348622893
-498927129
552219955
1642546419
696633368
1526606973
-1660258518
-419206068
1597431242
1000996695
-2091387084
-1920913410
2041842870
1333159395
57712934
1244212853
154060301
329521264
33120531
1619896276
-778949457
1265645352
-1723220682
-292692986
1248336813
-1306351555
-1038308844
1734915603
-1792438007
2145887587
1480064226
738089140
635732159
867183741
-1305599965
-272277464
-1606593528
1339836314
-546050411
1290923336
-1905092387
-601006046
2134825037
1268370905
1835902393
1823347020
-1824672223
-1065200095
-397199965
-1239405101
-444534971
771342268
598949995
-463934232
-1492331208
887562671
1151832883
-1325501847
249256416
-212249155
1462037809
-795269549
-1782545421
-913416455
-1061509966
-1809936523
888620441
-1678629476
909711457
1833084262
-246245041
-1859347432
-478711608
1731710393
1181288718
-1673223828
284522007
458553454
1640956844
-1923205958
194936356
1687981995
-522804095
1827655190
-1547782477
1033252523
563204428
649326752
25972726
613962741
-1942105512
-262583852
1404717910
-356613423
1124976858
-448466400
-2019364236
1956349943
-977557603
1507828406
-1762379158
679400841
-1835167264
-685771613
1420334933
941566532
309838974
1066466592
381355031
-1041500175
-182358705
-1556751576
1001210457
-999670496
93656270
-459273654
-1226598706
-753351144
-1167360517
-1063809344
1699317183
1671629065
-565567358
-1743696193
-1863887934
-756477565
2025627933
-1423889136
1716014796
248917803
629337142
945469662
504243050
996629419
-1395403057
938247890
-1341275573
-102921238
2091805094
-1980790948
1075223041
-265854851
-2007876973
1562701395
1330456840
1062267228
-1583777739
334659521
-1811010554
696217816
242584525
-636070409
769649748
-706051636
-2055637655
-1551338266
2135651005
-90006254
-580172220
764526257
349151876
-66497991
931683692
1803885949
-1296269141
2145759092
-927053147
838923915
2078616434
1899707604
1305770893
-211010935
1962624541
1639511737
-1214179584
-2017220828
-867246854
687405958
1764076221
-1375662623
-539359838
-1608458093
269913929
-1347439571
472891262
-1661083033
1796875795
484319410
1650055309
-1984469978
1446729176
1489955307
-1859528093
-1998228920
-136517304
-607168006
1144865652
1484799115
-1926122518
-306971719
-2009755502
-1543980246
-417881796
-873962226
-1666655564
773452623
1433539101
-553594238
1498942712
-514486587
1510091887
-611227628
696514282
269859569
-1165885192
-2114442421
235585286
-640056574
1186048904
-1778120054
-1182041733
343939431
542364001
-1691056729
-1452939471
1182450817
1795760594
-1175270467
1732813069
635724442
-959398619
-690068927
-1319095437
-587679468
-1007835718
-1806390957
-1218580980
-1521155355
-397435021
-2130980522
-2135594040
1947103810
-677371565
-1047587390
-925100250
-1203594854
-1912980127
-910995144
-1991889230
261156805
1549705938
1148731094
714149327
1059840893
-748478874
-1029964596
386055606
1478701580
112147729
-1746164689
-1803349314
1232106823
2026763486
192219661
1404230109
225057978
-1795786736
2095775168
-1190536594
1506821668
1374459530
-706832249
1143779380
887761189
-2143596176
-863669678
-1657290338
-161347019
1427277069
-2131898404
936171084
586737880
339397878
-2113987073
1820660177
-838181617
-853473680
-1900655037
-1421781318
-26453999
321721614
-2030901065
-2014358065
884849723
1991101854
522381060
-268841576
183631940
1943939909
-2006405954
-1526809054
-686337612
522597097
1823977725
30315779
-650646890
989604046
1092201772
761501082
1292799596
-1292829565
18310432
-726597221
2001822306
-356708609
844979308
-1273117238
-1563061049
-2049919226
2019953906
209104646
-553547848
-2042746927
-1166511427
1096838024
103445277
118005229
-1276968690
-2129535892
718647769
-1338050973
-733457228
1789098865
-2052772291
17175576
1297364896
701028604
-1908825668
-15091850
-1853568584
-1466599838
919378917
-91182004
-165879061
171868262
-1477475187
974877170
-1911422331
551497216
654052683
1304609201
773414851
-2074228896
-1986673112
-694315167
807202730
636197169
845400471
256680018
1738175508
41572386
-1171999838
-1249692561
-2047088629
52803745
1001281638
-289129056
1058659673
1161314025
-1936855615
-738479760
-133324961
1214155583
1175755849
-821853968
-427675867
-1056135561
1592241023
1554850522
-770675534
-1421012291
-1561674428
-204006408
1159987614
1600758929
-1177695093
1218980294
-592715547
-1034262509
-1158683825
1216344918
-1766690819
-1478027648
-756892729
-1983421325
-584667863
1345052668
-85278504
1892226825
-2065635569
-839217775
-1466293813
-1973653821
-696067704
-1818411145
308079935
213142262
-797162569
1611680661
-927504543
-1471384899
1417300828
337444935
39259993
-721477788
-1608957590
1561808738
-701888505
872302857
-569009194
-1365465740
1907873774
-50161280
1941059761
1171419471
238138480
1706830199
-354992520
998711240
1533004859
-1800442918
-1915867734
1468043196
1609843971
-1368724616
1521809307
40845907
1914953841
2074656486
1544236680
2108541832
619674714
-1028073821
2119803626
1416120040
-2054626764
-725644931
170263055
-1321216871
737188293
-1037696206
845760997
305816221
-913198308
-816809639
-203872744
1796163160
-1820607547
-444052862
1841400416
-1746572721
589976375
172387228
455941651
-2002774990
-473099631
854378391
-403682047
-2094823652
-2114339963
-893160119
571740544
-2117401064
-203562348
-822548587
710593477
249428711
-542865285
-1095599158
-2023048587
376063231
1746360044
-1506997688
1942939771
1237710039
-1278577535
163798377
280536091
-1420101791
77407213
1386918557
1400427335
1115911640
-1958174092
-376198698
1531558193
1717956027
-1604716132
1432373031
-982056671
1613514008
-125126619
1409673895
-2005196152
-1193189619
1094174261
-205757797
-393842092
-2114653045
1106561239
-1861649453
-631933563
1897772381
-852637530
1296741460
427903231
760083816
179310533
-145427401
-556911966
-1695585740
-955354351
-2032373552
1588178839
98483370
-1318815078
-1579868655
2034930668
1877472031
-1052828338
991842864
-1845817501
118552465
1202258934
701661064
-1287804026
1477426735
-1950120090
-1161942852
-1493461249
2065551390
-734732816
806318881
-1107570139
-2077016454
-1505285095
142736221
-1110961958
2010071450
152792207
-983510965
-115513965
-82507624
705586009
-403523550
1918110135
-1117291249
-1231220656
-1853676587
571135789
186056486
855200973
-948144965
-65517776
811621837
173457571
-315721614
176949861
-231960762
-905790897
-920240383
1068076590
-889917977
433747566
44740412
1433731904
908590365
1994682991
-1354531476
-386811534
-811140428
1325033096
1852205102
-1043733288
-1749761964
-372514067
-54468709
33890320
976402766
189860927
-950895959
2113159131
-1030688616
-1589105854
720297680
1070484463
-392004842
1070597075
-318505488
-706498294
-573062629
198977304
1894502001
1795817546
-1166773714
-1000360712
-136388180
1345572795
-412151280
1742618829
990870665
-515010511
-268139011
-220607144
768284264
-139367336
1441399602
-1886383115
452616772
655459593
1756116911
1743293199
1815496213
534322910
-730682818
-224927787
-1423285130
-386231032
-95775053
-745220307
241441928
1814635871
210553460
960874985
-1690885099
-1747260998
19285307
1921855544
1968119799
1130402432
1505993242
1900998750
-602415429
2471551
1935379647
544171175
-56878720
554028028
-208353543
786975896
-1374363867
-623960310
927498874
-224453272
1449266595
1758353695
-1842736418
-1066703442
608599478
1523740131
950615019
-227329957
-37174078
2025980235
-759914470
1844368105
-1950109451
668506854
-1135209642
-591138092
-1363156056
-1204602250
-1468344829
-1048801719
115486218
196682178
-1093272511
-1004280803
-1756326913
1256646570
-135559823
-3139840
-1758848699
-707843973
-1103697929
307087345
1162591448
-519739516
289936705
1288070132
-1025554792
-1671629335
735984136
-1399777021
693553960
-709954890
548912854
1911137857
-46003688
-1854425033
-415019833
-297305227
-426177979
1867336326
-774514029
-524100683
-85354369
372611940
-1899625013
-1013123231
-1937011603
-1644382388
1426930786
1440428371
635041709
-1810354235
672365166
1848968020
1185784639
94787320
-1387093968
1956066769
2000125730
-370335615
-1647664047
1685479117
69199935
2057681801
-1391450514
-816456679
381282438
-425772524
-732748330
1267186883
392680790
1494473111
1364451474
310201804
1111552034
1639039181
-1541923163
1128742428
-723653295
1209091786
982740372
1952419258
707560804
-27257009
-610725848
-1698251721
-997690275
195676256
-627661199
522250859
-1587901601
-1952729836
-2013081074
-1961434269
308590737
19607979
-1889838420
84557977
-1175705272
1080192229
658675404
-982835867
-2040468891
-1022782831
1258560712
1928400308
-1439388934
-920190109
314900503
2027965431
1938326835
984266250
-1725686065
-1080077731
-1619791501
944117122
1716732779
-210742461
-1138407491
397602982
-906354994
-1436203797
1983804245
1891716872
-490709369
685536364
1054260390
1034764037
-865311914
1446958057
-1430991514
-1883573997
-799515665
966293509
-1092463881
975746140
-942159875
1379334293
887939856
778807440
-1320966295
-1962891113
-1606547812
1051015415
-687613477
-890054301
1882099426
327988421
-1471122816
560241952
-1642620699
1793693873
1573782542
-728843143
-1645878515
275799495
-724293372
-1280257137
-119908090
1838997885
1398656054
-1221146064
258800103
1396882181
-2003372664
1606490953
1995799703
-1573056031
-2097930503
1277534105
-2079369620
1831651771
687560163
-39465049
-102430700
-590538890
900181120
-1007505163
-756493128
-1470901376
-1059864656
-815406474
1463764829
81010025
-274705160
-1571128260
-1971180914
250553529
-996649778
-1308117387
-1681336776
2055744253
-341596909
1458211736
-900925484
-1309797597
1324263392
65718746
-590268214
37622279
-939236732
-1657059353
1013016340
1390957645
666210509
733753550
1113195554
-1686590096
1749493894
-1163814084
-1071686147
-1840077797
1007096129
177201132
46831279
976318391
1728975958
-1031642275
143998433
674347845
-907917013
-1427585338
-1624088380
-768327315
-1810005579
1169273927
734934068
2059769301
1718582077
767146592
-849625829
-2052542538
-494151833
881322662
-496362733
468126125
839917935
1302933427
590436687
287468238
-613522506
1184271966
18934202
1393667327
28119421
-803092949
-986173856
-1059908478
563431663
-299432699
-2011974387
-548139821
16036196
-486956502
270534963
1404526259
-752322077
-1192422298
2114797584
-1985989756
1434139625
-1262839933
1940693776
853113303
-1640511896
43463935
-1340859281
-180977853
-1762716398
-1932188673
2071546402
1275253624
764409814
153531523
1475369719
1495582867
-2066534742
1212692955
1348016634
-1334369102
728169867
-969299878
-1635333093
1930680523
1047624897
1720179272
-749353971
-778907463
2008099175
1806741532
-383004560
282931351
1710717482
-1045659670
-779163599
-697920687
1479638097
89819162
-481314511
61021815
65977596
-1540007590
-1233388252
246054740
1486291632
-1936757803
1076279483
744826175
-1266443502
770134948
-1873622779
-123581136
1228488946
-1377417083
1110336274
-1756712298
-1538531701
-527239990
815032793
-1462961818
1262858248
-1670529133
817020507
1209935223
645892682
-1127545281
-1325208057
-1552305396
561007080
-1861027553
95740768
1873945778
987082359
-1915351188
-1417577251
1637620300
209266186
2115195
-925553137
1059800428
762793212
-479944658
27332361
-881209629
1394157036
570266797
1042480635
1936195995
-1749398008
-1093244074
651933472
-318026077
891793806
664579825
-906754342
65163
1821803664
689451304
2126543386
153756657
1913357303
1446727989
-1390071547
-157572261
1745273545
-1117488676
-2037270572
-102341561
-1161263186
1365576348
124193275
-460783743
751304367
-1267654623
806888333
2107473587
1614594881
224325628
1601684702
1709900098
-1742174590
584297365
162286697
-1448322473
1314805185
1063722591
-882062604
-1696990149
1473856836
-324633778
-1917274639
1020708071
-309558460
-1536029306
896392231
-2142994469
-1712122052
1740161108
976650385
-188862162
-750399134
575648353
-1551646842
-343704090
-1012781451
-992786396
-555310567
1526842761
1138045881
-1704824424
-614693950
215793907
1999210303
534517551
-414601667
-1209943446
1724401770
1079108101
891768754
-361909521
-701469523
-2048732328
1134046997
-109049642
-1203723111
1784897336
-219561265
976778137
-645133034
1465908858
-96629347
1746430184
-1317916432
476212210
-68098632
1598897923
-872997227
741408992
1503103542
-255221684
-622815716
21161130
1849666223
323626007
1902744457
-971308085
939279651
-1446371132
2066594127
585564683
303889947
1923812112
688021269
-1377920016
-1370958067
-199100761
-578074435
1924344692
1579378436
-1213985795
1672825249
-836353033
1064991104
1212417885
-1155442657
551131510
1685338010
-327150271
506385751
-1093032195
1846820716
1277206500
-1426322125
-746076070
-1276097105
1136517653
-1465896281
2057288467
1448304036
1250644814
-1672324039
174045849
-224894152
-1855635195
-345684797
-409359428
41157474
-2062669503
1194841207
1575422817
-1200165169
-1773229457
-2085177820
-207580045
-729234751
579083381
806059191
-707407593
-55208908
1800873735
-2015748861
59771683
-1884911294
-1374361286
1379254212
1148145616
952116424
1606059606
2122461153
476543661
1080502344
862727151
-955815695
1884191702
1066872848
185460022
424741375
2085375334
-2096861796
105238412
-976506735
-649049047
-1447812040
680821848
-1901166617
1354164118
1804454889
749325337
710891648
277208315
-1608450419
250146494
56919009
-699108871
-1560636607
879834421
1205786776
-296197581
-1012560894
1010069569
1353947775
1986491458
572176790
-168912752
759012157
1833495019
-416532052
2087640076
-1747886318
1689337748
1369977666
1725148272
-1445443118
-1829376270
1455453510
-1537170657
-2147280847
-668063481
1023073152
699289136
1347692866
-1672430773
1858641326
-1184810291
-1329177543
942576681
-215946000
-141111107
1851623032
-1792238932
1499300710
-1559506114
364496328
2123812218
677251607
1525259032
1880568550
-1634607872
-505317100
828661230
-1103644606
-1622166290
-1470966308
1931876054
1850544386
1786685670
1899557890
1462166572
-1227541428
-63817617
793713677
-1555239261
-1229213499
-553673169
1866906782
-180671076
255245396
-872964519
-812611112
492281018
-167838678
1707755619
2022551291
2038871733
1525500166
-503799812
493876818
916670831
1257894837
683893053
286919503
-526977212
1615678936
1942311966
-71353613
1382611365
-204899607
1595597611
-1072408973
1591605479
1416744319
1356851574
131701784
-123925160
1955869905
-639112241
-912274842
326843795
-136479112
-2145111758
1395179904
1624247829
281636984
846098048
249976522
-1412762097
594280320
1571158386
1310736080
1374342525
799090033
1467528906
-160157338
-868906889
-645587940
588265418
-2030982129
-1193290810
-856752048
-1167148310
-1589315934
1744398009
-1144774381
1003422660
612060714
-1045684679
1738178350
135609939
455367182
-286706405
-645578514
-443653796
-734834831
-1891553867
-145875415
740213803
-1488689445
1566064819
671811711
1691868034
940673048
-399350485
1395626977
1509446094
-1003794336
-944814610
-1725045929
-2066157924
-1078339913
1329575968
464723453
-126090934
73061014
-261912822
-1312313266
815547137
1047070923
135768366
-1445208668
-1720491038
1666392733
-733334885
-1253218817
-1287669889
2103857971
2045417602
-1099217916
-1726761844
1356033845
-561898998
-129448119
-1812907051
-2131010893
984179296
-1404989745
-1663182221
1182396742
-1569867759
-1348196401
297564986
875875444
-821473893
2142327993
-326354059
1579519064
-1887992000
-1627766663
-93104428
-1242724734
-727234019
944251387
-1963434331
163249947
261793915
1549538289
-147115966
-1880731571
-589004955
2121147603
136470218
-1087396895
-420882054
2084496167
1888027667
-1226038487
-1202312444
1644096002
1086598367
637255967
2005842760
-595316274
-627682227
1364132558
1407373087
-1786959540
-1558535535
357984752
-1023711035
1909316316
-1835474201
-416586280
-1847152400
1245946364
466511044
2094853778
-1639424732
1854944526
1950825550
-834130361
-1158043835
1246037853
-2128177650
596106470
-1795642771
1469335393
-160165404
1502294529
993016064
741145922
770660666
51351796
1654554620
-1646522982
-322280324
-1840884916
1643252629
-2030820225
-2135022649
-400403099
-1055260416
-1575301953
66354912
132065620
-1010851441
-633784467
528343143
-368176121
-2039715075
-1707903076
-1397243829
-1869399893
-1367250677
2029074026
845996416
1052743245
-1302754229
-1385225408
1909405424
-1403339837
-633726406
608216151
1157014446
-365341236
424774292
-1067611267
-1550906767
-1725170826
557213156
747623192
504586303
-891036480
-815990438
-711874709
-610617752
237057919
-1810631712
-550748137
-1390973003
-1906723195
1392853102
-1666429467
439882977
21176063
-1355173475
-1089929022
454851656
747696158
-1116515718
-983111158
638138590
-772155144
-795119459
-2022686967
745440354
-1585174351
-364989575
-258981955
1714886866
-1335452459
1306711284
1069008353
1621536033
-1078119928
-1633235143
-1523761114
-1504245465
539482849
-1269328947
-1219846717
-1419909928
543375633
892379104
-2077233616
311756472
55178443
-853474843
-1717978835
849433998
1739501152
937600100
292967177
1106039127
-1335458264
-105188850
-372920032
999466877
1323583144
-1600575726
-855407964
1400624712
892615921
1572332462
504598944
1356731284
658123590
741135368
61124666
-80352572
218710529
338329917
1132377656
-1175435786
-750239050
1248174010
-1300999484
-645474696
1091711384
1615883979
-1980123533
-1927933831
-2031732453
-1175192207
351099267
-1599427069
507487195
1649961079
1513120356
32501032
-140963653
-857053753
-109023111
1506213243
1798063441
1516089593
-1646473441
753094850
166871681
-1485755092
-992127763
-1827749143
1316847463
-319631335
872510269
-143405768
1921150586
-2018596252
543308267
1601910984
-461328147
768975157
-1566944420
-55704525
859937880
1260236039
-1402782526
-672960374
-653855081
1856418239
-141082979
-334599797
1485769714
-221494272
-1287919228
1014807827
952206206
-255987779
1932598052
948819409
-617966142
-583216113
-966996087
-317854404
329288092
-1569281976
99369628
616425670
382311269
-907837881
1657218540
761222737
2012656211
26007053
-455479632
-1340130334
-685144033
2138691216
917012492
313634451
-1000134937
358989775
1995093395
-2061802290
-1748901548
463661606
1711837709
105232312
1287923967
895346402
-1503390087
-900937750
880273168
-1483106792
951780693
4110694
-726385880
-126466638
835393052
-1526842680
-201997184
-1964823094
-267952881
-43398213
1884543314
1023073850
-271193288
1309439662
-2037952393
-633310861
515435179
968094152
-228474543
-1342400370
439794447
-711763175
1319001578
1314313376
-1031220644
1750664209
753126237
-1648856751
-1689164315
353435701
174103668
-489941841
-1978392680
2048224015
-270380398
491124799
187589509
-622290587
-1075771181
-1144119467
651159964
-2132498002
-537383567
-618193243
-2143506502
225388481
-1612255895
-180270823
1185777638
-401164337
-189188515
-543992348
-1732983081
1592523923
1835299516
1812911062
-715073863
-2033832761
-1389272033
-1365770766
699314736
792136665
-637616138
1733150013
1903856540
167328222
-822185373
157819864
-784522082
1658785479
843688805
1145048400
-1782015525
-755534639
-758769095
1769312309
1092593408
1258387010
-1499923716
-312607511
-743528699
-1382124975
-150283627
120399289
2011026612
876490085
2005480657
-236319695
-1620537492
-1312870270
1352749262
-546271317
1180543010
-697226240
1336016797
-2000228055
-1687618904
969822589
373825827
-1272496028
1883690801
-1441015532
498340671
-1500903900
71696404
410068430
-752586959
1971371986
1841643472
464010584
-707479239
-1811677109
-622470320
498173686
572843646
-624801290
1434215535
-1343224393
-1726423759
532280856
-1361203011
-1948089878
311251698
851033446
-1111623549
1890670032
-428757646
-1710705189
1999921668
1400885650
1546439001
-1657808437
1951759621
1658546805
-1588802711
1223453752
-1141149040
-862836405
402677730
-269234588
-998576908
1541213228
-321254360
-442066265
1869609999
727863142
-935037277
-2091247486
-1564575282
1180619185
353945830
62676467
966111988
495257511
423006226
55095818
2130663451
-904711566
17743740
-167312196
-1518470408
-745943610
-368461427
724209654
-1396728861
1434872081
-204832023
-472844811
-1817375851
987127793
-607157293
73691348
1248273714
-1139268122
-1273791536
1161357158
-1857084278
1383668040
-631796855
-668665019
1346870427
-175566469
-1930856203
-346725333
942658138
1425808480
-783838793
-2035667841
-126648398
264642318
-80359484
231908147
-2019212596
-394048063
99492936
1599477452
12205457
249278226
1196428490
-1794855486
987867500
-1514201496
1553061517
-433262583
1616601940
1245348270
-1153944519
-56109585
2103227401
226371142
641665467
748056616
-347940707
-776439492
-1599565208
-1194754777
38211381
1944555198
-229227160
-2072215634
81800208
-2013844277
-1268704175
-74241368
1882847944
2141736235
1163730962
1579234870
-185929768
-350598498
1179541522
401732103
1184165470
-1700975272
80983960
306587884
-1465506271
-134755669
-798096019
-2108413526
-566538796
415476742
-569329217
863963410
-1418412645
791408925
1754455623
-1644727985
-341561905
-377773719
-328860498
-1026977154
-372171266
-2034556717
325748524
444663939
-194107339
1583594411
1762633586
1287965210
1643758720
-30704162
-1452894262
-1562741460
2129215665
-228931224
1034939003
-2044621725
1038413920
-1639948281
-1335139471
59537920
1581832499
40883249
-396802019
1999006699
-229810337
-389966521
1197885850
-1139647221
1651488366
432737033
1047096592
-1486823464
-420865470
536376396
53319261
601849389
-561507239
-925270805
1102485745
64864866
-601665199
1489813242
1716253433
-384746086
-304493905
-12213439
1775343295
1803755352
-1160361765
-39103256
1872324176
-1274596776
445677934
-2021213074
2036221278
-429567332
-1157999184
1134605791
-1782323864
677097668
241431900
-1844382138
902082583
-1909360990
-700913243
374428767
1747547115
1358340365
1096043645
896559249
498906902
386343669
1271574548
716814362
-140127065
-1036737096
787249822
1742266251
-1988737045
-1185187149
-1825850791
1004564599
473287183
1650233882
1992078798
1039431271
1969235466
-155219188
2071510102
-270280944
-1500387655
-706924319
1895758559
704315847
-1764801717
1420032454
1569151216
-2029149644
-1893536289
34429580
748134890
-1923331514
1074309226
-1317796932
923500175
1104562022
1039254494
-160932882
2145649352
780605166
124775816
1235340122
1029428130
1577201116
427093689
-780096337
-771151463
194447298
467419816
-612501725
-156814567
-1505578751
-1537366378
-467470901
-2034984127
-1846329290
-1370093517
-1712021460
816658665
-754650381
-1798932928
1784899601
-2105464346
2049434033
-541132939
-947285858
1011605132
1717075717
2036689828
-1349557595
309451124
1719948818
791075613
-466759113
-1384896642
1075297342
-1281107884
1463642494
-1657482215
-364352984
2077153217
1372097738
2136464833
-490983463
-943873529
-755667991
-383750455
-831899591
1276986456
881669306
-454926758
1149800387
1179263766
-1054123260
1847344570
1077863036
822350526
494471555
1036940753
334669089
-590308607
260444228
518535401
361766303
-878983117
-1097735118
-1595192139
-1988690233
1833578216
1068270575
1366552724
2028505921
821364188
-2118101529
744645654
1010856897
1723038227
454251427
-231222850
539026553
643998017
1549735514
-720330231
-229804594
-82858389
2005178573
-87917905
-1502088115
-155300659
-1562787244
-1102811608
268252128
964642046
1801195315
938221425
-1027644868
1869205586
-252384719
997383695
506367133
-2058600833
1974569835
-933101996
-647541579
-368127614
1956212837
2109075936
-648359711
1561195459
-1410612895
1618732138
-646794339
643771511
171784180
-1759125312
1599493690
-414812603
-210412843
1284358668
1788785358
492297259
-1555881225
-295733928
1554045291
1142653091
-1416733222
1596411731
843484306
-439848191
1609326878
1959361109
-1922060055
906819358
-260840615
1962131616
1540260908
941695802
-1615524311
-227854616
-2116300959
1305147422
-833086068
-64255212
-1600157617
499734401
204873838
-2107245754
1474139696
1737325740
1340386947
-104187624
-1023562331
-561980576
1273407319
-345785047
151025641
-225474313
1363234466
1526353623
-834438839
1284346824
-1688839712
-678640563
-50828589
764406992
1708704545
-43434305
1984691021
649578381
79394077
265709300
-847041688
1031377965
-329898869
-1116377596
-1625966283
1700198376
1324214962
-960702877
-1958785320
-980064343
-1584106177
90720541
1827170426
-302954253
103407449
-1363543198
1583555972
1927789826
-1602582542
-852596667
1015511305
1462729264
842234208
285958848
293432707
-1097115750
-1040370133
-1237335045
-1975816255
489123587
1723203368
1503214029
-274082528
94107895
-1111365946
-206964350
498864377
-465615053
-604486233
-1794090273
1659063641
-171802300
1092314226
-93413534
-934978825
791349101
658534119
780233165
-362927006
993304525
1868235827
-1968723483
-1587457926
986108353
-75433851
-770244489
1410605088
1255805831
-474997792
2116280219
-164588752
-1999655389
338238002
-1162548420
-1611927377
554269573
1510983846
-311599658
238800449
12378859
221410358
-661490303
-1775824163
-842090620
-1713437309
-1469305553
-2145914685
1950080342
1959136744
790742577
-436270420
-1301489568
442044876
-1273567745
258422851
-1022318078
-736975817
-2133439432
-1801675308
1711120541
502015911
2061722855
-184480958
-799212170
-970045404
-543409401
-1613572546
1364235487
-1358527854
-1578528951
21668789
-108016488
1964854597
18028307
-79178614
879467634
-32655910
15345612
1074432389
-981502667
-27752380
1172132438
2046128778
-229690941
494555941
262910684
-1539252979
275805820
1366089054
999749837
-919882299
836772580
-28188439
929000231
-909217377
269138307
344858341
21327096
1568608757
-1659313652
-596041486
-620739039
167032831
679438785
-63489089
1582445661
357333897
-907778539
-6773024
-1780610943
-151488282
-1302241902
-869155356
-1939680252
1606240804
574921469
-762462554
600206018
-764321920
2129792695
-375482141
-1398817540
-361436388
1940284005
-660495603
-1568780893
-1190112273
518333139
-19249058
-1589884715
861037564
663036949
-184482769
1618804391
233219526
-1378057233
-1286193527
-1940797915
-554719998
-1983910282
-835854852
958106774
645400206
723454198
-490626385
-2057333501
1606986657
-347986154
-731537736
-1834341382
1478579268
910929466
270229421
788681615
1295283457
-505296088
-1758093957
1864215459
1318990809
1561026029
176652917
-1229710744
-996556678
1620393985
-1548230481
-1538852572
45579185
84101289
-620631923
1890044212
1384751645
-446516324
439497878
1019655507
-1083937243
1669975529
457719437
-1307483364
749331755
-2069164777
-2028891710
925817037
1659421697
-488639347
-946516315
-999457971
-124174693
733113652
1350292379
1426352239
1891206918
-890145958
1980210964
-862342792
-147370088
243810009
921812701
1871919582
-1741505431
31279480
-1613930318
1221606994
788166657
-676276336
-54831081
-725235712
191356754
1053353714
1366273383
1490587669
457013480
-634214392
1159236140
-2106386559
1620650846
398452025
685184689
1543436029
2041505555
954793106
560995542
-1294685361
-1072187618
-375238750
14910499
-1868209716
172780926
-1338094172
-1879639266
286689566
-811442538
-1218216989
196174304
1233070663
2039734231
1907368026
1686751717
422792678
595951038
-1004834150
1709580068
-53874249
936647937
1253996272
-1313681825
-1701948832
-49841404
-642979898
1587412155
-367686295
-1278754414
589877577
-854186861
285073292
-991157815
-469646516
-925553784
1399653166
1239657044
-1197818517
2008958428
-1942523091
1625311
-954189453
-1402586368
1324520924
1023624903
1613363201
-2013077653
701502539
1940087057
479884136
-1778919508
104915403
945601438
-2142757672
-1341916990
-1170032720
-858384484
-753219653
-1770792533
-786233000
770102590
1745479522
-1594660294
95335532
1760696494
-2129755424
-1142840531
-109711003
-543503806
585499446
-660167810
1228949586
-944052754
-1716437072
1857933049
507809239
87805433
-364024691
-601177586
-227201928
-887843597
-1711616027
-1473696024
477183511
-879856922
-524328761
2136274877
1370438075
624875979
-1322142559
1720261223
461257106
1563024704
-734339356
512311604
-104391368
1047978358
1596204776
527633657
-582546375
1078773104
-533743604
1563520109
-963568428
1779039337
4829217
788370611
-1212341502
-1738519915
-380555256
278818616
277212086
2049120524
1179603609
1842385087
-1342609307
-988637949
401354182
2085490105
1744932551
-1596125636
701514239
680443865
104132831
1815300287
-1482490920
-372322072
1321881913
342078922
-130208791
-1401774379
578467698
-1229207547
-1649370891
-205763313
-892221187
455988985
-1087106994
2117637911
975464995
1823294915
957716599
-1869760432
1499589451
-57024252
2093656587
430996761
913589883
-1498503141
978359004
120639773
-1104662242
-780700266
713910110
-913285399
1558054407
-7062811
1921263174
2091586750
1708182453
1464320848
-281742738
-1067277656
-103753000
-1959054806
1680639739
-1220852273
-1742477036
-1203851194
-2125182528
480867596
-686523388
1533213866
566665189
146096830
-2116614015
-1320233854
193030339
-342784034
-1760869853
107898455
17482514
252849233
847535879
-1630911360
-1329954746
-1899093891
644568018
2000063192
731703861
527359007
125455350
-1084085328
638172924
595097178
1447092788
1213831175
-1873508573
-1124947182
-1605051039
1821325048
-1263949313
-1458806406
1481340268
279928947
981328984
1918404587
1720935582
514641711
1579943242
-1327736585
1208502564
1372437983
-1632168592
-1038852674
-442754358
-766434397
-899331010
1335279999
586922249
751223745
-11896914
-1504785807
-1394617021
-877919084
488552990
-474575917
-1827947188
-1668628028
-1540832648
1194403138
974113324
-1007252041
-808394093
83436362
-1241680094
-1197992378
1155835864
591123774
1972856044
1144889523
837343784
-1707889589
-1654141627
1843581147
-1387133699
-492767285
-1614009681
1343303591
1079635662
-1541303594
-1699932046
790504648
1470800568
1943885599
696626915
-1981655134
461238362
-989435652
-1966219287
1490135944
1901757952
-586567482
-686843971
-1441117398
-2138699518
-297986717
1042720240
1759803211
-2116693906
1654541344
-1196969294
2033454262
1375610340
-435269181
-932527024
-1266158222
-1256574783
1101193440
-134604546
2086861108
1764028288
-1989641877
-43099946
-89349867
-1648499876
1082445198
911041568
730866308
-1608887752
-967661636
-1617870380
208307581
481182403
-955408890
995160668
-692553222
1126602455
1295328941
-857920867
-939028310
-16783326
53731831
12532536
1475726048
-576976121
-531550906
136882188
-830097971
-864920634
-574598299
-1153027073
1320977650
-1525335591
-100536795
-741251842
-1360863281
864638369
654396712
1567081537
-401058080
-1676561342
1000404476
870276819
-1116425271
2052951498
1896255851
893667921
653367503
-483169896
-1205347824
-1784466959
1896489866
1569135867
-2111872979
-1300156474
916817624
-1767993319
-1226230084
-1960741311
-356724715
-792498927
664067523
364744186
-1854190712
54402404
-67437076
-2132989008
1083980831
658028944
1977272660
-951655794
-1413490081
-168898819
-47442525
349386415
1050463893
1132011549
816874332
1459606500
1670552145
1691534030
-1415625099
-38212428
-1804294892
-1851309822
720135210
-1280637532
-1397956536
-1185964127
-1553630707
-2117095241
-766495121
-1201770579
-353672607
-66323145
-827442785
-1887875673
-1548662360
1423941558
696829229
524317488
-975238789
1754273359
330794664
-706003212
729668761
1428901169
-1580817911
-1538599229
-244072383
812746589
-195107544
-682473472
-138209597
124686254
1446592112
458607166
-1064738988
-108628454
-1522111786
-584513497
-376367326
-499491530
1506742022
2103349920
1559762856
1445862399
1776267231
-915873238
-1951594942
1900001238
345456161
-8418677
-711218941
286128844
925247845
993100972
143209670
425437728
1203187277
-1548242236
1159653507
-1970200315
5919739
-1867971914
-491615773
-831106137
1755172038
937677496
725718805
945520240
2131209771
1586920500
722289122
1552352646
-1352748031
562768114
-812480514
1797474456
1725924080
-998680970
1098579105
-45125926
123674147
-949900378
-1445456042
-610111667
-1120762820
1511982256
1707351059
-727721661
213821320
-475932374
1503719560
596779298
2064856435
1375297658
2145284795
-1791593113
1680204094
-1935665033
-1414060844
870473710
-1200937490
-776498608
-1880407499
9156464
98874247
1262070188
-1989176882
228566347
1569520506
1893960210
663128494
740148105
-2004184997
687941259
1930401756
2134415130
-1072870186
1132857222
658613351
1997335140
308442595
977965819
1405296827
1813367805
-1628681160
-720162095
-1134348235
-484756041
1551679743
-898040444
316470778
817209308
-1453702711
-31341310
1145467908
341902522
489738177
-80760874
1130063741
163453025
446748196
-1917927288
1274256976
-1823950678
1128297456
1497952066
-1209318917
11983228
-50647845
1424996790
1540092842
212037962
-1509476986
-1531687617
-1897720447
-983750177
1416023794
1123397446
-1604135623
870898013
845112627
-895580185
2129710062
113510274
-910727838
-475893037
-891402442
-1678507219
656867031
-612042121
-898396299
1404193824
1836532631
-1011703459
-1267155089
1389319431
-1483842549
-1726571054
1153171742
1173414329
-782319117
-237098039
1778271173
1298236861
-996493671
302291199
1101840196
-1065679089
107767881
324104031
1163843758
-1207064286
579238656
-1541119577
494222360
1422042153
82307170
1208016458
-1531953229
295193746
-1981191439
-1484428136
1197532189
2004528850
-1562777476
1771649051
-1623652877
-1914461337
131239892
-144937404
1609864362
161062682
-2067620411
101601863
-765533538
-1638612091
-1153565372
-2014958782
131359339
-561646636
1670985444
-720736092
26371452
-1510739505
294675343
983816396
1915465696
1419691799
-1705109903
1304440304
-846072476
-811991377
-16616905
747834688
-1433300003
-913149250
751426936
1893790794
949886661
-1262701934
-1289352589
-868007776
-1012690936
-1338686232
1608730107
-793115209
108605984
61622890
1693401518
535485713
-791636129
1372210296
-1937388179
1606030494
1212953227
-1672215510
350958599
-975315105
-1559337809
-789576299
186855223
-1813943219
-1916070864
-1429226675
-1886476592
1678247800
-1116528354
-660369877
-146165962
-69293710
1177701068
526947664
-1933149424
1833736429
-605201759
2114669161
280572987
2027553442
-721967056
-2083865036
-2060193791
1575857012
-1282127226
1073484098
789656202
-298770219
-1085764924
-1786366723
-1195461230
-765654168
1229614060
-1150666516
-1805556132
1587906536
548363263
1043114037
-312029467
639150663
1487692358
-1606894749
-366518691
482316058
1182424816
2040423017
-1602206510
-1703633101
-897175587
-1374131481
-612182482
-362288753
-356659528
2069382827
-1077761949
1601484658
659078219
90781305
246079716
-1577468208
151735565
-338371313
-2099878570
991401711
1194961664
-464552350
-1225923705
1229935433
-1338466119
1733455662
-1454775138
-172660554
1062699456
-59803475
398876564
1032536266
-2049981415
2140157093
874020579
609492859
-1356062942
-369056344
416189820
2090876679
-385727585
1649708951
-1389543683
1678984724
554139923
-114600857
2040317731
-270959592
-1002836911
-288466649
848000124
-1676582918
593288017
1390556993
1272103521
15041785
631294535
1948466687
-972614109
1701632461
524025329
-559282095
417962884
-1322926581
-1472563408
-1950537011
-709430167
1262651853
-1256125478
-1560199690
-2138787892
-515609711
-1872185138
-2111256384
-1937064969
785104993
-1768652472
844746579
727009262
1968392756
1073049461
-1986590193
1034864684
-1107433324
1750436425
-1093203760
-1512500590
-2014005376
1325126800
-2125216142
682083740
-1790068589
906537283
-1019121513
360541909
-313431451
676006173
1975740327
-414178164
1467478576
1705291116
-874333416
-1041135928
-589513802
-2128874452
481928686
304175992
-1066290334
-434636463
-834941051
464599535
-1222017363
1697935715
2050708622
175307150
2061653699
-1981802160
-1429808041
1074976706
-2091816603
-640561283
-1979892146
1704560945
1237902353
462268957
-399017017
-94262737
-307163809
1257545414
1110577660
655311478
-366014291
-1083273407
1944774741
-389066730
1207590910
266850209
-2072420630
-753889878
-351547361
-1562871402
930758981
-1153046580
1222628107
1427972354
-1711169172
1716934090
-1682475888
-825377332
-1616847075
2036664729
265944369
-1564942603
-1473290405
1792551689
462643022
821459688
-991381463
1546883642
1070191234
140964117
593187989
-1262471858
-2016984757
-1826090816
-1026632457
256916831
-646353680
-1336723179
-1518751878
-839190861
1043721119
1190454912
-296626981
480972846
-583179051
1012875579
-1229169295
-1173561849
789295106
-1073839833
152863340
-586050626
-1590118036
-638633248
109209441
-2028492467
1082675539
889448971
1119778821
-2028478563
939870549
1776831729
1260805688
339318843
-622427117
-1528404655
-710618043
-584551349
969071381
1941582449
2138953576
-1867485508
-863830294
1243510902
1371864720
-1966807619
-1076972141
-611440395
2098985317
2053785454
-660268255
-1671741239
858487691
2017547738
1772472477
2096443174
44636200
1307457061
1837827367
2101746158
920703395
998555393
-810326687
-592473277
232874415
-1396262298
815496461
312775772
-53052025
1402474114
-552696076
493343132
286038650
2060976621
1239361289
491961312
-372377942
202247968
929540814
1148896024
-201266672
1447820071
-1708954633
1372565016
-395590718
-1131535467
-894879412
-1524163664
16955256
-654428231
1365830099
1414955257
-1662476468
-1744056050
-1408467411
-104974095
-703359552
1167171319
-1384156096
2143123786
-619533307
1718950315
849686806
1269842046
864174202
-1650855827
49390852
-1953132249
-1299138190
1390520065
1369804302
1284345484
147695674
-1585244582
-1801323382
2068074110
832149593
1871496343
1323105794
727151717
1898778393
-434091984
683381342
-49157739
311525190
-1339807124
-835498174
1119504101
1766798645
-15925994
-1143450187
-2056928382
-448823545
-499804305
2132966914
906673408
-400386769
-1203130778
763289058
-5559119
-393410768
-1698350074
-1754198822
874552890
-1397182293
2092853807
1129958114
-476546205
-1241417064
660010120
-1397822137
543736109
-2087293741
1384986036
-355813935
-623742423
342610906
1341412291
1815541800
1405639175
-33325355
1230913514
851095923
-400165267
-1016309290
519667062
666302017
-2144626423
-1775572896
-770710530
298474156
785520361
-707763155
-223162152
713046203
47814921
52331563
980712397
-1354532600
228352557
1022504904
-736795888
1378009506
-1696096783
269460079
1929904747
-1888604364
1051299101
2072953681
1830570426
1930755174
174433086
-1571900056
1472693917
-1238647934
307521905
314827704
9745768
-1469446565
-1575077247
-1176236585
-258708130
-1929852822
-1468191692
539498671
1952635935
-875002055
419674593
550741891
-2134014882
465128707
1091241030
-802242257
-695618602
-107734628
1503967896
761136563
-922229634
-303039090
1503264986
-1135986703
-998277893
834356101
557967218
1943019445
-1861114795
-800896020
1401899000
142477302
-1013375763
-547619113
1700731729
-2068554405
1806195374
1819408419
-888300292
408105216
-392804222
1263587803
1978257323
-596204679
-1467125496
-1407635235
-1669056747
-10453994
597196419
-948406340
-1152460022
-103976856
-1797110251
-1259453464
-741218361
1708711940
621728300
-1391847156
-1055293557
679086214
2096504891
1129176759
1698074986
1976694232
392201645
520623165
-151664288
-298732876
1576005654
574807775
-1651708504
-1976271513
1482716331
-535603671
858799438
801244374
-654449932
-2107198821
-1400462333
-997658170
-187478337
1898005131
-1962092752
348274775
-990591657
-79869623
-1998278580
1662135761
-409820682
483798148
-2037426062
1751367330
-1366739593
351179755
-1276765907
-1394073433
85374287
-1987682537
244246166
-1238143574
-1299405379
1384093095
241628833
-1912303061
191968064
-367020628
-1255212622
-1445045149
1624780617
-689109945
124373110
-1988888699
-2046647246
-327301999
571972336
1229674310
-1043385234
-372672326
-385540910
2082232223
326416640
300585332
2097607438
2023462097
732156720
-767479919
-303069525
-959692887
600008060
885906410
-1432999716
-672894459
1338451917
-1180345981
388228173
-628897898
1935592170
-1664289300
273387456
1924415206
-869310671
-1998521367
1851258328
-836131171
1605366403
685583445
1582573109
-374072577
-1755473536
-25599678
2134852544
-1726064712
-1333110796
-989151387
-1904319417
-1225203237
-783442800
-1929635407
1456756043
-899723736
-1722530852
-1745458367
-514827751
-304797811
-558279060
-335770758
1159870231
405551599
-2081425839
306937968
592649823
1597916457
928657362
-1476193400
-213364335
-262120364
-1364221604
1353747551
-303199004
1544975689
-82694474
1745860074
481464190
1173482595
-975293576
250909150
-395815674
1726873737
891742397
294805074
1606407286
877235050
1755771415
-1048915551
1190484021
118323722
-1342683709
1845145749
659604324
-1251751554
-127540195
1210524353
-422291337
-1764029453
1591546453
2000775469
-1543973624
-1813071372
682298467
340581176
1877931751
1475138539
-1357946312
-83014214
684441205
-153774104
-2055572427
-1990047640
-712637903
1331318689
-2083339552
-699028100
83961747
1609333433
-1936521771
-696600683
1758074136
1830738244
1027489274
-1515949605
552120734
-1146217845
96876278
-2067198362
1903789297
1235170316
-330028062
1750712032
971525541
742237379
-39156927
2108486504
-371351515
1420044463
-1034824147
1066607545
-1770069236
-1910595441
624080595
1493993099
-1933493069
-1453575700
-597628383
597187385
1887782410
1364517724
1609828541
1526507939
-583362901
-617203452
-938165448
619682901
556236332
635344222
-98237053
-1510352664
828538548
-140025285
-2141366879
-1870955864
1330666704
649741835
1453279646
-852257930
307419271
-1456608932
769286335
407131888
-25074773
-1561653088
-462550022
548164558
1963354481
-534573518
-1464348248
-187736178
1632697156
1613549723
-759990152
-1020258221
1760818901
-1506930416
-1786876505
-853204726
-1073153674
927622719
1223613037
-664568882
-629230424
-915783862
-108913478
367634061
-1725990926
910691091
-521300191
-546480661
-258604045
-594407494
1322781716
-2111296922
1585707706
148092515
-1091504046
-1661133894
1579057493
-1581166788
1929289884
313808518
-671422809
1135448510
-338508114
-844146641
-1191287937
1436572978
1184971117
1262687491
1073825765
1408925046
-2077051812
940790945
-1981339211
2030729216
2015478356
379383961
-1510807438
1068672291
-420046988
-1680680625
1362532947
-1484711535
-1110305195
-309590748
-43207006
413017120
1286042754
1774104022
780734790
-1057070128
-1207487961
-429424601
-2010809442
-7226868
410343687
650224060
836181647
771267888
-831506765
1834922312
-189341216
-639791285
-1024719368
-637786903
-1640467260
1286126885
-1621410919
-2014991663
-1575957576
1730152835
1973578301
-326471639
-1884936305
652609705
47313322
-1343917519
-191825462
971943967
1315892531
1874279851
-2041169363
1747500728
918033775
-2054045575
-1896283762
839327951
-940930773
-727903867
1401585135
730191060
-2074758751
-788114720
-1900244017
2063209478
-196299287
-1099427283
-991117124
-1581923455
-1829293649
-1894921408
-1604185299
-1098747525
250225445
-1087737599
886197134
-1082629430
-1500691397
246685846
-571508069
771388585
1742750477
2075484864
-687820560
484955834
1014402461
2005311365
-291662879
1117839694
-726162239
-324491249
852355975
-292779036
-740480418
1789098708
-867467749
-1734326288
-1610146090
751478262
-1128936314
-1992014884
844235198
-755307541
-395541448
353000019
1768016340
-1904538016
-356599240
843985340
546302000
1667490650
661275515
-1690742780
-2045130056
2123503774
1883750010
353248928
1854968281
-1285142189
1320493566
-230073646
983690611
297683429
-2028346051
408473130
157111572
1708969515
251467050
530328399
-1818751128
-140325429
1289153289
-178586881
273005808
1188055773
-917718975
1738048851
-1128113678
-180855090
1159674741
1651376967
577104816
-668028538
-1962888492
1511515257
1938377948
-164446515
34160560
1550527793
-1868116662
1463782890
-2116718771
-868994911
-1715955481
996982669
-842793733
-1722799251
-1147004439
-554166802
1451565415
1701282412
-57619897
714922805
-243334355
-146363984
-1475073940
-309278180
1907367088
1915746243
460571430
-908829486
-554587346
1264642355
-1077571356
1040098850
738818830
44669009
414582304
-7661356
320578940
1268608309
-938041575
-1741561517
1342313271
-137344508
106877126
1178187151
35182761
1879291764
1385600262
-180601052
543932215
-2040801904
1877018139
-1597733957
-1121808422
-1897130824
1330691417
381743024
1288631022
-496502036
1494673690
1127802613
1293416778
-1463518903
-205959692
2068840501
-647191920
995792338
-368400594
-1851830724
-316148539
-807113357
-597419409
1804557205
103184675
-340143549
-1504333129
-857490316
1786130989
1497500169
720311955
-1236051242
-1396220156
-991661823
1579216268
68608230
-287989767
-1961229088
1691003104
-1811356254
1684426850
-1428284396
-32529548
-1500921922
1710369201
-824390321
46779656
336798408
-186809406
1218562886
43996332
1636166284
2105788019
66238645
-190577038
1761523897
1250943097
-2119419737
-1698279324
-895203132
-94054543
-248955149
-690806088
1655479820
670483765
1773167881
1960517442
-1241223106
-1113205135
-86292754
1014418473
1742109178
1202855541
-139973500
-938557987
-35222090
1576555595
874939151
975694920
1250858210
2132069644
1572006644
1812178755
-278274739
-1425324177
-1715479102
1374019147
1704810694
-1234740062
-344706954
-1219776653
-2039368954
-911037860
-986122758
-75009636
-1965137459
962267699
-1528527377
1826008548
552801098
-655070678
-1345803349
1213840476
1828658879
-144237938
1137066373
932968445
1479334757
961848577
736672847
-1948860965
1497432460
-922058538
774925091
319335322
1015839238
-1594148704
-1789235358
-2036477663
1210138565
-1272195835
149008634
-2047030898
1195456451
546087127
-681291034
1276637033
-2046287071
1997642340
-263361542
-983490533
-222294125
500180493
1364920288
-26099040
2002905594
1454167573
261403741
-1432353413
297408338
310205371
1372004057
-2016049174
1170421710
1244657033
1088259613
-376774053
-1438156736
-1899303186
-658897827
-1425096162
-1778707010
590087434
-1631980167
410422363
1363736450
-1734818615
304348543
553761861
-1053523182
1051604531
1922134900
-325554033
-1069412704
21981441
-2126695340
-73343970
1837733298
-1592281486
-1203887530
-2081518079
-1506962427
-1244738465
643028083
843695261
-861263186
464115085
-2091894231
-1254342612
-2112949373
1560695618
9516924
246696040
964175544
1073773594
-290882243
635820418
-1404963124
-753912806
763896206
752692313
1740326565
1928655365
-480068444
1421151720
-1848959494
803874286
-1868689970
-476661249
-615612432
1705178382
-265458506
-540005067
-1960146937
304438999
1554090727
917053980
-429330121
-1735778488
-1633465969
191770038
-1502385322
-685251965
304064389
-424890584
14967484
1376099740
808848268
-166623571
850009640
1138303155
-2058719527
-838350899
-459057435
-1634453948
1890659282
-162276659
-659902680
-506207300
1182954776
2109391209
2105060028
-2035638448
1484765383
1435267776
-1810231840
-25719030
1490383868
-136084849
1697826415
-1559616220
-1926743401
-103053407
-316423359
-898454119
2047080257
2032334214
1454136785
-1646944008
1789962160
-1721475710
1778792991
-1851731846
1608522025
2102282952
-1123761960
-69288105
618424646
-1077924376
1303353267
1683340628
924274425
-1894380668
1180810269
-1092249952
-1149866032
1173611082
1592599575
-730862368
1605977466
-41092067
735906143
247762312
-249997431
-596468075
-1578155315
-1714661012
-603075208
1169739434
-1300279296
482513302
807902448
-302572629
-1541145799
183868761
646699078
-644438668
1131066758
-511337050
1306911048
1899876831
950669602
1479041438
738427961
-247634566
1536622107
727683175
1743339289
921301882
1239330101
1611078722
-145934039
1040701680
2109816078
-1343270179
-1404326227
-534825158
-1295542910
-963174683
873452787
-1427070533
1131484496
2035306207
-1185383788
-241536306
-379849219
-1335823048
242214905
-796263433
-1539995144
340931994
1705165856
1716716891
-1595033346
617485184
498729376
1715163249
-1938071873
1517491724
767039466
-1141960198
1916104642
-1541548777
-128316207
-978413778
-409007995
-1886010486
954274379
-1298888137
79874791
-292828437
-944653192
-2003334686
1394355658
-793867206
-492694556
-522123117
735290100
1400986110
-1298135032
1681827450
-889407690
2111848346
-85064170
-871204092
-422342449
552380900
1036761078
-1451621997
-1041666031
1606649079
2067607435
1806343536
1007031877
-199826616
-788331974
989718784
1098790603
-992837129
1123686571
-552123339
1914525317
-1097613721
1765947089
1596937799
-507265674
-1187852016
-1980334040
-1557563740
1136615077
1260675475
523467837
-1914556123
-1594828217
-933771250
467296115
-999990911
1178336796
-274231375
-1841718269
1034772998
-422221800
1832324753
465502020
1651829125
-487248058
-495900997
2019024684
-1078020979
1234220777
1930003596
57154582
1481082332
-247722012
1520627264
-1953957180
1817741842
-76182437
231897288
-842196312
61360808
883190169
1012970975
-849933217
-1117561825
608023603
1596403550
-1058780035
-162186372
-1039086994
-1829125169
-1580816753
2008878835
-907075363
1894824001
383927389
-773767711
-1812386482
-2073980070
-1830359697
-1355803649
1477745639
1830950322
-614516014
-1360337964
1689137803
-1164844194
-1499938021
1144806507
1177290369
-23285046
-1391164756
930219590
1000007767
2024805579
274662453
1981553554
-663999996
1421683187
-1188819587
190197659
-121167028
-1290807001
-1320561566
1185831297
2017728616
944397167
823918622
491247148
-1877186843
-1972555507
1213135563
-1187949188
-1405739828
-37694512
-1322756312
1974888133
-1808835070
2079832745
1839287965
1744222330
1223703537
-432766338
-2010866820
814030631
646964072
1896435774
1943614345
-2005166172
264520895
-1388134347
-1753241924
-1718568825
1642175039
-1700661600
301999684
948848346
-1864273728
-1748064892
-1927055409
55566861
-666954094
-1375528006
1238456584
-630457554
-772696928
1417785678
-1915545759
1377340246
-827746862
-1459346166
1438736402
1493187942
-335814477
1682620237
45124704
1037303539
1955022676
-1107669472
-1969295838
1756376190
-1917898385
-1907011958
551346304
-81015576
1953637582
1749931811
14590206
1012633636
292941805
406001638
-295422792
1417250094
-505849122
-199851189
-1981555217
-1317160133
-1594523028
405927061
-68688445
973292081
-1254669949
-195467416
-304562622
-1449640360
-1311028017
1024988318
-960970592
2018444114
-1092754270
1019349082
-1360589880
575760968
35209498
-742357668
-1152170221
-1835608218
916200578
-185546346
-1763422890
-1594842488
468975608
-1471019008
477103138
-1230514379
-725797296
1152953256
616751942
-1323139125
1417972024
-1643497460
-1491472232
1588981756
-1356518244
-370779477
-2024131596
-1976647048
697269323
2111242713
-1468209275
2096004587
-343183398
-1049981741
861399107
1762268458
-573314872
-1992791790
1583229627
-70011224
-1240056093
-285101853
1248606230
-789733586
892579561
-735797449
-412027053
-173349941
-774336655
-676139849
-100448554
-1352767736
1012363275
1172859419
-1124521433
1149726048
-2030795098
-1799328836
-1340239886
1406043374
430968626
1715329639
-1418857387
-205736856
-1469808250
-572326541
-2061933733
1178740043
-540286
-921480683
-2079416382
-1430209193
-374559368
-1427438606
-2122354172
1268931390
2090118855
12376821
1302029204
1623829143
-1023987511
-165629342
1998875240
1369948952
-2038488594
2072628523
-1901836105
-2018507004
-1336089816
436050818
-47078141
-1886980894
-460502646
-1762081361
1746935386
1675616367
-1352886741
1041862690
-1092165416
-473381163
-1136228272
-2147226421
-1690468753
1986179611
2076372425
677694889
-1255731222
1526226911
1554011547
759139489
1100997166
-1253302461
864340191
-1861649264
321008579
-703522267
-1572426263
-591071325
-210057582
-837583470
-1219610197
-930185499
-1498527248
-86624901
-1521347749
86228761
1396498650
-727437399
1405619796
420843209
757155970
-209823250
-1165156807
-1781319266
2059232010
-1859203172
-36312736
-858870542
-1514263922
106752571
883662188
-1193387613
-1843572632
369437045
-1303451077
754638634
-83424082
-1183635883
-1139456253
79942635
-321986049
1711998384
1475536311
504905422
1954961791
152247779
-2044331858
851744269
1702165279
-1148861506
-660722042
923883343
1122043425
872313535
788891718
-82146058
1435282907
1851049090
83750338
1384764597
541318842
-1028985992
2071536707
-1378763932
1913835401
-1881365289
1011288934
-1566408169
1870521075
-1164519983
-766491580
2084413548
177708358
305088519
-1078876461
1087281188
2086253177
1641494848
-816895605
742714868
-1536003984
-1220890027
263921484
211049373
-2146956931
-1840653969
-340201602
469602106
-1341684950
336114549
-1351570310
1834159064
-726840011
1595214015
-623170520
290651979
575784155
-1420205809
809797352
879239487
1399072857
-1168160064
-482533195
1320218509
287489711
-2111676097
1999609991
1850596303
809973670
-597113158
794065401
-890487242
214599700
-1749220072
-1037963988
1787634074
-934033826
1752205864
-891182870
937704658
-702952641
1523397404
318978830
-1550013115
-1120429370
-1357931720
-1001022686
-1198111039
1005574565
-1960107579
1271307080
2030537866
1801179815
-118236340
-1276937378
-996300874
1606865026
-128327168
1968331357
-545984841
1052692431
2015672699
-1138793983
-1134964167
1559219541
861190573
1631488174
1131103022
-1418775411
1497085200
-229831278
506783270
1383150178
-1715646944
346821382
-588732445
-1766199241
1899671562
-20972743
583305004
465107758
397713059
817261327
-1691703327
-832742489
803869083
-1343285434
-1027669169
-1735057145
-1662464270
-616448038
-1589687867
-1017944646
-773277526
756940203
-822163097
1092882298
-2002665027
-2128099748
87649857
503631824
1222098513
1874709117
-804376673
-424728357
1071022889
688198123
623017627
-369657265
-213120929
-1394115978
-671774218
-291415360
-1214938288
-198640443
1845717803
122274080
158313430
1653726070
1313181889
151765638
-45506372
-647356279
-492897824
1217194032
-1770184850
-832238338
60299047
1617584587
-1381629200
-1679728965
146236604
600872945
-226607599
-1370648397
-2029973084
-2070224142
-633158433
2110617925
620316755
636578262
-218556067
1295051489
-852890490
-550015582
355757939
908147441
-689577391
1736213722
1953799205
140890869
-1240386957
1405586247
958940167
1031679984
928423921
448416250
1912536304
-1395526654
-475495711
-898032752
198137581
-1650594218
-1787560826
-357429066
-1692401543
1154432317
-1597319011
-934061841
128088554
208400027
-818302986
1262023572
1004604461
842711681
1296375877
-468325092
1900607157
1112667163
199372089
173911197
1440024752
-1169216308
-521462066
-617212525
1546393979
695797143
1339257055
1807974879
-62253992
2066528960
-1661818882
1185667089
1761708894
-1174342222
-85516409
-692174359
1628374448
-1657745117
-267442958
1937852186
-665420559
359693173
-1020791703
-1472114606
-2106147337
-192996513
-418944358
-1353329034
40214718
-1176511796
660504525
166969906
377703326
-1319224317
1086316600
1833418672
1690432960
1939873031
-1509476974
-939816282
576904398
-1337324224
1643312613
66418326
1033921001
174119258
1049349032
-11421871
-1465351712
-186814100
-233706740
1770597820
466230429
-2062119587
-472258410
649182422
-68501534
1559606147
-536353555
1056991993
-511579851
1176733068
-1867439627
1685443423
-1900940519
598833057
-354855653
-1339970585
2011570558
797267400
-1623045390
1542611737
-1931443847
1580022665
-1889947649
701635175
-677801929
1963516372
-554036528
-1658683211
637459759
908027681
1769042771
-1396879077
448600983
-1060702760
-1534004380
-1447593495
857036568
1219882228
-1397850969
-1904136213
58998724
-731156766
-1178964073
316502509
-839007929
978811566
1427681247
-808468351
-1041344164
-536284319
-1559387672
-1958277633
-2091458173
1110063524
377810354
-902223156
-898711568
1568357288
738269927
-380489249
58962886
713170761
-572499411
-594560639
1049473156
1570368113
-1978396741
-44577709
-1704952641
93900218
-315755729
-384307563
-1077147631
-625085097
-1317087075
-797396060
