-1128671142
1629718936
-809951578
227729484
990973057
1018526920
1772333639
181596083
535788534
1988939883
-292850734
-1982067056
-1909190702
707976637
1886292529
1502060468
-1042710576
-1866416499
-174255272
790812580
-1559989711
1824110933
-1673312051
45996241
1056519647
555211403
-302499733
-1865162996
-1162839339
1282953014
-1552855710
-1031393736
-866865987
-367373117
-1409882751
722122816
560452570
-499330536
859207351
1569369675
-655613912
-141300247
-825030442
1505521966
1374126785
290534987
735905690
575116578
-1858274943
-976343674
-10047254
632876214
-463703827
-1701687250
-1527078051
347590406
-1024171952
-664082316
2114867455
495783213
1188987942
-690208071
-1763550636
287263479
-2127340866
-694610076
1541346716
1737469659
67520282
-1876541964
-694434216
1574772008
-737772007
2141060440
1336101132
-643599747
-1436605993
1105694077
-1443809465
2003792253
-1343017132
1877777961
-212940832
712464323
1035477587
-1029703929
-1721307263
1561546260
1824289668
-1136294654
1524467049
1062217683
2039829732
-107124523
1311600749
1202333113
-188657564
-577185053
1640898623
816099268
306425032
-849807293
979425010
2144287344
-258556718
1168428319
-1062566211
-552154332
-1873707873
-402313154
-2111354882
-79245329
1153376592
965362654
-128930942
-644661645
1483570923
1227337670
478178563
-2060374495
1369532547
1020389532
1693272561
-459120218
-269586793
-598206349
1792540789
2007724964
-2011062344
1822129320
1457175218
-1439458651
-1803210899
1987988718
-1767019955
2026387532
259860314
-1477345370
-472524753
-127031347
-874805602
-1406533773
-589140855
1074397086
1800172413
1199253005
1060827928
2102245998
-1507761345
-321023914
-1904025687
617184086
1254906967
1946591146
-868428065
471818573
214611654
812006522
-149455052
422682081
-321847615
-526012901
-918036931
-787004636
-1660953199
1285266395
-1999256015
-1061454621
-838587206
-900297899
1745033131
-1768249058
998414175
-1155502074
-1489052754
-2074868813
-1454281244
-1535959009
1637972458
-419571365
-972451884
805225116
687836989
-510298662
748785669
-966751595
-1686820741
1153646962
72644346
-482782253
841180530
-1245789800
642238344
-1002900315
1006028840
-1431998230
1098557883
-659793676
1475130470
-263019937
1505910777
-647382379
-1531780231
-470424641
-1003066776
-1026061602
400805943
-326593706
-1666122611
-243277445
567238464
-1793418012
-1288787659
1449886850
-1947252859
-1409707561
1461872792
1755110851
-1004863730
724865211
-796828486
95711589
-309907465
1345499121
77330452
-1840404050
-958858821
20504478
-569349516
607915041
-363494732
2081912550
-579045344
1925065677
381328866
-939073446
1783832385
1681714403
81103083
-1187112530
1654435711
-612176502
196675170
-1505428817
1001273320
2025924591
1002723403
-1733331085
525299477
1249059231
734060254
-1811000879
-1902872177
1753627672
-76259445
162852371
-1742523794
2118974108
-664651714
767246058
-521020861
-956280504
-329907484
1285422242
117919799
-1306635931
502689068
-1739678826
329464180
-1709783298
-1975039855
-89672219
934722243
-710173774
1995314840
424795237
1090300021
745804491
-1870883498
-680525097
-1853206393
-431017330
976818229
-1289094308
-979352832
1837297364
773093622
-2086750937
504675486
-1056249639
-1745187591
1848586868
-1624795215
-915220397
-1482126660
-1280415303
640280389
1673916870
2080062369
-166623718
1919000710
-1797399018
-2106763789
1090468641
-785123744
-1729030307
1770748714
-632021075
1093094245
1089060606
-1783409042
1184711723
217570804
1980449018
1757912921
266958852
369660566
-1912711038
1742406913
2120544854
-433356629
-356496948
1768965429
1228558821
-1303108283
-596941526
202241029
1047472211
1686069331
-610523305
331921287
1495368847
-1724145663
-1953002732
1313799128
-907071349
-285352353
-393453581
-601005215
480679473
-1458154176
294828657
1538488155
602701719
937561188
212455754
1381260436
1451304560
-771447335
371579913
1020760178
897730245
-1320678243
-1174092066
292155960
2125408485
1601563016
1706676147
1759485064
-460400998
-1772551576
-244490112
1786467112
-945295459
-1202526355
28293854
1872267528
-1426271925
-1496018233
460474586
-555662717
-2114583145
1875828365
-318462196
965302245
1511009602
-853936928
353352679
-996352979
-1774069430
-14606768
-1789235119
-1526223853
-127858785
152212094
-137831051
-86480565
85407516
-2035732735
-507509800
1470195211
342771380
614480013
-1574608982
1761494219
988779500
-2092987822
30600798
1936543819
2029128840
-395257951
-355632772
521654234
-1907677303
2058675157
286538421
-2146116652
-345900714
-1034300304
-1245827785
1382446699
1826805560
1086456195
-2088067005
1068035242
-2142945781
278718547
-665854212
493405111
-1807945678
-1679154119
436994432
1469298264
474644171
-1883729462
-704038084
-558004552
825143843
-1072562122
-842515845
-1371953047
-330857108
-1163520779
91778368
1318520492
-384521811
1254966687
-1141948586
505113328
-108215303
1202129947
-1718835803
-424654952
-1630807325
732215548
-1685288250
-1484068095
-2093570256
1308919847
1630138584
83254979
1018543054
685169592
-1326326636
-1706723531
1885780229
190955814
-873374306
1163384630
-330236181
2136286372
-2092218338
1216670762
42898205
-1316727094
-394824817
-345233853
-349098581
1929365620
-768175402
-1252396799
-365518508
531898602
-1654457962
-656068613
-1671490830
-2107502016
1786241730
1482769375
65713207
-317419520
1412303987
2046614454
-1939081831
1467042821
-2111456005
-2128210324
1312187275
-1281778263
-1450998471
1162918031
-574512403
2098214690
904287278
482572887
484131012
494554409
2087890896
-388124186
-101103315
1465455836
-1709693154
-1600725553
682285454
-784155676
-487370380
34460636
1950556687
-621789478
-1811943649
-1525311477
-558986680
-85474842
527695668
1258954714
-1071059653
98652073
1482022557
1276609988
1015488644
-629267876
-1335049100
2076340490
-1087030577
717806393
-36950125
-433539658
-1691464311
1937198105
-131065493
-1185058596
793347545
-1253263522
191431189
1790190883
75753681
830843410
-931911258
1392679811
-1297277216
757388368
1271761606
1058638927
324076171
445285346
1380870787
-1221569418
-2111904164
-482958037
2009370978
2030058245
-391461350
-282104249
-1734639177
17828591
-663496903
-494593936
2075279158
1081672976
1960782996
1846365091
-2012382263
964324975
-829660839
1962352770
884948387
918634179
760577859
-947725189
1163547284
1805497144
-1381329905
-902378454
-2082921314
-826750606
1275898408
849141756
390382537
-109582639
-1250748252
355135252
2111977779
1415393271
-526295437
2108802161
-1887864982
815223942
-232588075
-1026729392
1370127358
-119811282
1309017356
1737680846
981104208
-70059546
113528147
1130341585
898369456
-1727191432
1263960334
-2005571543
739438759
-1293087933
-1100251070
1027638257
1338294160
476773436
561103430
-1812691909
856511597
1968277557
-825774150
-421284885
367480311
986964578
-1438439496
-942699549
1545974774
828563480
1972347977
-1280413600
285045459
799903446
-1981435366
1833263267
-1317897109
1980147337
-2120896657
1975155923
1295360549
1631083531
889914968
1831831073
-792888250
1885624300
-410233311
-1799242451
-46796157
1260770677
-1689239538
423543463
143079895
67644905
969263943
11820601
40786838
197415950
-1217752047
1996181412
682531266
-1076100117
964180543
347835945
486818973
-883840302
-631913753
-1955947991
418829695
-1901573216
1062265175
-1247099633
2133943017
-716774589
1106139977
1618776941
-1796881959
1712263548
1751120982
-1792959131
1630529631
-1548809755
1856097448
-1079865014
565470576
-483192523
1269268212
-1461699450
-66190855
1289423555
-1222751834
-416170307
1884020535
-1199777208
2077663069
-1810871502
50505285
-1140548120
-869500263
-764208023
-494363402
204473459
1073492146
-159089138
1277015012
-575519769
974979083
109252885
-667033143
1807905849
-1120285305
1412476450
-630366196
1894666836
2020853052
945981994
-1112302433
-1004032159
1119998566
-1923317415
-453839609
2124615753
-1011146082
-1965315018
-1835495749
-478002825
-2002114485
-1370316028
-956243790
-1867652382
-794242984
-1793322133
-979189193
1693265994
2036195111
864980055
-2354433
-1568962111
1660856517
-584670176
-833073028
-1957724052
-1934124962
-1112875797
-2001032077
1832872842
-170837262
-209786033
-474318644
2087438774
-754007736
-1768799429
-780534616
571994728
-300012253
-407892202
-1949497671
-2120361023
-1916691021
1471477031
-1515859763
-592316281
1138519886
1603358518
-2060187478
1878553197
-1710874017
2000992371
346755617
423445656
686833054
896144791
-1184770467
498399838
34316161
-2135327927
961524859
1086592592
-122883343
592942786
2064607071
-685283974
-1078510783
1126202547
1707734213
-281558296
-1513182373
-1399455131
1375271318
430444396
461716540
1308099874
-888084612
-289119842
-267012447
663700435
-99022920
1998959140
425272322
-1415991574
725636914
71141427
-437396801
-2049879423
165384145
1766943317
340171161
-428523837
-2010516723
-1867114644
-1714723229
961417866
-402413119
127323126
27075576
211684426
141413701
-1131079790
2116555631
1619445036
1463643580
122816194
-759122803
-1821574531
2125736361
1488561393
-1907771014
897911113
-493475128
703994552
345571768
-1288110013
400727067
-494932900
1161613392
-1782354969
-480973502
1091902619
983675213
292045026
-1234798833
532232103
1739375214
1533511857
-1376955047
1014794866
-85634282
1432073351
1777240592
-1746335188
-796651641
711965299
-1324958318
1255649289
-1083364529
-1829281598
1143877692
-933671609
-1015136511
1186356129
-154029758
-242607249
2028981544
1271472391
-2071744829
1356303578
-1005215111
32282321
-2044349673
615784822
231245127
638582573
-1248074901
2133672906
-1837701061
1391380284
-1776200816
-728534473
931238979
1596333043
-512933105
-1884997504
-1151042102
840198465
1682347904
431078795
-528795350
1829709686
1898194971
-1322260120
456376926
1750964963
-1035096433
630417298
-92697604
959277501
-1478856430
1543047541
-816969375
-1717556154
505936313
1641565488
1445144621
-597730514
-399216887
-780137317
1423928561
1947615285
-605199923
-1275029365
985311015
-888681195
507323433
-1383742380
-23236510
435190943
1454243311
-1337481841
1553787590
-306011612
-1206136272
1197542428
2127524537
198036246
-1033762282
-1572407702
1481521114
969414381
-1854088975
1133282805
-33361615
356165967
1987194254
-1236060144
119546024
-96429462
382198991
494888676
437623226
-23459420
-577629832
986011320
-642105495
571160182
-1367511738
-1574743182
880749941
303678357
1692878661
-459169188
-468729654
-1413969838
676692835
1266240555
-1442499783
-745237438
1236696895
1062142781
1837874795
1136412961
-1963331514
775924258
-381519342
-1518096653
303107841
-212844962
-1484887712
924280427
443917223
-1297405076
-525571140
2002902417
-767768583
1546734084
-1558903629
-419648866
-625774001
-1585115232
-402641108
69349674
500178413
-98913732
-1083789345
-802032248
581313690
658523230
474061576
-1717812624
-1464033933
-1480782507
-1889533609
-1959787297
234083580
1322754500
548796458
-602930630
700559991
562462818
-1500024579
138595513
-1136746888
512177914
1518638112
2065897986
84000441
1465144249
-749432149
-1322491884
1449433898
-256727384
132588463
1475992678
-1565294516
907188086
190062766
135031119
-1018088769
-611675269
118748492
776848808
455723033
318494713
-1206725051
-779210065
-818300680
-96265052
-1135873119
1822657582
246120538
-1502944669
514398758
-694206756
1230986283
854420056
1236695054
-1979531006
349569823
-1871668962
1451325690
-802131615
1169187778
-1538897327
922021158
-774832046
746832076
-1247815598
-1586237475
499369775
1088601785
1057741899
-1181204178
1353888241
-93243751
1589734000
-15726881
2110299930
1591861796
783044232
182593697
1200839125
1914320145
-362672981
-2078295163
487101018
1554642855
-1654674867
-1703137106
1278703767
-1182173549
191660922
1454193480
-123282164
401234940
268349539
2031002040
150600694
-1240169004
71417624
773156372
-1133226321
-1073123983
237553046
148976085
1603747668
-1254230949
167841796
-571387701
-40240472
-580670873
193654585
-571504816
-1926783945
305651972
-889982
-1042276416
-270794562
1558192084
-1889935455
-1172600024
-810841399
-1916744066
121946135
-679718595
2046264734
-1221318718
1733366437
-1117287538
-137670055
1263847885
-208512496
-217751555
-606289064
477132750
1271462437
895626859
1135364568
200073416
-1864542212
-1031248462
-272115232
1169260457
-1162462592
-231853096
-637687715
1271326876
-873058514
1116833152
1836722062
806164379
-140249316
-1429206877
1050600866
1575982151
981352508
-558881152
2098606494
-1927840005
251342561
-978638639
612477572
2106120990
871922562
-1218970050
1432362161
647604920
1932077246
-849784298
313086342
302427975
-1449519712
1843981116
-1755007670
-866982957
1249308707
-179992993
1818883919
282854464
785206264
1726455661
-1748432814
-1545619998
-861675130
1421139528
-1891034329
2085758294
815282481
-1448011078
-867923051
-601870961
529876702
-366531674
-484323458
2089049135
777632183
1681061249
570938947
-692623593
-89324501
205089791
-345081242
1958340417
-493985736
-1603110128
403827056
-746689332
-124169236
-1468790003
-1562761708
-996655016
-1366328792
-387148754
381028500
184837524
-407923801
-1817250496
-1401200285
-1712868588
1216226366
1880654227
-1546378741
-294251673
-1725685659
989166136
811249744
1424245608
-1630769419
-828938644
-1048197227
-192503340
-1481555150
924057422
-1960407937
-2041256931
555127564
-1831165224
-79579432
-197933955
1853828513
-1606843892
1396110773
2078473549
574502406
-1404371347
1672999385
-1887492714
-245430713
-2108233040
-1757244837
-1536408856
-738607445
859480755
199780231
-1720245142
-945093316
2116431534
-1519951870
-750200014
1883879813
774628775
1245064240
-1272388650
861773981
1979925291
459863001
-1900030653
-2121904796
-1137253318
2121875978
-1672107828
1848756492
553705346
2068204345
589557637
-571031589
2073554128
-565120596
-1174042414
-555862482
-2115825725
25766938
693284410
-668661312
447789506
993571474
-1773049728
1488831276
-1964402897
82908571
-1936735756
1499429808
-1056539684
-1574853732
-939636218
-1065952461
-1433132354
-1185169282
-520700389
404386440
1694938335
714249103
-1044124765
1886647796
-1731572839
-905105495
150806379
-534504467
849142272
1234213266
-1369917905
-2143345628
2131847584
-507948890
-1111580045
-287552827
-572328345
-2100150861
798817170
-1575834627
-2118502940
-521065437
-1962022378
-1176347716
477537714
1627337056
1736410442
-1573866052
-1020248786
903194227
897807886
317401537
-2026013073
872323054
712340202
-1277949919
903160439
-2110664692
1308944740
2142311046
-710814555
848682774
-1667274603
-1614031630
-200167058
2136917511
-344022791
-919598333
-1164805044
1121593203
-1007284857
-1726704265
1636221173
-644668764
550083073
966771699
-1429253168
-617202427
-887629172
-201328897
193455524
-1904214589
-906516349
-1126310315
2068618898
604446640
-913164153
1019074395
441054277
895319403
-1182794278
456798188
364326759
-1072620610
-406851859
844648798
661607510
2026436166
587595575
-757655616
2019779351
1750037081
-1651056057
-76228253
2044469898
-183067613
1588882460
-1475353957
-701437217
-706702830
-1661001036
-2106824250
-100916408
-1611087244
-983116574
-510181491
-231905552
1259396957
-1316140444
1183629161
-1394309846
-660689715
1931174196
1228915817
-1040199443
1791364370
-2135282658
412395057
670790528
1101852523
845604498
1990230597
-110709135
-204667666
-1628319301
683496839
974092491
-1867423829
-1327149361
-1660442114
1616069511
1674338320
-552351064
-2065507112
-100093630
-1863019378
1642090132
309149874
-1133830864
2078109564
457099880
-1516396523
-2036478640
-1312098500
564554715
156755012
-1510274079
521000091
-150890736
-245439436
95872020
-1698208899
-1051962252
-2082103333
-677087742
155953593
1145784266
753036205
-580381217
1785813057
533890179
1516949603
1733274224
1803434630
-978005166
-1467538691
-1280442694
1986050074
1525234944
1280907530
-567477509
-1882370922
33418876
-1704927961
2102786269
-1646192195
-288568779
1986029508
1422829289
1197012961
-1109968212
2098536493
-943968455
-2105628539
1374952004
888932808
-1884973711
149163843
2052310108
2077557147
1950973935
1142854896
-1232362593
1860030481
-1754603455
1446189309
127652250
-335146243
1339764439
-1333455584
553032590
2129216479
1883254265
874633010
-725942137
-1788060059
1266575354
812315994
-271549267
2041637683
1636883630
1068589163
648263129
300380902
-1624665576
512014474
1193860458
1453825366
-1208091544
814794772
-910042279
-569081573
-899845853
-1625470786
-1913416053
-1720195246
165616035
1742886652
582413926
-865630303
970463426
-2128201817
1374108070
1949532279
-836642862
-2143333415
-1139188111
1821216664
1422110415
736071451
1933825960
-11743528
-2070783017
-1304667198
-1873724545
-1591084762
-687145510
511259029
1866209103
277642188
-975796595
1190152883
1475097770
239130612
-1447176285
290441907
-50685008
1853167725
1353056063
1077916685
369288864
1122000815
-575715421
1520914359
-159532367
-1715023332
-1861677523
-722539757
-175539678
-2133106552
129471876
-754642937
-1279032432
722810619
766002958
1555864429
1269142151
-844704843
21239717
395007406
-1811933862
-828306831
-562625655
-821628503
1013156918
-2018740242
-81865321
-1292331560
1842890101
1021847978
792899003
79516597
275057455
329547248
-476579166
1747726682
81434135
714965013
-672081228
-2069845657
-1016931965
1439188221
1551571009
-1823292121
1873837260
251333604
58078457
-1089194763
-1264839209
-1829755046
-528861023
1495010012
-1883113228
-878710129
902838020
1157692285
-1416842778
99505872
1123598631
630999349
1480948290
-1251170991
-2138327617
-1282556546
-1803206404
-306656980
1751131367
-826583915
-1477044418
974067113
1554135821
-995262627
1912477307
422851776
-261593299
-2007818365
-437644348
1647376859
-810012606
851878370
12563546
-38658849
-1895928328
-1168123097
1732491139
-1132846739
2047203493
-470512968
1983547809
896790116
-72211334
-1276925999
-524913537
-774317654
-915072011
530963696
-1851260690
-607835092
-1294570087
660591987
-870687344
532832802
-708960031
1738097022
-238100749
-1669420137
1052567153
