1326010437
-467098557
1096214761
-50972092
-834162406
2129341073
-1683622554
-1943510762
762092475
296944835
8166176
-508158491
974427543
-1407502563
1302161453
-1871036912
156124613
-2110831614
268651301
-1734824978
-2015035575
-1022287122
1163587848
414597343
408103829
1318269609
1578736991
823338141
-1340974765
-1304257863
-1117331296
1343966679
622261089
2100416535
-947859242
-853149696
-1935547364
1922707750
-6772607
139862627
-26040095
426175712
765456314
-82088838
-687302191
-1188386478
-782462053
-1930173568
-917870125
-685466294
-1130590243
1090819397
265757406
2131824973
-523759935
606600256
-1196154248
248282062
-1499782348
-714172182
-12592519
1217375389
1740538157
905923657
-1735828972
1090435997
1535694937
-1240840246
-1448549609
1806413498
-525814534
1549444692
1186336625
-582415591
252775180
-364903783
129780469
-1781021296
-696201303
-817193298
-1344887460
-1176549801
815809709
-991301411
-1918353264
2004186112
-1875584355
-1163482694
603381543
-2050491996
1402391748
1705936755
-1853794515
-885572514
-1784554593
184126060
-528224986
-2111392771
-401815174
-1883939061
-319235246
-424830220
-760644262
689770703
2093189426
-91346539
248115229
682646183
-891734197
-1601646466
1797539808
-316725119
2120360745
1199842899
-984431200
1483939360
1828349862
-1604748115
682780963
-901105870
-1142284949
-1583263663
-1590857960
1318245537
-610238537
450496676
-911405699
-680867031
1530272095
-1359562146
1405096512
684214058
-613007851
-1794449026
1589266473
-542336578
707810284
2141406845
980076022
1376666382
999665947
-2018803002
1388678087
430493153
-932113920
-1581066140
1354699452
-139046795
-1991185560
-1545973508
-1352748324
2071963282
-1735516915
270620670
-185138376
-554845989
2074921055
149242903
-1379821489
-468228762
-1204990073
39551977
286114996
-93528689
-188759896
-225091074
-1425522707
2061143305
1311519079
274174969
1696323486
-1656037835
1265028781
1182730510
608800487
-1198559306
1450091691
-1371558989
-505884663
221220677
-1409129698
-299824489
1973851215
-2061300287
-1289313837
-1050141485
1013229099
-2091007863
-1020434067
450663775
-1249353314
-1216265202
-1280899994
-238323258
649762525
1632621475
-1851761581
1745874973
730886961
232016535
1897097067
1728477233
-496004066
2061542020
1018325577
1323172863
-1862424377
1707442921
1501499889
-755129496
899564944
-583354890
-349525488
-2039695579
2122829317
-1785096537
38597511
127327991
606247162
1728564244
1112760106
-1163651293
703836914
-935205370
-488460092
-667895523
830923460
-610619699
-478065058
2058900355
-605956997
-1480767920
-385826880
-1295938228
1514442366
-670213532
1585521208
1611171905
1419351280
-228454303
-263088999
801666731
1698324313
915239922
1771888518
891050061
-1395456891
1357610797
117562864
-746974572
-1468383060
-112128029
-735352356
1405769740
499202514
1684299320
292802921
1574114070
-556751248
-873609099
-1797515247
-1999550504
-2116076972
206112796
-815822802
1383768436
900169157
-2029247428
-1993320256
-1972494725
1312912106
-696601337
2096261997
-727805789
1294380395
-407810911
-137009464
1991828408
980271192
1675499834
1254076629
-1909235760
2125735498
-661056418
-1412428339
-573416766
-889452601
1304384395
-1349261539
490867928
1614119914
1096437251
-1968406860
-1825801021
2038521667
-1051382812
662540926
1831712463
615857403
1280275061
-601607125
-529022121
1116194364
-1744985663
1268570420
1964707962
760046543
2038273898
367781662
-1140899058
-124490234
739101366
1317814272
266576596
-679872805
-1577863699
-493120701
1400739309
-646016423
-1957756697
-780896599
88006541
1479852346
1146896608
1189251984
-1816881683
-1986469423
-243048050
-1239600010
-418708602
1031588650
280693621
1014603455
1414653819
-965773714
-1500800135
177022134
417319254
36395660
-1366196299
-695907375
1995068407
-652452330
1963462026
1795875640
861203400
-96959640
635643129
123340424
-1760168907
242529038
-275827403
1066469587
-140085157
-1076803481
685012595
1809091563
-520672513
1099973765
-1546425083
168249311
866185665
870402903
-1193408090
347621062
1119252368
-747778294
743570199
-1831692102
1224688224
384961963
1204684010
583386151
1958537242
1085654288
-899321955
562984517
-2036039980
964804856
-2112756247
779827170
1136120897
-455235727
-740994212
402729573
626751595
1161013114
1694668837
-525266674
514770847
1613622760
-935516626
899492482
-2063196249
712770701
556587888
-712728954
716616766
-2073264235
1407495553
-2111732726
979809984
1353293107
-1915749775
-549272727
84657441
-1574061187
-555511081
1579899119
-1729309665
-1066481515
-1609772762
54836123
-342095685
-1894903544
-2002103740
-2134217691
-1490012956
-1555296134
1837048669
384888898
994896757
-1017763711
-1723172621
-1184186843
-670867614
-1669439023
-1086635207
-1219371959
310739501
2076941210
-2095565919
631585133
1967658398
-1303196371
527042483
1911881952
1841800370
-491766299
-2004931296
717844222
1693423571
-1191061692
-1728244969
1510205946
1130485833
-516819620
-81478442
-349019427
-741296400
1920227696
372599171
-255245619
-92009941
1624056538
-760126149
532179090
1564325656
-527175122
1744197483
1024719446
423696900
1919130271
182166111
902959020
2038694433
-1710684767
-2061588456
690649043
742863990
118107343
-779220895
1396056122
1488955926
1267224079
2120363044
-1019224250
-1168573036
-1529954828
256029177
1745921875
-760431691
-233702301
-128086017
-929208839
-1932424345
-939987080
1022230255
-920841328
-1084202766
-993761110
-1159822739
-135153931
-1245892499
1871140908
-871193951
-482909811
-535571598
925127318
161098502
58222473
-2091837931
-1444197180
-1629945215
2050381931
2053840657
-151211522
130805941
-1611957303
-3430588
-716883879
792978581
-1927227823
-337529763
1261967196
1568051258
426834700
-1274557741
-1398569755
232549878
1779444966
-968439016
-1017799603
-1304329560
200709230
575467022
705041354
1366258001
-1269723687
2037617849
-1185192939
1462547431
1487754060
-702161098
-1154988468
1790315881
530089818
698695404
-1033327592
-1516992205
915891146
-179800064
1163105810
-1878811757
1800704158
354731534
-867603358
792737691
1213851472
-187164651
-88293975
-1638732232
-1183078818
-685336655
1353549856
-663459197
-171648759
1972170640
304967937
-565387434
-1269041320
-385088226
-1192915419
1514420770
-473759133
1351227779
133998062
-1792921856
390504653
-26180146
-951645850
2023387653
1235484561
-1913878926
764898472
-1437421094
371555073
1001179632
-1650826882
1823811466
250762252
1432139477
-216246197
-189018211
-800197185
-776364825
-1036760277
-1576165274
289902350
-399686245
-2067040424
-225947239
1931674835
1033672649
1469892815
-387544800
-1378844651
1540375202
206363698
-925138642
-245883763
1153999841
-1796883728
-1359316077
-1368163482
447569216
605009314
1766954578
1005010500
-887337683
1863516344
-1543187088
113946248
681762493
-784074924
-1532004850
-1173613359
-899160864
1312172149
1830739642
1633977541
-944016170
-1489989032
-1017396991
1440096528
111506401
-1692422118
-1356119992
1509694380
1625476156
-1930936926
-176475685
-752617885
-1790149301
-322447939
-976631226
1704707985
-2086470893
-56701303
-1916122141
1327073070
-244608789
-1630472169
-242382156
-707024884
1731509107
2048991564
-2087822990
-1234992804
561098181
-1530558713
-1519438875
414076022
-1771276821
1815187848
691518070
-1193690408
1725002896
2146665487
-524954878
1382901871
1464736761
2060124867
1586463472
1095937557
182987317
1476891349
802150021
-1273456549
-296627565
311195877
-964007562
-1061550457
533891668
1489607076
64382142
2079864288
346254497
-1278263111
-1306851918
-1413726936
1998154174
-1583549976
-1917517230
1662401641
-672746112
1110026353
-2103615776
1654211828
-1553979140
1168517302
791644342
1446985126
-1588950144
-1621080033
1068878420
1525696365
-1786841401
364400449
-515871560
-1115855350
1358219879
2064112189
-37938702
-879333097
1219682958
795597670
-1534503689
1094685004
839976429
1717150758
2064915124
1254804989
-53625101
-1761535967
768606310
-258052378
185340990
-369332582
200827688
-950454741
-1332751282
1945118230
-2050917171
-395200871
-1262065541
-1849422274
-2051771921
92162609
-376085720
-498562039
1081453896
522677479
1925659961
-1599505382
1531255872
1352564647
1518466753
-1388161178
1181556934
-980469864
-1111847168
1702723097
-2033300382
1663188387
-1554806900
-1314730822
-435996533
-1056193994
1355015885
-149430388
746131509
-1643574972
990342574
416720951
160341678
534524560
292549776
1963276712
479524778
-1979334101
-1929698430
400813620
-72741732
208645435
-649135697
-940225533
2081866566
1144385277
2008209431
1603619755
408904083
-1326126580
1065485185
1131144475
-473013596
-389670430
-1511009872
-176093510
657393960
-1332225889
1069872596
2021022415
938361584
1175797001
-1371496381
-1077051613
-550653502
1478448339
62874984
-9989404
1388178796
589905698
-2139807749
-1479196981
1135760156
1809640268
581321330
-52651135
1586623982
747012066
1805667255
-636708290
491685063
-2061455888
1652052762
-1400122445
1684224352
716993667
-225321080
1405804841
-804576091
1168316522
1700756989
1252041706
631204927
2117686337
-1208890569
-1579606305
891506031
1133970603
-1258232661
1252378234
-787678947
-63515426
107443388
1827171030
-340288208
1968549731
1288031786
-381673445
-2082722016
819066654
-596194616
860997927
-919352376
265735308
459759985
-868472726
-784351104
-1163926708
-285399236
1505860369
-1352625813
1063693280
-213438482
-1833967002
-1138323187
-330181196
-931659344
-1901027466
324787487
-565416610
140414977
-315398925
-1477389146
557456166
109015533
1456243548
-302949567
1364346313
1775159167
343012186
-969245245
969153914
-1172405645
2058486381
-1559409663
-27143383
-597948881
982885831
1897200620
-2060353530
452154100
-124086409
-1421628959
1705410888
442314832
-498097718
-1303754177
-164738006
272698071
249543917
1873125434
-1041760715
-991266542
-595664169
-243053074
-535941692
-1906467914
-294273691
-715173450
957267653
1096076568
196580038
1684767935
-1564164164
1780831200
-1497361384
1809313495
302289677
1429212412
-215158189
1697383306
-1679103878
257835224
-429826714
223222895
425937641
-1837492277
-2067803745
1154991295
1801668202
2050318804
1055446863
120236582
1520659065
-1935104635
-1741449043
-2002565411
443526271
-281040322
-1283493382
-1937532680
-1749225826
1588064670
-204742682
-1040090372
-62280018
816370743
2096525362
1250521524
1970020737
1091843456
-724264811
1526727492
797982318
1517945615
400136164
1943595902
646741773
-818416889
1960232300
-1048788620
-2145626305
589444558
-479792478
2095768141
2101062000
546901763
511427326
1427027292
151960351
-123041361
-762438109
287087982
-1397330530
203340729
56696898
1555835746
1596505878
1447054495
-229036864
2097833471
-1289627698
-1055247517
710870807
316160769
1002579884
-1191256126
-748612103
-399086219
1454528507
1639727787
2080584890
-2036230842
-1729227410
-836539921
909096686
1026950166
-572328348
1908515636
692224593
-1401117870
-274661011
-803972561
-1263443225
-1931534464
783194124
-1151326703
1721957732
1994585306
-789984834
-1964590526
-2062023731
238039328
-855813318
-1010913716
-1134522274
996277930
1670368763
743133465
-590230866
-1712567108
1152898043
125959009
-95536368
-129816291
1739070400
-703752867
-327847875
-1507483926
-399322981
-13089856
880139055
1219964583
1106488111
-443650073
-406452913
1395667862
1877249584
1521327950
196642001
-157365684
957918060
98881094
254825311
280431744
-191466225
-109887004
-336499980
575321638
2131287842
1838023996
979619082
-1091729476
-242961068
-433879601
-681748488
-372442654
-651753219
467141441
-169275756
-183036368
2015230815
19711566
-850872801
1387628867
-1174575058
-2056301825
-539496862
1138704921
-2091568046
388827672
-666490860
-95145314
1737966826
-491065900
-1844503170
-549714554
1689739924
-701989421
1450160481
-1176904355
1506774251
1039130195
311384087
416575707
-1716026800
1948565150
477392631
-51177347
1411809261
1913041603
1960584701
2032509264
-203260425
-520948600
-1435181142
45480207
-554669006
-2030256226
293874473
316671856
-487771462
204651798
-940589901
-1577236294
-1410368769
990589459
2066942003
-516489829
-607222511
534242753
-2109644244
1938490423
581602589
331215493
586074842
-1625510268
1280804150
-1900218762
-1216886889
1972120020
-921491623
85219083
1868754560
-1968944205
1190896555
2114751508
226297944
1431820274
2102161156
-1743411730
-447026005
-184249341
381351344
1602978545
1943698486
-1920746617
2107979379
2105763885
-506569338
1425320485
929073613
-1978797738
345399262
1873268381
202840448
-1533834244
1344317533
-832750820
-1031353265
1017180670
-420606624
40593105
316451335
1088182080
-1183431643
-946342721
1041497026
-1070383461
-319896400
1437963221
-1880052630
-1512297963
71403505
834096187
-585060996
1254529617
-2094070746
-1877291538
-1249352690
-2117660344
1030294398
-1634691954
-1334156782
-562820039
271216895
-2115898250
-1646596132
-863754018
-827746392
478307597
-130799135
-1647515168
-821932071
-80044965
684177089
-1291530613
-1743411469
355553247
-1007199866
-161304123
