2088677022
439215150
-497048516
2094298627
431286399
1409699430
-1853901346
-2070194677
412702422
-670632808
-648453490
360883236
-1678828994
958612263
844797460
-1660469226
-1964162645
932598265
1380285268
1691771843
302501566
97334325
-2008118590
-1215954293
-1823200421
-1589641139
1785236501
-1654048014
-431561608
2139411518
-2099085510
17284736
-1542341065
1926781462
-414801781
1103713256
-490310345
-1559523146
-458687424
-1328228500
-824983257
-260121383
-578337499
708074879
2109172891
2060363348
-1455234419
-649700437
-1491495390
1146488223
140077445
1167981492
-2009960809
-1158658669
1376712013
1928527102
-2120415049
95042933
1400967939
1038338091
1187974644
1386268466
1414542497
642947336
295070856
-2141596180
1970855721
-2125405527
-394571060
-1497763659
-1294661602
370823634
-436859959
2106594713
-95332810
-1781329512
-1521643249
-171030303
1147746636
852702791
-1309874747
-1624943466
-885518949
75723398
-1941270783
2048818244
1201454633
1852668601
-1654735527
2000038143
298883712
-1637565786
744094650
975622570
-1414966365
2094154074
320305015
1707320182
1372148800
1433995085
-773638747
481734313
-444536799
-1397361980
-1545746011
-294741088
-1235884312
1737571958
130834689
-1044108266
1062131195
-903010702
-1631766404
-1465906010
-596003396
578289471
1742065251
-714229106
1341517309
-356115644
-266246615
615547317
-699658829
458891882
-1953779406
249288431
-1353362967
2032713727
-1298353938
551588478
-1096800266
1301203677
474490410
-789262629
190717682
-729855029
-1653333598
825520055
-138740635
924911138
-1778415142
1863619900
2034493505
1579771571
642427437
-1920696425
453043218
-1279460120
1305550630
1815783098
1028784499
-562306520
-1132088306
290785886
-1295709245
149074816
-1298790971
-1486881209
1261410585
-1081147009
-29032747
-1723402549
312784500
1350589024
-1964474173
1273436564
1872536374
-1151511954
671600296
-768371036
102256595
827731620
693996801
-1990718055
1810994117
1085609363
1230596802
1044742962
-1742451005
-1631196536
753584048
-1982158063
1256974641
12465901
-98636816
-1398765118
-363599911
737134063
1756538074
-618614021
-577665317
-854141343
1700813586
-1603622875
-328757278
1480525535
-72288807
-2119034086
-1640702056
751329334
2141659040
742922544
-916369829
499655171
1979826142
986538614
786690096
-728287847
676052514
-1751355075
165208055
-199595224
649880171
88995290
1204554208
2104419610
-968038729
-1155347799
-1094604515
1818711488
1386024409
-431315885
828140761
1777136429
-1433807985
1655636564
-2096334744
-2044639902
553028051
39723959
-718163265
1246507691
578418545
707396644
-976283355
-579604921
-2119808039
-1865702116
135530794
338865486
-1346634698
1008412546
-1713654312
-549960241
738516415
-504268452
-292406232
-769385416
1242960204
273718235
988940983
1078330106
470586411
-1363425896
1157861561
1687875692
-356414924
-914823904
-1812699091
272936688
-1607428838
722028466
-486903982
-1391858860
-518271741
415197254
1422558553
-497138310
530460251
-516674863
158457435
-1589098694
-1709797147
-1631713337
-1847844212
-1334483578
1038253074
825289697
-364917583
1412067278
-1795068778
-1722429408
2051898319
1338053030
-433168585
1777683984
1586900004
373901990
965129447
1312863313
1835502427
-2014314351
364037141
-669425837
-241378310
1882853305
603302719
175004256
-1697244130
540376481
-238077749
-790328097
997090154
-575098396
1177811991
-1099040810
1688579133
2145507668
-737356850
-1254570064
134315042
-544811163
-319779459
954678848
-315940980
-764909108
2065656421
604879109
-322343742
805397091
1374789010
-1096525905
-1774239208
-118154417
2103908140
409863905
-1088998561
-1532065437
-443010804
1265562424
-1166533986
-168587065
1856770194
2066262156
-729448447
-1924759596
-487403083
316825973
-1807086319
-383134654
-401682598
-995603695
368672549
788049541
318348522
-199966461
440061208
625514355
-966359778
-1482504770
-1258130373
1357872169
-590503396
1903770370
-1836048243
1645413423
-2138578233
1636998822
-1029561303
-1386961446
-501903022
1729974168
-1004244481
-1870652174
1814966038
976002850
-37220410
-2141706349
1876015526
697512558
-179621071
1618455896
629189919
-280790965
-284590496
1559999669
-46049341
-266651855
1559170969
437045924
309220041
1187739522
-832546761
-442187645
-877448082
1826508306
1163128545
106423356
676974415
-990885143
-1090858753
79107750
2069598970
1045139527
-483997846
1179804714
-1345330751
-1871784472
-1536826782
-944110679
310996946
1961548936
-825933628
-1604984931
-1086193788
-475720280
865900156
231345533
-2049634573
-1053391982
552019512
2132858726
-1962980658
84546971
-372891043
-799458313
1226955374
-45218648
1863559486
394463356
1977997611
-1509952526
1101844619
-343936691
-762474261
-1366042099
1200387079
1813204088
59132411
-1288571355
-667436163
-245345635
1101448225
-880257653
1469615092
-1332671975
1773382897
368094575
795957281
-1034010521
-1903909025
-1972138769
442041372
1624454594
-2068203371
-1572983984
1726271574
1512955661
-1113969145
1034966666
-913211446
963043831
1588809923
1903969801
-1889784461
2147135322
-1772193267
1252677042
1292797181
574578660
1337679146
904850723
927552191
-836159752
1143249532
417404735
278109927
102363094
-101584945
-1484485143
1818478582
-730515208
431790577
1854029326
-75804561
-2089352769
160414599
110528489
-1236970550
-311525809
1773657374
275562369
1081267887
1581974966
-1367221632
-711741066
2098161248
-1097453997
107663688
-1548800003
1593555830
-1681339275
977790136
1455877161
-429698097
1084143426
-2046432566
-1093460117
2073900998
1005025241
705582724
262916444
1916231333
-1685043525
-664800368
-779647559
653223511
-1769604250
708790027
-1887224147
-2007854495
416535106
357280157
159137622
-957725165
2085498049
1308847817
-82154878
-1233555974
-345591872
-1416450683
-1551853128
421694616
1572430899
-898793971
1811245183
-1768595882
-1799832062
1106231539
674688986
-1344386887
-455561939
38388602
89142801
861997268
989273397
-1398647515
-336636234
-550808323
-1597864258
-1798561142
-1113086234
1231250883
1539667824
1400203627
-914662961
1247910431
-1681378273
1855347206
1069312371
-247223576
-458761941
1163114923
2014103467
633020812
-137061080
-1848599921
-230548627
398460412
-526444096
-3982112
208768593
1256978408
-157892904
1733192985
699166288
-1496242388
-1732652047
-1579027562
775858127
1927536521
626633680
-268834453
-1010017317
1791269783
1000074849
-608303504
1237063350
1109644026
-1096016680
452934816
-248550766
-1923614764
-566316007
1814246563
-1885080932
1481725818
-1237741222
-630030424
-1133313477
-132197783
-294945531
1748472440
-469334887
1056022394
1299644386
1298783688
-201469854
247303765
-38607243
-645818418
-169511990
-428442333
-2113595740
2076576534
1993424085
-121440889
568499101
2016509589
-1722285614
1543972046
552209398
-1390212354
-1989874137
573219684
104574485
1757933908
642406228
-2052145271
-872087855
1504396991
-1010934223
-1328398523
787185241
-311162461
237625466
-35992167
-916658348
281474031
1580629645
1818986230
-561433527
-322789710
319863153
-1705813774
103618369
1994509043
513764634
-38459079
-2087073877
142140353
-1958597910
-971573311
1372670590
-1463743096
-339986309
2030334017
-1839425372
-1061923162
-469092709
-1731944733
1995655062
-400302787
423408791
-546718664
895653955
-928383414
659698620
-2122496917
-2086924234
1923604982
-760258790
-1594241607
1303511287
1134491948
-1619231861
1852264992
1124770224
-919846805
-1474604045
839245910
-780624109
435444700
-715577912
-1791105028
-1502460549
2066538662
590631380
1951175955
-1232164527
-144679039
205903161
1687547566
-1677561424
-1093663607
2019217078
208514281
1011624268
-860954540
281711656
-1329399271
-1646642801
-1147130298
-623240110
-1154837692
-1770851324
-526177245
-1505378080
-494535725
348737016
1932285669
-1206477656
2034088070
-1322306978
-1797971761
544803379
-923810393
-2063561229
-1610058559
564004476
1674755202
74480034
77830862
-1106674697
-1289659373
1561601833
-1192734197
-95700524
2129225985
857568251
-1919536215
692362116
-1579935541
703678056
-2100382906
250815611
-231900096
-2132535046
566775935
482120760
-1277977292
-458663902
1116392905
524433026
-1408416912
-5736940
-29917055
-1987218445
1809028330
154458350
-1426190784
-3283270
1176044853
-1277950177
994164
-983730277
290146362
663729670
451161900
1786431290
-1661649880
-720920871
1565233202
912943001
960560808
-1429127736
-1709727906
-961304097
-848715435
-1091444895
-162655447
-1405746085
1999581547
-1541300170
1267480704
790648007
794232509
474759868
-818094886
329482960
1366134252
-2119237771
-1233500788
1053705941
1990066645
1413526353
-2126002085
2107119855
-674772917
-1140584367
1584650578
-1141011407
1497392646
1220129902
-1658019370
2138085936
-1507050022
-1369290056
-1621199625
184787653
-112750805
39787201
160740616
-857857007
-1331927136
16886331
-1484063119
1878421185
-667321322
-46050081
1629858754
-1963205998
-255255337
1180171920
-1218050292
-1978581225
1227274507
1735738304
895466604
1152365753
-251353747
-1362506734
-2089131545
537256447
765139522
-920476863
-459069315
-1733797616
997497991
6732863
-1296037256
1219217781
1224427113
1002898081
1660357380
-1316353502
-408050950
1385406009
-126788860
935280566
-1659301599
-1934668540
-294947038
1495048961
-601693743
1740896070
903910184
2057481159
302556540
1693049331
691070606
-7560253
-602710838
-509271215
1711779411
1028908526
578846854
-684507686
2092890128
1611746816
635376856
-161675930
-775124407
1141349430
1699625913
-2103496055
-89883130
-2071342762
955120290
-1078048711
825449889
-1575172368
-1817565306
-822038604
685432034
-907835419
1435676931
-1215025504
-352747960
-614847187
460568019
-1504568461
1219934633
794510036
1821581192
1986524180
-1722648579
145226053
1671476344
1956657858
-1328547723
-1427396918
2134955253
1415691573
1472295634
-843621038
-1469491263
641313282
-1015346443
1970968693
-464832064
505878595
591980977
1766475701
-1141173009
1378149750
-458387736
1100462343
-2135584108
-1445392987
-1016418091
-301127791
129780919
-1122049593
-1821885275
400421555
-946154800
-1164722074
1202867277
-1103838901
-513096255
-408669055
1946166679
608834869
1051279110
1259445939
583243388
-1202580720
-1499531478
1741081748
-1444855111
404259399
1484775292
173285982
1361557148
537807183
410919682
1708276435
1487164190
-470029779
-1319648594
-1888214690
-950900938
834716475
547700943
-1325364616
-2054026645
1992235050
497225674
-1946440115
-1751544661
2081498954
2140583945
-2017351266
-605188261
-593244408
-2054428366
241928424
-568779857
-1894283336
-466294116
1566007750
127945274
-1810844267
998055678
-1194451309
-2051190840
1286379269
-1827434647
-1664622509
1931543403
744510240
1461629303
-1451615533
1726820819
702278771
329899204
-1486303474
917524963
1273175040
-1586486371
-1234794543
361721472
-39167863
1353679607
327482530
-263956053
174493197
-907371101
-2051899682
-245138223
-1918744174
942569150
2111739169
213768801
634608933
-271261843
4352233
-1326902113
-455589857
789810122
386919037
-1002402377
-155930711
104006425
-1785409781
-1404046059
-1504095359
-1689788610
1946995984
-1396124173
851077885
1006374771
-902776068
-1557529805
-130693552
1587352117
256275477
1331215470
2072547339
1568627327
-1806719078
-1797683124
1486465767
1544967226
1446245932
-1655291883
1885710273
388217843
480575849
-1997129592
-1431988251
140000718
356602330
2096428011
2040151950
485134266
-1822083314
-769529501
217672877
-1790346523
-1838742010
-456856187
-862751255
2103478386
-336700973
1795690540
-1742527001
-2144451223
-1393804674
666960780
941266634
-773434897
2075414055
-1971232633
-144457219
684240822
-418023312
611736639
540264495
-1854209098
-1420653541
1897251563
-360958561
-1622687972
1421996785
52382702
-1317681511
-2039323774
585461733
-1084843227
594833471
101668449
137977721
264995712
-1142115956
1254160323
487397985
1506500308
-1618055018
-1146949572
-1129554331
116362990
-707139566
-1178080742
-700718709
-60130326
-1898485475
4008411
740914036
-604658746
1591932217
2043328991
1613910278
618172209
436794517
-237101730
-1257730485
-1700151383
-1132360560
444120731
2076883608
-404231484
-626238848
-1998943143
-1324408079
-2053433652
-1329162578
-919307634
2104907435
-1676514159
-1515068507
-1237984682
651088467
-53685637
-54374996
1191361834
-1425148722
-1596194
1559117455
-464464047
1275110081
156245906
-1742509659
-1622436458
-203932622
-1465299775
-667945969
-508077510
-1512126353
-1549693694
-1478533827
433526060
1575451694
311430311
-1696666698
-1391023241
1925119477
-337397166
99983895
95412731
103877820
-1586326834
-145227684
-1331249313
1852796112
-1806608869
-1667230370
1171626309
453000953
1036581322
1970709660
-1164951361
-250075681
-1350538101
260203581
-68615678
-895033943
-12157180
-838953131
1729719129
-559732250
-313457181
766150759
1211895644
-1165148752
-2088531658
-1864914902
-1063012767
-622001650
312546553
1869894800
-638602447
1023663770
611450608
-1739748349
-1866182914
-1119885213
555726263
1403130097
-183926636
645438228
1066790167
-1077558902
1023501007
1272676437
903461786
-952358968
-1481957812
-722376336
607944032
-258112081
285096547
-561307848
-1638297549
-469114410
584419668
-1225872346
204160217
2082592805
-2027936833
-1517509436
91513258
968176351
-1906170023
1628901965
-1216236959
-439119902
2012622045
-129375339
-501309130
-2048158163
991668543
206506022
-507034325
-1251377245
401452583
1034328491
-2082352730
940440334
-920601187
673036178
-882937025
-1539134875
1377674496
-1243285268
835560923
1564590417
-1275423940
-2021549930
2145277945
2117765101
1580391995
-1402814562
-771854517
-1712011827
-1190057061
-1869180450
1459061384
1511086402
1724313762
1571873005
2031279232
-1507426597
-1201177234
-1045452488
1795234928
1641712941
-1263794320
751287659
304809879
1510484183
46753563
-792312811
1699045385
1076049088
452426967
-1738937462
155899074
-1194982750
-2083163844
-1537148917
228351741
1791133644
1322599548
-1081634780
-2093375290
-1886676445
-645111521
1733552981
-2146953010
-259622551
1835935222
729040628
926498686
789915841
911252297
50120017
-934485682
590240882
829081426
25271066
1882081878
2120220651
-578857489
1574711041
-390064348
1936037894
1088259986
-1204809829
336838352
625739152
638425979
-693181557
-20501938
414215177
-1952634583
-420956193
-774640381
-700432217
835919117
-1771548487
1287713434
-1417886304
-379958144
-818847694
-1092569577
-836471383
-210971401
2108737402
1850955307
-1412881479
100252277
-871545277
-1088087350
2051134226
-1344177856
-1530315681
-514375686
185830273
838696663
-359898713
187308526
-740512285
-462307806
-1628006369
1524426323
880970987
-603532565
-1932837801
159964904
1771654691
1547593869
-187262957
352477524
-1166387408
1337645034
518347566
2047098931
1056820057
1286484130
-1824506182
1603703153
-988816054
-711712384
-1818478996
-1578922533
-1566377708
-2101513160
1049744439
1120032243
-1727264137
1986728015
-1800093130
-1033326589
-605658268
111262042
1955493582
-265153676
326174396
1958673514
290293523
-1552181921
422533982
510329030
-1993524374
343509604
-1045197984
84553690
447695472
1709502906
1478038427
1133308016
888921626
-676594297
1394231148
-307580643
-832944355
565333106
420727993
1920572925
1039598224
-2124240779
2079675442
2116672930
1649538510
245194487
-1873866279
918069577
1576666273
1101760025
127908291
-1125329842
1189701020
361808720
-1375795937
-115124511
203970759
-1785043149
-1031994505
-1047023622
-1215159167
-1281101163
-934364106
1630628489
1492286626
460740822
426042473
-240283150
40875999
136876918
-376329015
226427320
-1634175118
1874680554
-936449031
1010269303
1152492794
-1063053134
-981063413
-2097758697
1649142431
-646420821
-1253029304
-2139357890
1475742073
1455992737
549121072
-179728378
1683206706
563725608
616408255
51488752
859227113
-1109623125
90814193
1990088983
-2016209575
-295717435
-1065158008
869687464
268643386
772158415
2035874828
799235729
-317290777
1626694841
-1849452269
244676216
990403648
897311517
-2003395390
2087422958
1401419217
-2134101615
-384556909
258379236
-1792407501
-1734789828
1629336920
767657309
-1699959374
895960491
1633720447
185555813
1890445103
-750918171
-340166250
-1176860095
63883080
747862716
-1664052207
988949991
-1539593291
1057854053
-961076917
-627890256
-1472976652
272994635
391866058
1934838091
1672711208
-76883937
-952572729
-224412940
1912936254
-593971405
1862166764
-906030874
-1390585007
-1253588216
775686495
-1772436466
-935045809
-72917467
-842576897
-358940160
-567136036
1445301290
-1901855252
-1071970258
142267766
171467300
-1239122100
-181698986
1430430169
1927129121
-102987956
-1959033796
-621217372
-847609849
1311614053
177759897
-696547012
202253729
1759837408
-868274349
1758421999
-280486918
1792414619
-1707440915
-859086756
-750560274
2144769293
2142932288
2095142675
-1951574019
138113158
448513899
1676289912
-1321670302
-1170751045
-722661113
-1548572948
2007661155
-1870508414
399788703
-414851539
-1161035286
-961635111
-1942728866
1876113661
1852613717
1324541228
1705915402
-942306303
460918153
1491363031
2093154609
587863276
-8988595
-1320692504
-637903711
689232092
-1115777324
11274538
1480971804
513934595
762663067
-2057241762
570411852
-609602166
-1593865867
-1514289461
778049268
-1485191503
716514787
902584313
741343080
981046330
-457260887
530175160
-987097026
-1128674553
-2055584355
601292903
587860806
1965404417
2085479874
23339122
-1759806282
-95320260
1672329364
-1575475940
643202729
1900145240
1892261541
432740990
705382346
-1029810902
580794728
-1096276530
-955899572
-1850300006
1383926860
1464570596
2117058589
886957006
-858973428
7714298
-918717094
1645894535
856070469
-1184651853
-2025315836
-934398005
1560379208
2003505502
-682149388
1510013124
416815153
-1215907973
-44424692
-1105380376
-1290019528
55918717
-1612233297
-1434182055
1579954758
249856465
1437417330
-24518259
1952700363
-2118161122
1342755091
1317385777
-691329586
945106894
1609426601
1608044874
-833985467
-1489746227
2055280925
1685008285
-382151514
-537097583
-694000680
-939611311
937050301
-1533577383
1132528061
779044818
19276480
-1737083464
760980825
337762295
-615466336
1569269588
403669081
-193437082
-499145567
-1415775253
172740156
861268023
1184417068
-519728489
1332139593
1770090967
1806933475
1530866514
606902466
1815250478
1587699702
162704571
-741434536
600535044
1309233076
475136537
-1331722014
1462236576
1456491876
-1483876960
1471977545
774727346
237213526
1467362035
712109767
-1313659790
-1695147724
1491836394
-1421446832
-1230436344
1904794781
31410580
-93406897
-791459026
799043315
1157340031
2100174997
1690949395
424300660
-235890890
2024282254
593698178
161595527
1044532746
840122549
-258940861
-1574667432
723554069
-815599543
-415790399
1125989542
1874531195
-2087508160
686752236
431168475
2096474867
-2079450500
-299495840
-511044260
-1684788091
1214369596
-1223703354
-103656158
-1188155499
-839943723
307531898
359208585
515297567
497390496
-1846098834
612838760
1969555779
1836112950
-1015753139
2040958049
1619875076
-1457538598
1144104931
-1945543559
-993675188
1781968182
-389184837
-572360214
314137651
-756298678
-610227703
1271425591
-1767813760
-110462815
775071434
-1810292863
-1465114769
-1528838971
-1718111703
-125428455
1861646004
-790414092
-1269833180
258330966
-1152204609
1960249107
1071250543
-689948505
-29451454
1461030370
115741592
-556130837
-1589071889
-1636684944
624054891
2028178431
-1240332154
1928693457
769563031
-1264368488
1614946062
1477810447
313119633
-58568621
-663409054
976522589
-1470750024
922221578
1084262126
506523794
1218399673
-972564631
-1478431814
1602544597
587271732
-846690112
-1201456216
-954644844
-247388769
451119642
1314384633
231541689
-980722582
2070619021
384176405
-1862259169
-1272197276
1919235795
-904196469
-797640638
81145692
448704537
1461718869
1657901878
355391243
-1421561833
-1362170527
1144459482
37018417
-58866848
-1034668212
134374733
-965052163
-1777419526
-769368208
-1893792865
-1576302927
71039537
-1721346272
1721373131
481806982
1842433447
190192178
161507301
-1368302644
-725114960
-817500483
-1912549745
1640854101
-375317028
84761891
367997105
-1934079981
-2014731308
-81714095
73184360
-648875776
-1965916311
-1048596923
-570167490
1190939965
-1195515414
223463632
-410539620
-403408514
-1392536907
-656955748
-1812601476
-316907100
1566422800
-29987727
1307057250
-179742293
-1506426055
-1438986573
-610998132
-1698766651
165079227
-1570143441
-759788184
1306456775
-152791550
-1342272746
929895237
-1035760700
-1146561743
201890120
1618602573
-2122694153
577226803
-404875050
-1365358414
-1228596763
977410064
1694341058
465877032
2010249411
1246150017
-935093752
1680967314
-779331308
1849173189
-92530463
-948105729
-1136450154
260259509
-1946799546
-2083125289
-107553186
-835475178
1176816818
456744785
1329753154
-1903065042
-1245760724
-1154468056
-971815306
634054041
494988676
1266423437
-1567895943
-2083280804
-1915201316
1914990942
-285931983
-2017166790
-725105558
1926758296
1129514068
-944624058
53810811
398956554
1090636554
847019193
236993978
-1572371893
469132496
1521231877
-889654607
618623982
-721785953
-1973035223
584093072
507555059
620125773
720924999
-793971667
-400758912
-608081870
333588083
-1878137780
-1253044528
-751599859
-1768795699
168173087
-881200790
-341771479
-2098630447
-1788988657
742679190
-1883959877
1842047981
-1991312195
-2056945908
1561508238
-1942172589
1052639299
1932855534
192557537
-474154224
969294270
-1817768199
-274021489
555539805
1761365008
-1242737930
1343728752
1798464053
159674594
1898193781
-1576499969
599708967
-352418585
1636211901
69476412
-135853459
1689951336
854689022
1643054547
1878636604
-220296197
-398772280
2025122430
2100400477
-832818795
-1671801664
-68760921
1223030011
-770389565
1673274768
-1150448816
-864663617
310760756
1153888031
2081113399
-647411175
-400534918
898867714
384015924
653983712
120803345
497917489
65393894
2062089502
392108703
1818131965
559506062
-269079516
269912957
-2114511807
-210217158
-493068061
872954742
65423831
-1206856667
-319599234
-1566466611
-75438514
634996829
725199898
695879556
224808921
196694950
1810280952
-678041893
380067465
-335318114
-302571578
642756374
1820679870
817487649
2005566257
-1347797885
-285098277
1656435694
1125809598
-68471621
483288120
2086263434
-69262118
286926631
-1682318500
-1163180956
-1886335185
40792518
-491661461
1443522617
1575543608
-1406128596
1160361181
203104441
2051570455
1045195469
-497421456
173166955
-1828392538
-451070853
2024332127
1507915213
1095216331
954872877
-707018284
-1692500290
896514319
-1716591359
