555829660
-1207074772
2078248950
987124369
-1110930890
-1530286186
-1718130138
1636650518
-762777213
-204177761
-127732740
-889259073
819496463
-1981055969
588373548
-1837710407
2016358353
-460216667
1927246970
714098512
-1966195569
-668687593
-1242311995
-1349743708
-1773058431
1005996157
693429830
-54355043
1259626804
1733465369
1427095321
656659739
668315825
541548730
1592194557
698045810
750178014
1149526097
-648336809
1351825685
740598563
-1962979644
783211644
1868669584
2138214480
-613331198
1238837295
-2146779973
2053119165
-864036010
-1906367640
-891016148
1385068722
1672795648
341566807
-1686526995
-1336047863
-2003923199
1122728359
1373213038
201214993
657052470
-1701231609
-160689220
-1107106122
2090162344
-576284699
2045096435
345143262
-939582430
-555841412
1309312241
1072274453
-975076349
1955083537
-837957556
-667526293
643783764
1014699384
-106625403
-1771523172
727384092
-1400042787
-1012575107
2004820082
-423214093
-3524416
-948678617
1751696999
594408916
-647828927
-1224878466
772613005
-480442825
1648101277
-2005228359
195259058
-333402529
1775427576
392386749
-1618875202
66594800
-420656292
28214483
506475616
277858756
-1801754367
1898957467
-217270295
294690302
1419804110
-740740801
2004960631
608879966
1034729247
1409231594
-472937131
458374102
-1842752056
-288162437
2033282722
1380635229
1475937626
172917366
-1298208208
-325488124
2057331620
1342665274
-1304043603
-1703019450
-1672807300
-1223709063
870185224
-461742941
1457929663
527122403
-1178245107
1042325359
1238640533
-1258554588
175725138
950739430
173653241
-1186070255
533153622
-396415100
-916096904
45059613
2135063782
1324064915
683788600
-692990703
1448840642
-1778758139
2021907515
500670715
1244497537
1631874691
466040293
-787309977
2112818353
468136133
-1781866565
-285373492
288607297
313992996
915222125
-238587575
319608611
1915115629
1146053654
1320722321
1457314605
-214300169
372945601
-664310238
-1784720832
-1790273802
-537631953
1011929276
279974059
857270546
-158915626
1188860945
1678955985
-429234637
1759757357
354169272
605078280
-283809890
-1315184602
219049831
788257988
1853197893
-1600307204
-81707679
-1773733388
-1881110438
-86183890
1632536621
-1675442773
1328094244
-1890757174
549974408
1387706115
-1329099754
74105582
-1376738149
-367582403
-115628003
-1939976309
-559695504
143117869
-491904967
661584492
-1078404190
-1481859884
1939598415
-1854581130
1335896148
-952086962
1773133116
1468418097
1275688804
-586981650
542878509
-1823631482
-1357216801
-1340900953
-989653715
567892426
-117790794
1442716589
-366942721
-668764165
-609083726
1206341211
1777791533
-1195977400
1824916645
407346007
-1158192288
-945694250
819561185
-1269653773
-1675172622
348153281
1831854318
1900666070
1805419969
2088988768
1618111606
1947581147
-1237490874
-2063804467
-1026003836
1924711992
455045605
1952064675
352228333
-238049566
-2015365498
526468617
1738450701
647128368
49251683
372148719
-332445514
-1510873666
-1499555293
1671648663
-2105597338
1035386771
1758666024
1827234391
-924984393
1530187910
-1325372892
174490268
-694643429
2121872349
1166060530
1589195570
-1833510457
-1894875338
-1945656925
1796635841
-1774174993
-1026725462
-1814814506
-555357798
958535220
-705806034
-1798903476
453022643
-28307110
-403582403
31104442
331648752
909215038
-1589729869
-1730021919
1753101220
-1189558778
-1413891844
-366051877
784141654
-576657766
-1016064915
705918648
490893767
-878600878
366535665
291351625
-1064041421
2066759663
-1802635801
-1978510277
-2095273769
-1155527985
-1244478389
-1605088666
-1469403981
-1562171556
-1474270189
-42975641
-20830831
-1412356667
-1334888741
973448811
1478938181
485416433
-1688429885
-850687154
-1267670219
1973349295
1373033624
-674397724
221561627
-2040448463
-1595572175
-1594989163
-1837279223
238768826
-1682386149
1296279598
-925528915
382362262
362765688
565529334
-836939306
865807435
287077667
-243542784
1198192694
-93104115
-1739084008
215407295
1459741289
-184887434
-742388973
-252974369
-227290315
1475039350
-733760138
-270076846
110255123
-1814641785
19366767
947026344
-852873234
1727389989
1821871449
-835770973
1473928746
964805245
532450147
-1086876406
-1477068313
-165414556
1035458671
-701077059
1165816198
692267914
1453473596
845282057
2065963627
1537322223
1992816070
538064701
-2093042428
1780927893
488532716
-1428518275
-1516671734
352505462
-459879853
643489493
-1460069881
1592308152
146430602
580389265
-261438441
1226332702
623647086
1289566667
218673394
1705422273
1669151440
-735232956
-1533756119
-166154240
1635282260
1365485687
-58161745
1682032309
1038223771
-1936504085
-1270864486
-710631767
-1729523804
-198156088
-1209234389
429482825
-1033169297
1013610669
-179917045
-411877991
-2132438557
2130906304
449649879
654986856
-1426779407
-1020581371
-1360415778
581867460
2020500984
314816755
502628649
148605360
-634670230
67189572
1223494587
88811028
376440496
-852684020
1929875481
-1618808844
1170333515
-783571187
-1098387444
-1746658844
1736126523
-384829367
1363565220
2129373115
-1873841757
553286871
-1814171520
65435526
99526829
-183872518
727312461
-198679105
-336164437
1229268847
1894905739
152371391
-707716994
499863045
1847460759
-1791262864
556952379
-1166867597
826629861
1991176006
1407021835
1379846501
-1731324276
970902895
-546181294
-944749096
731190279
1271103304
360967954
-1187368281
-148891847
1869962771
-815823727
-1775685020
-1318662991
1232882151
1306627898
-1987797397
102794287
-711919641
955826112
921018932
1247300455
-1855426634
-370132343
-699123735
350318852
1404398634
1909947465
1159649848
-77417489
1628607295
477193452
1268449129
38707920
-1002194611
-1303475016
537506226
-24907820
460039037
5588914
649910474
297319601
-2085159559
1648098113
-61929285
-1417665818
-1747683742
1319152145
-242685444
-1343652793
1318926599
1756551738
-1767076162
-156422216
500183890
51591584
-1500493434
-1429010888
-67772155
-1948343140
1182259451
-688239583
-1951822426
823161563
-281805567
-835960147
-320847432
2025991814
-1946302203
413509052
-443232469
948771235
486819738
260852179
2109976852
-1665915462
-67615931
-1638787481
-233262432
16990651
1498106004
1960239196
1616613702
-1799675362
-1768671884
-697374520
-1748496837
-558962868
1188882884
-1475607557
-1991171285
-1725217219
767683877
925084867
1737903653
1284839265
-75096557
-1144223765
1196239062
-165187644
2076819001
-416146427
508608249
-1273517972
-944410624
-64634519
749426702
1407711237
-262211224
1451232893
-284776375
286753472
-1137254373
-948550603
-1338401587
1273562231
128660159
1832615645
392836889
1609005332
1058870155
1400745750
-861066302
-1973262541
873191452
617258781
-1770768286
1754378502
1244779145
-219576237
1907844304
-2052386951
8132532
-772145927
-590044271
-1456366698
512218851
-403625414
1290044813
-1486222807
384112270
605730414
-168168187
-681280089
1376250490
282247068
1269705668
-1648946613
1120827142
-519913919
-138848108
-1357739903
487806404
-1018998705
996911091
1821159816
1579757387
-1306447752
2111939590
-1961721262
-1214931382
-64758357
386539470
-1037176658
1395568608
-350701858
-1773985383
-1838547288
1713345835
-1592946930
-441024326
56727599
59660831
244448643
-923391365
455878392
-1863993960
-242815400
-1998372270
2124742818
-228374863
-96979142
-672493229
1111036699
-541338794
1844720751
2069100774
934835009
61627415
252817946
1745476793
-1654672948
-546825921
1788126653
1310242807
-953738646
-2126465755
1604746238
91640250
1537491243
635918273
1025441453
-1549581123
-609451489
-629516415
-374925563
-609169835
497899324
1149018973
1942941745
-2074077023
93956229
1091648040
621100562
162493440
1318681193
396772137
-856314817
729625539
-1768186264
1524669418
-1095714483
-1322311133
-876656132
777121615
-1235254705
-708264075
-1970948170
-1114592791
694829728
-1077296997
941242022
317349772
-199193633
-1345224515
-1610527744
-832670178
-883000774
-140813767
1852164859
974662066
-1365612305
-1145890089
38078204
-310624812
-210048240
-327153855
589923315
1011871782
-1882387322
1782063537
657836293
-1983643605
1840193367
-2110478356
-298370709
-930619294
-935028437
-1371800466
-812443751
-692689770
-2121546485
-152801562
-1587669342
1873707380
-868856468
-2072602652
1762729434
1677717853
1660019308
-1393738800
139731644
29151869
1503559770
1159457054
1820474638
-1023503844
-1597760900
-1243298369
-333948605
-1233274572
-529420789
-1745272870
-1267585761
-1140756926
-372506238
-1742170693
2052018849
-983252895
-1238199273
-1896191733
852798748
1379733395
-1807384183
-410857151
-10715994
1628317282
-1770037732
1044423000
-559299658
-89270105
-1329443103
279827650
943317768
1145191337
-764943813
607475611
750358468
-144520343
358050973
650157602
1599113182
529928507
949939608
-683491484
-389437249
-1108697192
-1169768172
-1731328199
2110999589
1073968946
819503325
-1172556940
-823259321
-1394792119
-174671263
1967181909
2036230204
-1206760643
-1125655369
-356489150
-690508388
431689571
-1622539549
1203665590
-874679193
778901275
309116504
1000304249
-1119721435
-308424159
-332839491
-1382354159
-772144817
905641764
1210461172
-913406600
-102449683
-1670241900
-649002153
1948716046
580173951
-1126629184
574124356
-1401700911
-92079839
1068925983
1458927067
1935919306
1879784681
-1328774931
1627057158
1406364618
772272019
49827065
-49379911
1592031062
172761952
1896426173
371116154
1537829343
616911674
-578231634
-119681501
1978243894
922491676
107224533
1816186342
154676030
-851602768
-903522913
243315090
1392420834
992816697
1682861296
-46646508
716676681
-1625732686
1250575997
-33522113
446991176
543867447
640740442
1270133455
-938615016
1479164324
170794194
1469227691
-271382456
-182706053
1443057782
889010281
-302269964
-912391669
-526676616
-822414825
-463806153
-2038460723
-902259655
937573432
-530121251
365031696
1227256095
1782708493
-1837968803
1488975833
-1839538260
1043642389
732733189
-1459944444
-1561007412
2083611093
737762423
-270064722
-1158658451
777280475
1613015379
718471126
831970900
927492352
322264885
1387167809
1787000366
-358168082
-1102970143
-1640150625
-475679003
-904240670
2065341
242252267
-85377739
-1928731727
-1124598145
-361412841
1512471934
1648970511
1283356454
-373529625
991793371
-1668078065
525319725
270028572
-2002239630
663646949
1080030462
-514920235
2001853453
-1272048141
1096246693
1616718386
-1957116694
1015229442
532193733
24197946
1040621006
-1863598897
1607802062
646652670
-41314465
387682762
1228191088
738221566
441079731
-954911463
-513285558
1444062922
811554852
252009698
-310151706
-509633300
-1535652763
1834174154
318778857
-102140411
514156250
-732117064
-978878074
-1294525131
1544392227
-444787747
1557816116
1410098368
-536881159
-1654029576
-1240077920
337718765
-1233593027
-1965042474
-1335553053
-699880655
-1426736306
1045805592
2075008247
-299360115
-1343367526
1980867896
-759360921
1605289524
713929335
168896461
1456775750
1773580656
-190385613
-1230938098
849957985
1951459269
158783337
1339177620
674931383
622657622
1780863382
1530236003
742434089
1999566727
435679979
-2065217238
-1709423507
923539683
2035244644
1626102218
-140302264
1215439680
1864303384
-1362503916
-1073752836
556403489
-75679533
722382038
57781246
207224666
283840993
1839589656
239059947
450925562
366900780
1952988067
653052861
1232942948
-1301652599
466053570
-1444319943
-349678145
-1614696626
-1009337780
-354032981
-12595569
-167328473
-761291295
-658852907
-565010268
-375234775
1306662770
602656292
-811536334
1501209383
-900421369
-934777819
1125370689
-602697404
-714094404
995983414
-641576889
-668479543
1963794956
-90728832
1078991634
1860296760
-1914493103
-800300508
1825250283
-1345646175
-345393269
1706256820
-1016251144
1778828339
960289887
-866613532
1292401122
2026230293
-1143020445
-1156960895
-1121301065
994521462
-1123328616
-1544507999
-546465008
-260561950
-220154825
1520100635
-515870090
1821869783
826177968
1017123897
836066049
1768233368
1041405935
759024044
-1555168959
-258028480
-63965984
-548136513
-2136510366
-769954791
1626163765
9540815
969816458
200491310
-411880090
-1346129670
-1933365883
-1457753826
-846412807
106404630
102730916
451558195
960364547
1566745317
-825110303
20668850
412631278
-934758778
-556108217
-720022412
-964934533
629842221
1466066320
-282136395
729175050
950862102
1610278159
-121181653
-1579091431
-909891402
-177130544
1448030554
-1942025206
-2025824460
-1835126019
2050485030
-2071589848
-799460329
255639939
263835049
-820107285
153999935
-195580428
1797846598
1290622587
1083948569
1938449070
-732525314
1226267506
-768881907
610119741
-786904831
-109792794
260707387
1270635005
662055560
1751032741
-1811753881
1125206276
-1989542431
1401884866
-1665468111
1096517950
-1123714101
-1430869168
-116806263
1587705048
739384067
424979309
-222587039
-604589598
2072962846
109526914
-178275165
500360751
-1767116647
-751027000
-112639132
377046399
1199843886
-1080175603
2045804890
941186527
1795639144
-1408282953
1796279947
760989264
982151289
214571017
-1953902777
816288679
1435492171
-1855220060
736045400
-1320175693
-960316972
-1480025519
-7415689
940879524
1629863342
-1687985667
-1889004032
-62316886
-1958178586
1563262468
118622185
246304220
-146748397
974066354
1008052976
1091015259
1281429930
-163496187
1080011795
1068638391
1819920017
-266228808
-1736317627
-1887380336
-1760280591
1661044348
1044607326
334630784
584219216
1909616008
495553362
1389308472
355118558
-558362796
1402121381
681898984
1549227022
-676494688
2048958238
-8074268
2076799592
-438723910
-121276998
-1385832060
-772522339
891141121
827498723
-477657525
1277587419
941552804
1353224673
-358351286
60215650
1254186415
1041801617
1255502534
1393486423
-838203320
678571603
-670766312
-536872
1021049653
1408181576
1993699284
-247828912
-1656159072
1321429693
947633197
329642763
779576350
-2041195039
940908952
-1146878196
1135186157
1147188158
-401178194
1747718686
1644535933
2091058534
1419149910
-261896920
881725745
413855084
-976986078
493651653
144047462
-623574890
1192166137
-1849518828
-787023181
-1155306032
-376030985
-796135221
955197810
860565858
1304050576
-1232968302
-411944833
713344869
-1506024709
-721075314
-1608490689
-1466887821
832711629
-1013670341
1912774628
-1321573475
717222627
-1648286594
1566288878
1638198433
-1451291771
-793188870
324105460
-834605732
2009338823
-179660382
590030755
375681917
-1114592462
1857960334
-1208221945
-2135323781
-1044385884
-1384445934
676554249
1158225352
471032948
1667256845
-66114248
1807346502
1208264665
1614250622
-1426794293
350117114
-533554549
-1275372708
1837320934
-1356653825
512155050
-1273403483
-927052260
-2053398852
-409285921
-2054161737
-1983265739
1636381785
1722895041
1495027935
927104304
1309417326
1963797881
-305027793
1621031563
1316345597
-104732249
-1700048748
-138239295
-1209103198
-2003376761
-835107289
445786387
-74484984
-1787580849
-173571901
2046832011
-633964641
139313628
928396759
1039489341
-26254453
838258316
-1706958468
-1041794353
-837183521
-1900769939
-1613266999
1898407740
1546705162
1182374550
583173990
203793108
-560800367
1982394325
1879538015
-1519774074
50500606
1740891530
295115322
503010657
1027953687
-2097357358
-5003189
162936408
1833267027
-626590233
-633167035
-455162299
2062079113
1612552645
700119316
-515910096
620870378
1782855185
1376300010
1254009296
-592803791
-60144586
96224664
1570540113
767387160
275512529
1718463518
737689943
-1423230195
-1189348274
765406085
-390217662
1375533606
-996702765
-521746197
743602099
-1023050159
1138856028
837890782
-550427825
-252091185
339673638
-799874323
-1064301118
33921762
-376390063
-2058271620
-1755770617
810848964
-40998720
-367594280
577427173
-1484958757
680461379
878932106
-1232134724
1691802155
-474296584
-705183248
218760577
1633515788
1280573677
889652488
1096984838
478098716
1517965578
-519383921
272992126
-1962981002
-442014674
-188156854
-2006613440
1936739363
-194999657
89705634
21525195
365405648
92041094
332172150
255368458
1149522113
908173090
-1928659411
-1889238568
-1358032123
982320796
-425428727
-808790587
1435609067
1325257363
-650223677
1277730842
-101610316
1947619258
1859527507
-939801062
-693476215
1020768696
-36321010
-2045999478
520431535
374924367
-150909194
-1810585229
1793102328
-1867068737
-186285747
759392294
-2030140292
-1078029972
1692800363
-188132991
2019118729
515438014
630332881
-1702384017
1355813335
2009573448
-1597822083
-2085410124
-1397180928
-2102121172
-612585345
2012333546
-153542866
1126293180
650541003
-2055712570
2050006037
-1995770267
353781329
1009515167
-1575633116
1653260232
-192284342
-1122979023
-792979722
963992105
-1066093099
-1600822115
-579306994
-731927540
-1982399038
1608206772
2119293379
2009099549
394444204
992339060
-1227370375
184379984
-1591105460
-831170350
1880579857
-322541496
1302688524
-316330055
-568750686
743524348
-1716598822
-2105162158
-2048990360
807489944
707854399
671542662
-24778244
-1724003936
1236663727
-1242661440
-931516475
-111528869
2085008162
570286839
1634500014
-306910354
366097379
-1542069013
-1699990503
1972824518
-1913234521
-199741522
-461044974
615117243
-1239260192
-365272987
-339512889
-1123520142
-574817709
1140234831
1907747128
222087554
142388456
2013390854
-1977141718
-912533031
1857732288
-1955533563
1898624608
-926877472
-1418347892
-1246254230
1935779085
1051703517
-247835108
1220108795
568605316
-1685971047
-478250186
32097902
1718653745
-942656446
-563902039
1641095140
1613533644
-194508910
2022844064
1817773494
208089290
-759457233
1664298299
-832584076
614004503
836519253
-802253733
-1603486934
-1029012478
-281966159
-1609409091
725617381
-243046791
1418946704
-2070879670
1167893109
1901245301
760130361
1403457452
861103219
2015760311
-2095334250
527461156
-1199385211
-545578828
1769404697
-2135429734
963561696
-104687411
-78407460
1806830837
-477638386
-1500818750
-1827629046
4032172
-1485670159
1283403880
-785825411
114147229
710576391
1019392154
-1584316504
972737821
920575214
-152866707
-1538893897
2011200335
-811168469
-1903096921
429929204
1865868473
259551526
-2011230096
1216928364
396652308
-122012296
1166408265
-1169241902
477249891
952943209
780429374
929805986
-2117499066
1997475508
719389271
682198153
-131000945
-743802228
-1864318381
-2101286909
493372437
-874127645
185373592
908312134
-30076728
1625193705
446463588
-346085026
-2021072891
1852398034
512610889
-1398809704
-943690197
-221768996
1036846039
-1331350236
1341703790
956853648
1144205722
1628837877
716985066
-2020202425
-1448967098
-1477143060
-2048370181
117100271
1200348721
-1407460044
-1159955253
-230713329
383487488
763758319
118164268
-148795897
99743909
1305324562
1360674983
-1467447140
388525704
-1975950196
1630781140
2109061812
-2085511164
819827885
790681835
-2069440419
1202218260
2084777157
1537705115
1786190099
-367604659
1992834827
-1383791590
156736066
1642767631
-1428582463
-358572676
1296885257
-160696073
-1250786412
-1528695992
-8936896
-367187817
-280817592
1690030664
797617084
-1724670103
1420923796
-348813151
1416700369
-1538043136
-2014792630
1330256418
1816864279
1680245119
-2004897349
1343612384
-116370319
-1911659697
2085471576
-71266046
-1902954677
-322911220
2061466268
2073709272
546389026
-730745153
-1290854103
2109783602
-2144408503
2020071762
-693125839
-183417873
-1476891159
583850816
2102139415
913517268
8032584
510868363
183624533
1608394910
-1643581874
-1335528973
-1524963425
1328433241
1317656133
195164004
1279584841
-1374164494
-597090848
-1481973329
1592436453
44279563
777978750
-1178139011
-1869157584
-1581043442
1657320879
-599926401
-671814867
-2129822588
-182174218
-1112114710
2135896978
1992412583
-1390816304
1215669026
2116083299
-1860797899
345562101
1153266869
-1770852899
-120490874
-1909516323
1984775562
-2013662828
-864685088
-1306211963
2049898073
-1819911713
-1707880950
810602354
-891127971
-1248060045
2088392223
843316470
-724601528
-2060675763
1490670755
-1113902415
-1494195849
-1112034603
-1476662053
1161558874
-1154922137
-926419904
1630307160
-633884481
1911566694
1544469301
-646841899
-296915702
85190285
-1650660941
1724699714
-1966912443
-255230995
-2129794767
-2128340192
852738591
-1611143417
-449216506
-1662710001
1500776431
-1136889983
-1268573941
-1666055772
-1694177543
43640343
522412414
283469696
-1932565776
1181734607
1454596393
2053863325
1916995772
745941616
-1408339774
-339350549
184804733
-1572017356
282243733
70432539
-1053660722
-1544085316
-350359200
-953695303
355974477
714274627
1763641725
-85782400
1342522971
1175496214
-772652986
-722485783
1583245856
969722179
702623156
-260710139
-1682978607
-1056300400
914693193
288632716
560429621
1603401135
-36371665
-1671440076
-1930031516
1132557231
538345121
395846215
-1026009390
-490870348
1782278794
1524667247
-326747253
1072735978
447480683
2121126612
975380671
-343487050
404205953
1161722472
59809921
608207918
-1226513882
-885358719
-145974069
1671313355
813339511
1445527463
-1802506811
-1942886307
371488310
762676911
968044614
1975889470
1778174450
2059084296
1546877082
-995627062
-1588242587
765252948
-720835195
-1719600626
1204497692
1171801146
-1768059000
1830613182
-825818531
1744348538
835891298
1120946540
-186227644
954028865
-1721245991
-1546893833
703074607
1000901821
-285324614
-1591991743
410527323
970996980
1864361245
1885006116
-1512111153
265542353
-362692371
1404904613
-94369160
-587745665
-2060617818
269016426
-1572628331
1914128378
-1640655264
-1647731351
1364846676
-1689955613
-380283123
1572170210
-277171011
-628493421
-1310971394
1846732942
509593807
-272897679
1212797867
-817880040
-1904812824
1391702664
1418207923
-2088983604
187262569
-1763947437
-621051359
1762708110
-572572263
-1743868453
2022960112
286765324
-605340215
-605925629
-1264844847
-1747980489
1692353465
-1930538718
1318863402
-2002056978
-1497944518
-216261422
1870972770
395997692
1914750228
31820039
1873792859
-1651221180
-1390368215
-563749021
192156991
-281425094
1404221658
-511290937
-31074432
623545237
-419006551
1040430381
-338568167
220931650
48136222
-812345932
-1527909095
889970587
-2019294993
-1118570500
1223608673
1132415960
-1121075622
654728115
-982850133
-1023269435
139211989
-2146184336
326064591
920476853
706920938
225134015
1412064833
359042486
-1905264805
305146748
1028980190
1412586501
1533377676
55926628
-586407961
-2043716412
-724426206
-514010392
-1739108787
131566058
728173542
-224576444
-408312786
1980854394
436933871
887886288
-41987937
1077513719
1019073024
1016817302
2098297260
-799043306
-121776594
-308249564
1043778460
-1119194699
582753734
-1280238174
-534300552
730960908
2015413100
343087142
1933421518
-850891999
167994247
-1128635322
-1573210446
1704808065
364630492
1686623470
-1707640827
-559712468
-1911159431
239296372
497566969
-1769252912
58613460
-1983229719
381867476
-1106525126
1193913394
-1533344591
143915763
1458674697
1468960845
-1024659370
-1739776495
1861414052
29110064
-1961027432
1108480969
-1556234643
1970554214
-222018616
437518680
1275724086
2142047571
206404949
877550248
402213875
-1971218720
-231162201
789003401
-2071567439
417166686
-1281437397
646227777
-562971193
-1852119133
558415278
-1887675066
439841098
-1885806983
1291738351
-1579390391
1684949957
-188709575
-892019346
-353986954
1001848105
-213372750
-1216392566
-1669772806
-455241982
-1929652146
-332357430
1409590469
893295339
2050063735
-239117446
1985138320
-626723772
1938957622
1454466937
976667425
971749665
-783923171
1071544145
-207282483
-1308885371
-778118041
-290081656
-957436098
-159609905
2135055965
-1406916043
1225575542
1878874484
-1653114118
14599381
-1569997293
902809326
-1633861423
1823210335
-39866156
-1822966797
-8717522
1131836821
-1758134181
-558814998
1611668347
-374127716
-543893196
608737946
-366029595
523991758
1208186646
968676644
2108837439
962743247
-2008186009
-984962509
1271631398
1208870366
806246405
-1117553039
82740580
-416629907
-187618749
-1725812164
563796889
-2093614094
1911251505
-1789304423
-1546493416
-971680001
-2012306912
-30331032
-1614196466
-1237361520
-1921695132
-1174794279
-193285399
1587089059
1685341531
1916618270
-1836211722
-22906866
-244709458
-1284830879
396246092
1104501900
1789997270
1829864696
398946792
-1615440360
-2118932510
327624663
1299779865
759821182
1404145782
-1549404346
-763906786
161786926
-1752394730
1222432979
580549389
1936047443
1277688740
-256440439
-1011572491
425346083
-1259184857
-1404491679
878146374
-1903744648
808837581
318157304
117124209
-156388705
555247666
-1845912702
-2031899957
491244400
100992738
-1941862658
-905961290
-1556718178
-406015204
-1243686230
-447536382
-936556208
-1637609511
813792697
-94193264
1636684528
1107339532
-1831195581
-905554376
-1172727231
1387798314
1579718269
1306711532
-1711968585
1105725163
321896233
-599592931
1712624898
-1344962222
1835879759
2080159837
-962965013
-1184903189
-1878538963
637212229
1313394276
2106681683
-1632445333
-1173596264
1056024793
-1248898563
1158176147
-1023065944
1632487372
-81871566
-1278783809
-849723656
1860649376
-1762313639
877809555
-247029214
1276734900
1485304440
1793155693
1353973499
601387699
-1051543046
-160787237
395452660
-801970647
1842870962
1166555981
494022082
513102170
455522847
416986123
-1891770559
-956256434
1891909617
1624171880
571340693
115488816
413868236
2106714935
-1162783854
-62124583
-236342965
-1483888770
1386757981
842243494
-628742841
-1538184599
963506515
1934871441
-1158750376
1384326529
-903590103
1822308991
-56511333
-424944099
-665558701
-83343914
1058875573
2106020632
-1531438935
406159442
232449560
1986496964
858278472
793431065
809694853
-1808124387
-1760295498
-2074976244
1299939281
1564750401
-627791543
642403935
1911621867
2077784351
-947627832
1400660075
934251292
-730359697
942848594
307715010
358929297
-1423979039
-122806914
602866819
-1637287658
157631384
1481994435
298414320
1085401636
-731045927
-1479956198
1945469501
-2006755555
-866296833
932937697
1070569130
-469992235
1635686066
1518119682
-392771373
-734424236
-1251191464
814347092
-632926138
-405347111
-1014798134
-88748735
-1303652522
-1447046878
42297675
-1414441048
-101918162
269762794
-2057077323
-919870205
-927309016
403918259
-778968588
1126134476
-342640545
648159685
560521400
560116508
464375426
-619555723
1613706342
538938517
-1306618645
574310058
-692780209
72823938
-1530368273
657343389
-1440355549
2022393660
-1703711113
-452630049
506187687
557155023
2057774031
-2033606496
384000165
-1221720100
330372798
-546562771
-373388508
-574995264
-1552859946
1217674426
-444577319
150793973
793182476
1540011617
-1941927715
-1306415432
1779347594
-1164482198
-1373761377
-1088069396
1170759875
2008501196
53455899
113644350
1719575240
1910783220
-1633354165
875830920
1049925593
-671039292
1595587294
-1546648710
1057504063
722855646
271398439
-1462309513
-508627624
-189668831
848265304
-1382416452
1698679795
1679430771
-1315143697
-621096761
1818215390
1923846849
1119534959
447330293
-1223014468
-1410243261
-884809133
-263663251
1517856795
1621624836
807662911
-1973363651
-108459836
-916852831
243273080
-1421650239
-145338539
1438193232
1898900374
1707572555
-1755846899
1167447332
-71592584
-930738432
-755405338
1603505550
-1018356873
1041366272
-330850583
-1665145050
674888925
-806721591
-1462694467
1731831211
722001816
1858375388
-1449228416
1365269320
-1801941206
-1684891999
-1626329895
852917016
-1235978525
597051527
-1901487795
1697877996
-738587822
1427976559
111717330
1943837515
2009519864
74826314
-991443807
1163190457
-80863681
-1350347008
-314209200
1622778172
-1666167126
-195999853
-1395025889
205490971
777891148
-1302108284
-471957615
833675753
321976446
-2122016907
-844155074
408396481
721809611
-2118497009
1438565607
2024745170
-256180945
-519162587
-414277429
1508709917
1531731585
726488089
-1390847944
-1272347523
-1398102484
-1880209282
-613661340
1743438567
-688561115
-1454992385
1266970749
-1386667277
1306411032
5312126
1068494333
1587780251
898101732
-138025089
234245699
711343681
-579351222
174512583
-266341793
-932194570
1013437664
1365800256
-1390585299
1028921593
-869103541
856400671
-431177820
1410088573
1123082668
1695074376
-869428369
12585646
2062956122
1017129456
-285823299
-387090186
-1646465326
-1657177980
-243446187
-473588613
-1030600213
-524901175
-1792529684
-1107725332
-2105630899
1614570307
-175422790
-1097222787
701158691
57999835
-1090639798
1935202095
-1717895921
-2055703621
-1371018607
-911288492
1948339294
734967676
93907522
-732788398
-387193988
464518019
-1111740320
963930790
1459820714
-1913117529
-957408748
-765246420
-778749459
24746775
1952935360
-1325196388
1850210889
2142601595
1300049235
2130917719
-1592328657
-1078085032
-1460749858
-163035548
-64341197
-1066967112
789257319
1170982580
-1719263487
-1942318839
1073186813
1384281005
-1675447919
-1728660667
822241548
1827617509
1695950490
1481686867
-532179470
-769596114
-749563325
2046991020
-1777437486
-298538542
-1606568672
1452963394
-125556057
660091423
1415910236
1760640924
-1241438309
250204453
-2063611087
1880043589
-852843368
1258156989
-535634272
1053222759
641066527
-1182987058
-920394658
-1212810830
-1097050023
394101195
-424586227
1977883521
-2048075669
2142329727
1885790635
170412351
1482145550
33013516
1920441423
101552647
928546909
1486779184
-1427192815
-1402509174
62452977
-975178294
1835240266
-1738564043
-346578902
-1578179172
-678742275
-339317613
1775994831
1336394834
149443220
789524719
-350916391
-1475455805
1754065614
1995095613
-1451780725
1934367094
-388955145
924477753
2013931718
-46549146
-1187135654
1713713872
-2032911718
64307465
-1241455628
-599083841
1880478240
866364814
-649871767
-1348094854
-1524019066
-1323564954
-386167749
1646952526
-1599114902
589227270
-226957767
306936521
-1442153364
-1452948758
-278995403
919631961
-647857154
-1090482724
889308153
1477694258
-457863811
1554634358
1253623162
1856133493
-619405691
-1523786012
615308878
795441550
-1268896896
-409880594
-362624421
1517375709
-1228024960
-75519435
-1176178736
-1059684200
1909511502
-1668911172
-850561959
-208540434
201116099
-452787798
130019726
-1797600656
302460757
-648217011
-337281877
-338584148
-613311756
-727323806
-723578
1407783194
277324310
-663496557
-2055417667
1231799612
1367921168
1197811264
2093142318
1758232320
1906985128
1951626369
803300523
-1721739160
-12533273
-65536405
-267282450
-1812408468
-702730446
-450632302
1930155466
-322040034
1999842203
-1823264305
-161946205
210185999
-1438523020
1468631363
1309662496
137503985
682439973
-1642863461
-1827342050
-505334659
1967016255
-591740011
-1111977497
1706011031
-1604341808
-2044418623
198483619
-279115602
752540920
-1679766644
1081768974
-306159255
190951100
1735295866
774498923
-649353345
1015553562
1561692082
1587902136
-1812908570
-159421092
-441962561
1275577122
960225327
-1624938575
2123397780
1895850682
1468806704
-921729544
1175794897
1633041513
1433656803
73600223
617922372
993569057
-2108545139
1741191212
-1723385423
-1530412715
2112045090
2077869914
-17689131
1926204842
1638245863
-1051689113
-1928112472
1027149550
1863304025
-1993247252
1210777571
-160476855
550097997
-1014908563
-1825736255
-198836559
-373393064
-705615118
-929960696
1288840355
-585720464
1570544854
1696324426
-2063785713
73109970
-288191778
1987016552
-39523693
-2025552858
-1058881651
-1837858217
-1738790932
-1721584927
-1682801995
42184742
2047855273
-1489894421
106163537
-1298736833
-1853939424
-1672879743
1786322578
158628844
-1781623898
-1580957349
-1115189705
122901021
325878009
212924945
-158128095
-587530392
84078081
-1295594823
-1378067162
-634184880
-1968702280
-1244153643
1339454757
-677241911
-299213211
1726425196
1081634393
-1571691525
393622799
-425962890
-1528037902
-165151930
1658984496
70712700
-1630304799
217821318
-335859543
-729506688
-23522317
30715287
2103615478
-103942119
-1899643359
1468055323
-1866619230
1788069346
1786900517
-279456646
-203604483
561173013
2052357712
82934826
-1990649589
-621895822
1832882586
905928751
774193342
1483448677
-558382854
-558594331
-2107064472
1754297447
-186455048
-883336195
1297026922
-1227376477
-1823364480
1529398724
-1997192911
-2070777123
1312777719
529713835
539954275
1999968143
-158175341
-104494333
-890290092
-2000182188
-795432985
-282750201
-1293793346
1911778186
335711165
-529872609
125875121
263157297
209697319
-22578077
46858696
-348741607
1139623896
164845405
624890269
671142460
1277391791
-573818093
1672150398
1395326824
-1704619884
-1587853757
1535658592
1750058785
472397959
-1628664592
1304797971
-2087918908
-1197531914
-1131658211
-74149193
898613487
1709639758
144991704
-1607208338
-146410720
953541843
2132939129
755433042
1702121884
1556339892
660220971
-573291095
1933703569
-96606375
-629602901
-519640489
-1007515266
566450176
1287718224
-1904221293
-1713553454
129319303
-2053594294
-701745187
-379265069
-1984445558
2074620462
-1183817169
-326205247
-1322085200
2135702705
-959949198
1024699194
-476094910
-156664909
1627314483
-777099040
-1255555843
1744545919
-1034543466
-165402056
-166855896
680046417
52880522
1316923093
73455591
1161168407
1109031998
1798314933
-1413746735
1700146044
1702328019
1204980714
-1074816320
-853503455
-1069553326
117958524
278156009
329677869
1583053791
1174092941
-1906116309
742099719
2012657710
-949922114
1373407915
-1519319198
-521909450
-354848559
1245649824
1412375929
2086940197
1081400463
1833905003
1751632283
1266674323
-2093562644
1499047402
1184010474
-2090177031
-1093964184
474228237
-1646648737
-582672284
1590204855
-1312404056
2061437968
-1735183771
1186917540
1363166858
2054467765
1086281291
-461470415
-1370505009
1929447784
1806129299
-546366717
1334182514
-1502593109
1315195807
-1426173188
1505156134
-835099729
364722854
-852678359
-41838747
-1761492269
-2078435348
930059487
-986566200
-1371495830
-20456910
497011488
-1809155687
-1575132479
848297326
1727578946
1407704998
249450079
82893503
773972434
917770839
-35743346
202017690
-242225739
-1571047933
-999926246
642206793
-1558334576
1328008830
-181969064
-1807249002
-419366039
-703877642
835617385
-1265809981
-1654213490
-977109761
2068342464
-345415492
-2125759563
-1363890197
1800272608
-1976676465
-657203356
1244593503
-255563414
-1847795941
700057234
-1476810206
1723390550
-827810297
-979591794
-285721032
1535149184
235661814
408235296
-681117905
252302182
-1745675272
-1673904147
1221364664
-1930189520
-804681661
-2020345313
-133426056
-1932794641
497698082
-506460347
476851744
-1322842839
1252125996
275513975
1109764282
-648667499
1108201657
-782517059
1734170694
-1986414814
-59225454
1696794032
1116854917
-1089768130
-333894681
-1540302238
952067603
660161364
253522821
1266949754
-485951813
-1122981995
222348359
-1031781469
1624730374
1340167162
1161973453
1767539495
961832725
-517328246
882778732
2062454230
1999638704
-661360168
746920292
810800684
-2130839394
-1900784177
1083495512
-25503566
409388342
752865457
-362776326
-122943836
-667848138
1441212509
389687301
70792915
-2046805550
-480498736
-2025234832
608485581
-171279600
1926806765
1292482016
-1499748806
64893266
-1099058560
1309718621
-167088504
331927860
1206867584
1219541832
-1033856822
1748016792
-1247476588
-1325795956
-1547122723
-1230712834
733326552
-1040562924
1564871884
1409028888
-1415364896
690968444
181465973
-818002275
776159484
1898326538
1629893996
1938783581
1208162237
-1333914401
1511208734
-228614507
246071736
1664406889
1177203513
-142395516
11078537
-930853861
-158451637
101667389
1965064218
-1359879840
488594601
807101887
-1046701787
2109392332
-650785647
-769019070
-1429539849
902267284
-920283501
-702044973
-921923979
2013562688
-1481418196
1459421474
1953452132
-1297826402
508181683
364513434
1038116068
-173132551
-744372104
-1444819022
1768695869
-1736410229
146807337
-531666302
-1083658787
-2130229969
505872503
1560919449
481567393
692279898
-691998214
1698891789
-1392472237
1275003468
-133366446
620657362
-1313161357
-1121821567
1029117838
-794332849
749883450
1617911150
1488743632
-2088034514
59059163
1773429353
-1231972560
-1713453197
137426187
1056936168
-793059360
-1123430192
1481713347
390886637
1709502097
-1131656394
1337519172
432575169
-829519083
1112521391
-1199311525
-1704796193
-977644218
800668522
1386859238
-1826269389
1193908005
112284439
1674798998
-1776870268
-9464507
-800652427
-437577483
-866589907
893321578
-287772120
-1948586837
-1005286381
-179735700
-1123501617
544091644
-1695273262
-1390211999
-1570129834
1871624084
-1117519303
-1273321478
-736235896
-1369498234
-282732552
-1793507283
-1884764953
792654738
-2030821481
950101780
-1704408641
-1680428122
-799169366
1815214868
-576275336
891095207
-203260861
853375297
1463384620
2064752
-655501913
-333868543
1587781497
-629870566
1724883523
-1209998353
-1752632425
1121974653
-996914976
-1132789503
1369895084
101488887
-1698179051
-1596120596
-1654850210
-860119957
2031447037
-522703930
-410637398
-597992308
-477447382
-1402016787
2033160435
-717408933
-346882343
66694695
215190366
1049330414
-1002722714
1433047306
-1401714596
-1474550158
1720231426
1180187806
-277929849
-1049110670
-758841182
-1196761280
1032887474
741262680
110644538
-1088318264
330577978
-99136204
-1653072086
-777741330
384873634
-1365522500
-1450157576
1908080105
-1837297057
2030613395
-1347139520
-876573608
1677230831
-182665267
936750568
333666661
1182197807
-1825539405
-509720169
616435240
1610970350
1650698434
-442795673
-1562983608
1149256380
563775481
-701303080
-492814360
-1261768440
-2013953196
-74260984
1880474303
-133455511
-1223550317
-365005792
770161032
380167483
-653524417
-939761391
11668125
-1581223826
1713487854
-570273664
924505310
1188406682
1380992709
-1803211266
-733820457
-1009496235
376264766
848588924
1826522657
74783432
-763318998
-526767875
-354251768
1020700544
-1801966855
-1958688627
-1373518738
-1091092351
-1873565383
-1424305807
-1411864082
1860735649
-64418980
1652025247
1377665604
223867922
-1842761027
1234564208
-1596962325
-694480577
-685863707
152326547
-1775553017
119149276
1281376777
645541701
1405022341
-504524488
1394952151
906013118
1068757632
-1659377451
-1822958479
-1025228306
2145165542
-1389968327
950152633
1669901673
112856923
-108859642
-562089777
-2081082978
-1336963748
-2004761016
-469570089
-690028977
-1413520985
-1079191026
1911899135
651836221
1500338138
-823552965
1577478591
1973533986
1913259098
-1116473187
1687465315
837850595
1941168758
-1556295106
-739296826
2087187461
361345227
1097654778
-1602624673
1554974048
-1579438103
-1630281135
483541377
-1063137005
970958646
-769428354
-329869346
-1287701320
-173681646
1497582280
-1384950708
1733669079
-1102371012
1947018263
-1004264245
770773151
2034726003
-158044983
1482811846
-511444782
1484552288
84318406
1208420505
-1879999999
-1114318670
-1771140399
2085085779
-1908686343
1452311178
1970707745
-797609284
-1544591235
-816968934
-1813373136
-828613735
-1716890828
1857484424
-797942574
-957161426
1486382308
539953431
50889352
-986934013
-1884328992
289736328
359592725
988989419
-770243649
581272510
-1106648494
-1121131455
-1614782898
-935940448
-544978626
1253332853
1090332615
-1857146814
-1575254183
1656994246
-1088161214
-849310393
-1223342799
-534167728
843322475
-1650743168
1343777852
-2009025207
-1378793612
651447257
-1266858008
1916374919
390877261
-1958159500
-480893968
-1871590843
1635454994
1194956566
-885851151
1928766501
-133736507
-1871114814
-1783099332
-876055432
-2121123011
1713219491
-1370983443
-745594435
-1665851555
749169198
897771580
-1405027225
1850275719
-2105845113
-1067411181
-1894383133
-2136493
-1966595548
-1498771745
-2143433767
-1008683653
1207818672
-361502294
2104405937
-2072192742
-314761679
1720990057
2026426968
1791816213
-574630804
-2046916718
-940559293
1063650265
-1803534713
780592626
468515251
208982342
-74889232
-1066297668
965833531
-1635379990
195373949
1581523428
-400971137
865962098
-2133993515
-16651347
1286633277
-613322916
1209316877
-847044480
-641572719
1992792305
787330709
-751957504
1220988532
-229896846
-1809594283
4727130
-1196667003
-905389423
377167378
26571489
-90376436
1227469602
-832051689
2136090329
-1902373061
2100123154
-1115269104
-168082542
-1848714314
-816713577
569064760
1125711032
1834322004
2049503145
53630646
-1064426519
-156016601
521270448
-39696828
-1256878456
-1239451463
254009726
1259592978
1640989904
2079915416
403058558
-1144720151
-934375892
1765648405
-290716115
-1994573934
-1145819452
663318344
2063975626
468547703
258173531
-1609386922
399831881
1561887883
-136830889
-293179659
1276759692
1830718567
-2087742175
953949744
122741717
-1963815755
-1814053713
678527335
573206389
118708433
-446686626
-415605350
-372477239
-1017631828
-1906292220
768660198
390837606
2088428276
1024820805
1358366286
-2028526189
-563591055
1609154597
-1897716802
-1076605961
-1040118350
99359711
-1699021747
1155712659
1618763240
-2062817548
-1892367166
1772617457
1615276561
-54240378
-861489063
-282882147
1598657368
1601225957
-1691900986
-396358444
-1456597061
1608898922
-1023501190
-346348421
-1545837330
493247876
1019242532
1580943698
-753666690
-1428790257
-211986310
458775913
875617337
678543340
-1387618504
-989851694
-823696947
2122283725
723410537
-80354921
1164531887
1422222672
-2119829276
1966736878
-1473098946
1931220047
-1879939303
1973522859
-169482201
-1397432459
391025677
-1921143307
1082020106
111719701
-1747974494
-2135506372
348008286
1015011126
1483889436
-425997974
1102361489
-1211116046
1639076064
-722123176
-1436556686
-1274127617
631599229
888048515
895210707
-1567843698
-724070928
-148944385
-330052247
226000211
872917795
304782250
-925611785
-1593976860
812777143
1560804517
-999592789
-1468841145
1995252482
-295835648
1761048264
136538821
1107079515
-1398993996
433657220
1945953028
1012649364
1376143317
-1984313293
-1786782124
1285973447
-206246649
-1728794972
-790474168
-68146603
1852436017
548563658
131621513
-930840021
1047263601
-860948322
-789043994
2012938055
-1264866225
329949252
713888430
-2071980166
555374388
-84580756
1478540097
954869103
248841244
-1634296070
-800879644
1647244779
-1574128502
1535673833
1836695765
-1689361066
1661995708
-23461268
1457378207
-687156871
1869206048
-284755882
-1135936849
-1592761464
957029126
33147834
-738750938
-1699187101
1903091094
1915681494
-577739280
1990630680
-1189062653
1998451244
-161250028
1850805676
-1620272128
-1483178255
-2076596659
626947099
-1130692749
-687570005
-27034150
-1260424804
1819239528
2020201237
259572882
1007307816
1400147015
-238529211
-342597574
-1450995139
1186720329
986241808
1471823130
1336325855
-157046488
-702725203
617131213
1542318559
1762318358
-1022699369
-1004511655
365473887
-1721306385
-1495006280
1800094591
1076167060
-1397933647
-1025195069
-677644461
-2098795571
-281703637
-1808301343
-532383218
180815284
585348852
1612592015
1845253666
-959434796
-2025882978
-1214916667
1077641870
-952538533
-84763092
-628566437
-762276237
971031328
-777526336
621200040
1039016423
-1854365722
-1581465960
-1891730836
-1288421367
1305012450
-1109195461
492944879
318289493
561633146
384766702
-1519933847
-1277086407
1559653711
1692535917
-267018588
-234320408
1649465213
721894359
923582944
270594413
-1007467999
485930985
-988560138
59936002
-1551114213
-1195455890
-692859457
1224152993
139143956
1754843638
968940725
-79158053
-1887985726
-207267130
-389239589
1461670121
-255165846
1819757326
1980575194
566532608
-180537434
-1795981727
1714289772
985168617
1529339240
-58745759
555121917
-483616048
-1576251330
115373753
1126464655
179775067
1265318103
-624666032
1727364061
-1866848770
-121422395
-1375420486
-455669565
-675715699
698586499
1986924274
328780252
141476114
-1278790470
395536966
-989781908
-820647200
1656626367
1411363986
-1597012864
1667628776
1090424416
578045616
-1572470956
205551434
-1450171168
1283000366
-135960588
-1602070993
1948196159
814276417
1637762597
1876793557
-446280259
-123687942
-1854767228
2121156586
-540896863
212222647
329396976
-1524647650
1940565302
-134211109
-1874827739
1563153907
32697878
2030935745
1722968489
927431639
-1032582230
899376621
1852249834
212617587
-1792996368
1231923844
759254184
979463493
1913663615
-156315394
-704426608
-483767956
-1028182072
-2101944039
-2051087063
-1818558270
467353245
1199319824
1227388659
1396719919
-1464226313
978095116
-1612096563
1590222652
-1795809037
1316095451
1324364183
2129991398
-1608016098
-715350561
293863703
1207469492
61736689
689354568
-171352544
-231132661
-166878050
-664249211
716629488
-249089087
1722216717
962669559
-1654079526
-997338641
1434238241
-1371022361
-1063713756
-1518851574
1025199422
896108986
620571954
-556747724
-187225841
-1389213598
1923544803
-1400620849
-675110012
-560225768
-863416262
124128083
-1255842022
664076615
-2044181696
-1986224543
2050052702
13972683
1384445737
-1539652328
-966455117
-2050784422
281358517
1411069350
-591176878
1025114690
422048985
-682024671
268713618
1019880276
1372533150
521794710
-815513751
784838176
1761644872
-1207330974
-1862640334
-168978334
-939664455
405519040
-1245320273
-1384943173
951552535
-273019229
657557842
1637963427
-945655636
-1645187130
1440265655
1222352541
1008968462
-282762496
-1305359243
-83539
328463999
278819292
-107583466
-1617497849
1594803862
1165311080
1363177827
-1610154232
1096146974
-2015669171
896687844
-596921751
978236989
1616393504
-1855625050
1983516849
2134590936
-360845834
-1124027330
2037951467
-2079110346
558256189
-1140278002
1917591449
-1450660381
504608713
-1884914490
1671031016
-158578986
1097711661
454694957
-352055772
2044093653
625179468
1868895265
-1145878163
-1438076136
1929510191
-202090788
-829642069
37053996
224874775
68319608
-1093999425
1811010330
-1947784234
779038132
1153612282
-1814506296
2096623450
1167113208
-786613294
658744222
-889990262
433118614
407491026
-1488583828
-1918678956
-942246062
1133853650
459598730
1984095494
-2054031324
1248985960
1514999104
1579710685
1272602683
777130142
788585576
-1504702245
1881486405
-315075100
-1639186862
1901266653
-2001477395
-1507539128
1690583783
249064940
-499821915
-1108602652
1065258000
-2135986222
2021836197
-1506819946
589317976
-71733264
688591410
37934838
-2074321457
-489486513
-1796212445
1108472708
-1133199823
-2058867212
-2029177696
-656043999
1112008008
105981303
1465471277
407371712
1728317582
886765782
-1651731738
-2051005347
-351287531
-877156986
16411404
-2018701267
-1638759253
-276872757
1196310975
1100875286
1157944120
-1171475383
665098252
-565867167
-1177317781
34984153
1468384810
-1143108435
900107669
596111008
-1009264127
-1833066458
1594232788
-1756411042
-1255056917
-867950857
1160267380
1308676099
-2058424387
-1656388612
1466081681
-1253897593
-1760935928
-901960260
1196475136
-1563660038
55603611
800434582
1019034479
496648666
947595596
-1643250119
-461998646
-1304128092
-162071049
1613015385
1627157728
277444013
1011787975
-406305634
-1818605754
-1754133455
149058995
-732363296
1346917755
1196460
369604683
-2029678959
-186454452
-434873496
-175880012
532725370
1326626169
-1236832425
1058426097
1706393002
1643829401
-679427806
-1736912285
1356378538
1067134522
1317887105
-1319502958
-1484205579
-132996276
-604864307
1398785581
506318758
1825610430
-1492078126
480554319
1187202163
1435116393
254181865
-1578783741
1046617305
-760076243
-1662162618
-1859165174
-1233243751
-1014890919
1348222606
108031195
-1176533918
-1634601392
2059412653
-449638678
1504056271
-1982344600
-417988123
-2044661971
1881307795
-874821611
2124141609
-266899749
2101136882
-1169232058
-1355647317
-1011104906
-1647939726
-197245938
1100852402
-773190900
195741138
-706240889
-1069972047
1766514873
-339865285
-1536998158
412708501
-502319761
1579732661
1302789155
1693877342
-125144839
1935761115
-930629093
983038961
-1939923140
1754063826
105996022
28947243
1249029567
775654007
245798919
-1759363271
1478557038
-83643689
-1260826303
953879590
-26162022
2076355555
1846434008
-879599179
-1869202108
-58657180
528816423
911761776
-635372645
-1033682132
1585876180
-1813687808
-1962424126
1341169806
235721009
-1935094849
-1566872107
-1266054385
-1419314459
1757846155
1384602413
-1921854115
-114093877
1981769949
1218869219
1838324607
960647449
-1177516007
-1781078637
-668158643
1486496964
-1619563994
1499446370
1842306083
-2029624029
1480237121
271057729
-529008687
-1009264686
-647793906
-2060556174
2013480661
766772440
863004656
1235582539
-1854188085
-100021492
809125785
-1223655367
1980299812
605050548
2118810084
2029577223
7717910
1231838830
-233125151
-1500169376
-712598573
368167507
-1327239887
-2093078126
-213484035
-1095358120
488721812
118911380
1088162648
-1324705544
-1606022208
-1810407351
-1157898304
-96861425
-2004341644
1996691206
867492958
1666373129
308566219
-1949140399
779292950
-2028889285
-590496043
441239788
-1377283773
-1452011632
-903682205
-1915543791
1213366182
382902888
406426914
1531603454
848342426
-1244102980
73466090
1303547827
1256794509
311460485
-296024232
-1516122375
1418000555
-348141474
-1002300519
1439144870
1404876763
-2010339481
-900000888
252345119
1285429230
1610304877
439296251
1711842590
-137336555
-1724426425
-1657041830
-906269515
2037508500
1630800770
-968227728
913946003
-655438923
920853312
-362965115
-292161148
862856958
-1210315428
877504939
1553506878
595609765
617396178
-1242989480
-1637893287
326965059
1127050078
-736879819
-814137185
-1950843448
-224807582
301056564
-945976186
-1516367441
1457052684
1060966632
-1971082502
-1339791246
-626034505
141270800
-715025314
-2078552002
759551122
1907279476
453416148
-1092395030
981789567
-1990806028
1771987900
55218725
-1467598531
-1746198051
2031071099
-636166161
-1487883064
-710007426
-690937475
-386396598
-1897947649
-1686951429
1748770428
-12246224
2014708103
-1728256416
1863632641
636958151
1779177199
-1565340424
-1049428949
618827219
-61743852
-2068874785
-424645458
728876651
848599239
791606998
1924918814
-670701585
2093685164
-914560938
-126704019
1089056056
-85530268
1643116519
-1230779982
-468228079
-1840854802
1015091121
845934635
856963302
-536272822
862075731
14764165
1964674491
1411597407
1323450867
1373252186
-822535073
-1609779426
422006165
1647037690
-1263875104
1595655654
1075590064
-581491091
-536919743
1487088170
-1450102018
-1317652808
418579306
-1162440624
474626707
-1130609825
-758027681
443951324
1237454385
-1660958933
2083114421
840935373
688577498
1701648941
-1304123840
807753286
-659941723
-504556030
-1705208047
-881714575
1557572309
-713344425
-290811489
839621024
-1772232921
1297814959
-1030518461
-1498294092
1575253866
-111872413
1127836137
1110310594
1014950997
-702666774
1603814916
-1275585037
1324666004
1353793626
410251202
368453291
1504746275
312427054
2078896513
1586784492
1637793503
-1733650871
-172287616
-979744771
-2024581286
-1970724293
-1952117543
-2128346042
-1091040530
79363778
-277637714
-1286291587
-33545708
-399011182
-1770807134
-1260249337
-659389450
394990936
-2107040373
1053634712
1652451394
-635781380
1388197733
1420981532
-1643589056
2095458087
-128346231
1666528729
1647192358
-2004838140
-491182051
1520994260
1628733866
1583701833
1154615758
-774200972
-618631975
-529118088
-1425166148
-1794283931
1919377447
-1935408287
1153916086
-1850651201
-648541498
-1733049364
707551399
-1910110618
-1711133637
2131673109
1855253839
-1248428621
-1477656531
-1044169418
-829271243
-398709677
-1643998337
-1667234420
1263202267
1016057199
-1844799839
-422121997
-1987364301
-575937523
-123567837
2015065076
-2055822766
-930630987
-1257792886
1090435073
1127888995
183994711
-1201488793
-1432725506
-187805987
1858702700
1913250212
1118825987
1676905464
-1490788262
1182455585
-1082443936
-781509028
-2000730084
-1560813186
-841930783
1580271899
-723403230
2028497978
889613650
612023009
361924725
-1280502275
-1162074299
-2085919638
-985874146
-424169935
-312879342
-1617771981
-275550264
632092630
-219689954
2002931059
-85812828
-295746154
-1955753888
1058015308
-762909812
-775011561
1177295137
1033722174
456352362
1061781392
541310978
2133567963
-230779429
1889045918
1305626691
1110424768
1621592334
14994520
1016427585
1991241411
-1424218638
-1890701920
618852160
-1400318103
-263600496
-489321028
-208760981
-579404646
-1469943628
484208676
2036610072
6000023
172468179
2065905053
-1687501745
-534947541
-1233782488
657203078
2121929100
1491497760
1272620575
1484436593
554017476
-1517142796
1500451063
915167732
-1818580059
-2077833779
-16003166
400570305
-1817201630
-1771063895
715098351
-231622668
155759662
-494913575
-1022099478
-1637205844
651864006
-918251345
-236064382
1577304796
1208344373
916687478
-1369790356
1356847715
1198428051
1916421538
1781033799
254983001
-1032886386
-2135033784
1767188737
-1001088853
-1965413268
-675268401
-1582233736
709865449
-2018073776
-1757712408
-1480017820
-333756834
774916795
422014395
-215631757
-622795935
-1595307
1856347746
-734995275
984243178
-1813762323
123179418
-1545219526
967607143
1471152318
-378943049
-1219726344
-2075421232
-1359539724
1795687896
1352080114
1144237816
1704423278
-1752204452
1678986391
-1280253146
-1834439228
1462153876
1913416551
-1659384604
1591526538
95025849
-1231663652
-1983339498
1845287382
-1856591584
1865408391
1248080461
-2039954945
428775340
1116483704
-1284818851
313014183
-1380936061
-489515293
-1946805972
478744572
-2103851773
-1534277889
2025577932
-952766662
909051383
-159120079
830269132
979714419
1921843973
-952314262
727113419
-1938261102
426799979
-170732852
-1932737971
-262149987
-1420846614
-739475821
1101467857
781682489
-1481036287
-2019996366
981302050
-220873869
1830560862
879375036
-1090739475
1917638845
-1738601839
1295476613
-2146451565
1559021621
-135992830
1108099593
557792320
1864519469
-318183899
31214347
-334322884
-1788495385
569969131
-63770623
-1907004799
-1346179424
191625339
-1774094417
973305228
765537487
-46893791
1724194065
1687904375
28376238
292615814
796488829
954329159
-1488252167
-1555777247
-9863415
-1560083325
-168612619
988480749
1639190569
-1733130747
1767778483
147626588
243165596
-692629741
-192225899
726301323
2048536969
275347633
-781092591
644906678
1997678308
1566374192
1824875444
284521197
757282838
1123524618
981594730
-569006072
257810397
-733316367
481978364
-483381033
-1996100496
661911589
111807193
-1042399586
2038764774
2119260677
-1568058600
1858031807
-1641611049
2107330537
897152189
1236020153
-358898109
1123207214
-1977103814
-2136093871
-374922830
86003601
-723590343
322225165
1278504093
-1424387648
-757908584
1105250281
812815884
-1014640850
-1495933259
2146386501
-1426431616
-390898650
2004318954
-1050460388
594833426
-1585611485
-1437947557
1667764603
-216639525
-2017250210
-576950802
-1097634513
-674280042
235197607
-773442662
2076370880
-1855765372
-523801224
783075557
-6548322
-667047793
582640710
397680807
494252186
-1363994958
-980627686
-2019042541
-471625577
1459337111
-98212768
1221909239
-762951808
1621500033
717820927
-1685034174
1834661756
-774054292
-2048287319
1487780039
-1395326368
1507266417
-1038698381
-584408000
-1361736347
1282322031
941727655
-951504748
-1304556518
1499296999
-1859381031
-2066017956
1758971548
508262184
1079592760
-1428611677
412847875
-672604501
-1805131739
-809981203
-1585505761
905864896
-236808951
948769914
-17649821
922124137
1678558819
-1524370741
796222497
-1692714363
645846047
1026475877
-262842889
82011952
-1530486994
1752506580
-2095802231
-328499351
362156114
-768181518
-1002255761
-1092793354
-984434631
479420264
1948681585
-1856806268
628546765
-1068922251
1603345905
-671882735
744851402
663164910
2112513448
1473253774
-1319605616
1817508997
1881761172
-1295203137
-2094552262
-195473587
-1639300303
1118940006
-1676087570
-524933251
2099299558
-1447301473
971257206
1775374963
6957506
1576190093
-856532465
-2145163780
-1946662809
927121974
-1111339647
-1394085166
-1241831098
-1991285845
1621056879
877058917
722309132
-818437524
396631280
-302869794
100411483
1266534921
1856684637
1983727712
-393852483
-15197428
-712700308
267534992
1121093333
-357925866
-1075638147
1667952471
473988055
-95971001
821124148
-780227610
-1394307015
958010851
-1205042105
760776954
1922146218
-851659727
1584459416
-1087467679
-1574977981
-1089300570
53171590
-1752545093
-723612677
283051331
-755004801
-1618308987
1041550176
762201659
1216368089
-494735021
609628036
496472280
367808482
954012252
-1718381260
1316625310
1234284341
2003106107
-1168565392
1809170096
1723500622
1232151540
200331030
-50215054
1343908449
-471613644
-916988449
101376623
400409958
1259502812
727680143
61554557
-1040603784
980864704
-2009977752
-1369549793
7032671
585140651
-855086113
688119849
66884203
-1224657754
-1990140270
-1600382806
-803544189
784763001
-255260552
383851781
-1835231875
-1671502990
-1099646887
-1491068319
1647362735
975877476
1472503169
1039581507
1558952901
-1685444622
1874068656
-1883246216
1697320916
-1012496627
-2144276396
1355071543
-81165905
-1186255430
-555679751
-336249721
-833847687
-1512441064
-469181696
1933481438
1337583995
-1817996383
1668485774
1841989898
-1721872073
-1515457872
-1550930233
-959563948
2121851325
476581954
-1915954372
558681058
1178839100
-1601593600
935880353
-1936420003
-341574693
1522148988
1178143171
948136403
1597513673
360119739
1683990968
-1307991331
550793874
-1990989325
-340260521
506515460
332644020
-1945999980
1670356458
1046350176
197361778
-203959412
770210594
165518466
-1641138969
-328391993
839551563
-1052752493
131270237
1234609653
-1131118400
1576031932
-1195677217
882582415
-201242208
-1779994168
-2003533300
-1199742438
-290597183
-1361856504
-457483475
362525869
-1481208604
-2021288841
147346570
119360433
834846506
1886225437
-1571337479
-304263704
-1119359545
646152375
378493111
285212080
1781906420
-311955049
80100986
1147039367
-1231630038
-400013623
-221722170
2092535505
1807882636
1510974071
1041419391
1634568665
-1518659164
-57789298
1054243263
1063962133
1494698321
-1966592864
-681821207
-506854483
967420416
-1593350645
-1589553154
-2052759746
143985690
341389915
1269625390
691551450
318289853
-1756109332
519587762
-438018221
-2089653075
1654000340
-1530908200
1775939513
938208652
1414225407
606291551
1426749728
1406765641
-1608385894
-1974392572
-1914561371
-474849834
1792825269
-591076772
832078259
-1648217315
542309411
-305311772
-1318664574
1509967156
-1300034396
-1968963242
-561122080
-308982066
1517623366
495195965
41729844
309239029
-1432762617
-80218421
-752514626
1055070453
1810910911
-1817319702
-841661405
1481276827
-1507536324
496036496
-1193289944
-55170145
-2062348626
1189375063
914303677
1862160734
1576794949
-42561716
764282942
-1538434613
-1702674664
-1696188154
-1751622412
1719588519
-1586257592
372713722
55484641
1111906800
865589093
1371517198
-687708740
241562262
-1616369
81847147
1689145914
964903028
874317792
112413079
7081359
-509258883
1875381897
517961922
392093491
-1571501514
239399482
-847571105
1480722153
1476060003
705684295
1463298038
875958524
397637381
-540610040
-1984058056
-1235703093
-980350333
725442816
702413651
258390920
-141462490
-1687194304
1943030407
1616954684
-730545718
221800717
-103260423
-1205480947
-225487150
-2036177728
153115079
-864456253
-1362397860
935502317
1815480156
1798146952
1184736949
9575623
1474182916
-1401878545
603109135
-1219135549
-821680190
-1882155209
659896433
-1087572614
784561761
1653020623
1844691182
1687137491
-1999505208
1536123165
-1508878311
1812159328
990773906
-2000587142
-1074477129
1754561032
-498037026
73492097
-485571658
-777488409
-2012533918
-2077861239
1905401182
-1795276943
961478854
2116328047
1882092997
-1739626019
617319471
896370840
1850286984
2017903808
-788079079
467982901
-1794949193
-425259529
-304450967
-1191538744
-1956704751
-1849226806
22869442
300773863
-1823001488
439768909
-1710060522
-802023872
-1980926586
-1968134391
2076339328
-1042894627
576578249
817575900
854189649
-25414233
-704726612
-475873763
-1179507864
-301887952
371482639
1783503107
298793927
-1668946004
-2031864841
415005254
1845784161
1848859968
-1878515071
575398918
1433572152
613646975
-1070581229
-665902868
-7136601
-1018981840
608086997
-615998833
-2095895044
-1024047787
1442705503
-1970163176
-1461205687
-200436120
397935539
9207592
-1322465669
-973671193
-2106528659
318249208
-705789525
1914219795
954597945
-304230975
706617012
-523794445
-1919506556
1712319583
-1108946939
1621616543
-583898507
1687749680
-291316041
1431167930
-2079080162
1225047874
84730849
2099522111
1009636590
-1285965140
-516242645
14264449
2085032298
1378746684
1723153057
336740460
-1195283940
2075528274
-1395123255
-132706800
1959562187
206073611
97812982
-502857376
-1477612309
802066337
-1435526690
-690958282
-1970671273
-264432880
120442474
2085323929
-874605251
397729533
574844621
676539202
531583832
-1013459501
-2053037608
-517773732
157563493
-320163537
1191426699
1434577035
-1873451569
-871391619
-967556626
468130864
-720286292
-528776733
840845857
1442020074
1017356780
851575645
-810557774
2103728479
1955734735
779274792
-103307730
-106747077
61356183
-469464476
728434938
-986283144
2013336703
934332660
-1291357853
17585376
-984886037
854423976
-1457587982
-1123469616
-1102849312
2036325278
-778955003
1640018493
621489845
-1980352539
1813849242
855038716
-289678838
-1618188702
-470169234
97237309
-1839174407
2086223095
1820436038
-193640616
-1848434037
1587629281
396415115
208996300
-1895409554
-1643277727
-658771172
1736603523
-651145756
-1244988770
1284974687
322166874
1182752253
-1568545847
1913119129
-1543286815
-1214568185
-1165821054
-1056084097
1441117790
-846569147
1685659513
328269837
2072408600
534523616
331752536
-2050546283
-2053518639
-881893606
-1549097248
289028890
-1310908013
555799241
-642299054
-31049250
226744495
-498212862
1997016847
4445241
-985909246
514759443
-1531932542
-1482036821
501731706
-422102345
-1396018883
-917919691
148318680
-1880159356
889534050
1174073060
1024502198
-618748249
-1817621692
-1739340371
-2128143668
-1927389228
1123420749
1507786368
1319384430
-1419174281
-220401631
1559450518
-447741352
-332982737
-1264952061
2058196750
-102361938
-551087492
1221494903
296077239
1700126781
-663467594
-1379955927
-1021305041
398176262
-880678080
-1030249715
-285709012
1494483197
-1614488323
-1409215034
60249113
1501775118
1478974467
-1061989045
69614308
-936881568
-448170865
664488648
-718272490
-1441791268
305956151
662891457
1814690339
-817575952
-1953021595
-4555395
-96390909
-497207665
480438019
747121313
2071903488
1134088060
1832491891
1330171674
-1306704175
1271564232
-2013715518
-881385920
-804739864
-1723542119
1793879068
628918072
-953093624
301155628
-1073638783
-1870562407
568326425
-32908772
1841916088
61406289
668535359
913490147
123249028
-276983607
284724520
-844688223
-1158537963
-267121593
-880155483
-785924836
1839532225
-238369388
-253790340
26716423
1568720371
1674716382
2132931195
1741219975
1202441315
-1625969697
-1056368688
35810290
2060057479
1475009597
-192827496
-270767399
-202240184
660447284
359230901
1257092936
473508857
1011358066
448979172
-1637580468
-1579764348
2128476737
-1336885491
-1450619211
1498539494
-1322136341
1437147869
13839132
-464660772
-826487463
-205091182
2023773223
-744492322
1918384381
-1541027819
-82385397
346554700
-677299983
501015117
516246610
631259623
11455072
654903217
785545949
-317764734
630409508
2025183775
1141519148
1022140920
1050247344
-1036354580
1169885
1302607712
-1094228176
1144362555
-1512660878
-1758180225
1613686510
-1005391726
-468842665
-765172610
-919119369
614100394
749599778
13320156
1200659454
-1749974651
-422438884
-1153101147
2099959423
1316320454
-338181377
-1025873437
-1550030041
-2006578884
1557347841
-1423215531
-1659789198
2109559743
-14951663
645571166
