-17031877
-926160789
-1301309759
-2136327175
-1858150130
582380955
-1480202932
369302034
103408364
-1225372902
-2009813549
-402454452
-1781849861
1281003185
1719151127
-1382810983
818235197
1539255919
-391479892
-642387294
968509718
-972227107
-528755421
-997287393
587697931
925319798
1353372523
-1037586840
-1225737012
1371118421
-1010044556
-1737486004
-1499311244
2144350256
-1204505580
721195809
-2092583922
-1001432188
1388960814
1967311388
2146715226
2029995025
-994183920
215583458
1408223185
-2026694263
-1186994915
972019294
-1771960601
1432021123
2112840875
635719893
-934900081
-2058733131
1441234734
-336292297
-1975187964
1424814178
-779255147
1335689142
-882161467
1355226129
257229044
615952028
-282952992
1412673919
1234159714
-940904359
1554685299
169959126
90895652
1878020059
-987994257
827059998
-173506038
1115088930
-693541217
1944318194
850852633
1743703059
2026810600
1132303479
-1346423191
1621923723
-38892078
-1438976886
-614844592
2040364470
-1526058938
-1598734536
-1860198464
-537040734
362543257
678130034
-111193107
-1080623602
236981961
330603009
-1537264590
1732156808
6849797
564058039
815796533
1354148790
-760290702
1963165414
-1640284600
1564262131
-299035092
-1246997994
916219410
-1276870371
-1708910966
-1880352271
-1376680594
-1679926612
2014752933
902424706
82129042
-401261817
-1654436837
-603233378
1138067060
611324434
399484688
-2142276958
-1627621784
-1799827701
-1035612555
457247582
52706317
854849686
-852371828
1979013712
-1362283158
-2079247851
-1495001173
1527233044
-229083309
797852221
1817441087
-1371984357
-1122188271
2116775654
1708877075
-276802405
1669449793
107561505
2118378706
-606993466
1436008956
-126546801
285301706
-1111882179
-60819912
1605023984
-687852814
-983651641
-128149395
-752368390
1547156782
-1845421251
-1136326533
173306731
58884560
1370992329
1428523722
-1962570911
-1236128926
1312729935
-603988302
-1372964631
2062360226
-359716310
-294365411
-618732843
440401357
1941115931
-363767445
-2114516527
237870112
1665689725
-312383851
-945978184
921445787
-359316547
-1783754092
1422634531
1772519176
-1523492598
-1594847741
1875728195
679813691
-245312696
709797379
-1307536400
-1666057574
-1652043447
-569549218
-757222399
-501283361
-857935554
-372209170
1233452510
-2096120548
1291100011
932250943
-401277358
-1830712833
690363417
132740979
226853285
-1668297641
1667656913
-806109850
141593065
-969657386
457485510
1173316369
-1422666092
1468822040
-2039058286
1485557555
-1393897137
-1164277533
1511665957
-583596755
425325580
319109296
1002500602
-1401151187
-236848034
1865569130
-1800431990
-1500843377
-64847868
627898229
1943771909
1471436927
626570950
872806129
-1020386241
859653346
-2063561340
92073791
-573334808
1151633782
-485796213
497341635
-284342784
-627715273
1197517610
1251931883
2120063113
-1115260924
-426552700
-1733050256
910108285
-1801520510
872235432
-1698646052
-2128513790
-396466112
-921499426
2120713291
-1134159397
-644680164
-1913634237
-1012794763
-573841886
-418021660
1428411800
1998288363
-732112844
-1553217473
903619926
770704032
902803691
-816860722
-117409531
745937578
-342128622
492286606
415643853
-1866466230
1124150293
-1075885953
606457421
-926032855
-1471964936
-2095825270
-377733461
1278900196
1249178250
1945627807
182702571
-2051027766
970747353
812766749
-1935713404
445249252
1246551528
-696038793
1603860528
-1742046155
336254879
-410915821
-928099069
-698447806
73179394
1111048565
244437951
-1677796396
701325221
-500058980
-592895899
-291998469
-1697629601
1297982636
-288945137
-1097256106
1191666238
1515417036
-1725447939
-1091830638
792606394
977636177
-1493982228
1251222831
1432680748
-782747620
2029942446
1838162314
-674249856
1745236287
-1145204745
-465059049
820098601
-2026078490
-3589004
508200429
1231589717
1760520052
-655712991
-1167674745
796667233
1047064812
1442354907
1131042760
-923236721
-1229745006
-321149132
711680319
-1495248906
-1601566511
-1288064378
-1786491476
1365328313
1449084255
-1698160822
-590919229
-1978493317
1453335966
-1454124374
-1023298769
1587112978
545410373
-579607980
688277465
-1335493766
751448895
-892006512
953451881
2046286859
-869501229
1901682580
-1504183028
1984349678
1754063620
2049467670
2112003960
1993377741
1302316089
-1031663837
691094828
799286217
-828869599
-420540113
2063202044
1238190001
-1814413360
-1484310420
318225100
1392678000
-1286665171
1622622814
-1319114597
-2001966907
844717200
678758575
-991343677
1535189818
-678584409
795481663
-766667650
-347140274
246998681
-309724801
1001512364
526086644
-1049007508
319481855
1642810066
-1706989248
-1139833941
-1223915708
1432420965
-1078815905
-1219233726
1705111263
278726729
-1306087224
-936721491
1823553466
129088660
1705424305
-2137539247
-1687409484
1035076246
649264835
-519257815
-397741968
-657042403
-1207198448
-1746977115
-2035635094
-1496759052
454880580
1666011598
-1665163958
1094335149
1413606938
-2041001299
1437274236
-1619174240
-651097582
-1807694099
-1619319040
954990643
-1677768608
-1211579969
-1159499394
1294538074
-881780441
-2063188483
1742387613
396449633
-653315866
878472850
272338068
1255622121
1105798962
1574928664
-850765056
445065775
257346725
1406103234
-1881325064
-911233900
1420061718
-1686866053
1779355998
1464843865
-727356662
-1415206065
-299474056
-1166877783
-370410135
-1713101302
-1913267778
-1607407140
756801652
813424926
-1181363467
-858311175
-1044819722
-1547354167
1499901564
-524003459
-1170952007
-1062160009
-422711067
433650522
1795591995
-1653062044
1854725574
-939795646
-2118710878
350777989
-670672175
508519716
853980652
1332558504
-476614622
664524534
824085866
1630345177
8845784
1129894581
1888455278
1144970504
-968466714
1307422377
155315523
-944944408
-33136342
-1838152211
213867613
700808729
-1908385089
-1029944018
-1925033007
475765640
-1559921521
1530687410
-970418170
-1501339882
1357570603
1005369500
-1492279380
1592815735
-159215906
-2123395986
2144151789
-1626561956
1723770878
1438955214
855469539
-1089437740
-1633845114
-515813236
-646730679
-112407569
2001881569
-1875803677
-883100556
-191244380
-2063106552
-1185045250
1839231875
97243636
-1902815538
1600163006
1004514517
878278222
-984095110
1364521914
1404851899
-648757963
-218782314
-1556326522
1012059758
262894367
513837574
601998392
-262973629
195025312
-244778149
-1323346904
-250373860
466073288
853227625
-1399494666
-1332407774
-2115864888
-1181416938
911137488
924086192
1404912603
-670392460
-1732397324
159449746
644233314
-1315991790
-1641009548
-260390290
-966914223
-1607960178
-2087330760
-160918398
-1333135670
1576089967
1399427401
1579141519
1201498374
-2042950607
-1777061300
1035011860
-355586180
406077600
660695371
293474239
-1960643525
1613493865
1525100475
-167829728
919537051
1385808621
1741518010
701877407
1142173716
1312444248
-680303721
557230512
1766707821
370099186
-1371271529
1586630468
-1537830888
-501082956
-2098953738
-1242050942
2058110428
-1144093922
1107395372
-801589066
-607378252
559081799
77824112
461648521
-226814217
-1582194123
-128748415
-1200667022
105698232
-691002514
-1144798557
-281679252
1727939695
-1116365873
-597930265
-656511767
1298014424
-493605989
-247900496
-437109498
-473373414
-2140861994
-1960784527
-134315521
-521435604
1435577044
1055539643
-1086179868
-1932359564
1915042828
487689846
-770263156
-796828496
849938737
636279918
-1963259958
1571301145
1184865923
-1434273775
-1543952930
-1127459643
-1640579999
109395830
-174047442
1989845836
-129929181
-188502879
-599415242
-815825234
520283686
-1397506043
-353778501
67950964
-1660171993
-2117546167
-1891795642
1694688020
1421722324
1818655823
-1592283184
1849901209
1110307232
-2070325135
7460281
1561111427
827877334
1486878733
184412415
710351595
388237297
1089681987
-187233621
243718891
1406620202
2032453885
-1041130354
925840956
-1768687791
886510895
-2029600211
2049152543
-1669839648
42095455
-1274905351
195050625
677559884
921582695
-423962685
1849818201
1933932446
2088801913
1177146734
2098631764
-306444990
-453195164
-1010100507
-125464652
-2089806561
1934690581
626617423
-261369483
84280551
835831135
607634817
-1363006031
-552859217
-938703362
-1265355340
-120998588
-1728332607
-1637395495
202047095
255760307
-1744363087
-179156858
-512043546
1656536905
2070378926
-1373306605
-1390748644
1989118851
-596281319
-1525024509
737539045
-1948758611
-516445093
1920340374
-873041224
-275944500
-1920125709
-989148850
-655860764
-779203138
317198285
-1641683027
-1501062392
1881569439
434871258
-555114174
-1693257273
-736330641
-1988550692
1832155110
-265057092
-334522383
486369921
-621782205
2022994860
1152464597
-42999885
-770388587
1719945466
76918297
-425425106
2048921780
1454312543
-131474773
1654124626
-980967599
413455577
51480146
-1753940166
-958368129
1623045604
34387663
-1467877620
1250161525
-1153809433
968903487
-282897006
1920878994
1921215473
-1381987389
1559778313
-1277176672
1231262372
-587034782
1140728121
-1772434596
-918671759
1162058797
-85710651
-39119306
-1024831227
-448535133
1535966148
-1747038636
-2111319038
-1167831721
-983781745
-1737611044
250486002
-1878193713
95338460
-25177486
-665932680
1790793647
-1948590837
-658571521
-376116025
-1526556393
1825642432
-478957132
-1494224040
1907853128
-1714724687
1507721550
1250568663
-1177396595
119233472
1121148059
1891504733
789777496
1626923339
105714492
-514417948
1313937322
-173621053
-565172565
264025079
-298165320
596154491
630368127
467345065
-1068825397
1746785986
-1849482513
1016899015
-471818393
-8177613
-1030036332
-1434962352
-993478225
1281185610
-231993230
1338084133
164476679
1126441275
-93791944
-1666424836
1254799867
720389118
-806267193
-111452262
-1158035362
-563549778
1191821552
3359041
1774030262
-1837017837
-1116532095
826132838
1415208919
463156093
-1493411710
1676648871
1143499213
-576997421
188953020
1247755259
-1996283649
-2050043158
-1786887558
-1087752918
-1789368176
1867848986
-1013669741
-383128960
-1971583224
160318735
611416998
82785981
-150318541
-1128589348
246646183
-1761047985
-1603324599
-382765483
751558555
445960898
-900401842
-1709323363
311987871
-791091849
1292916667
327866621
1992473902
-4955757
357961566
1284631287
-806794078
-1188152006
-1512074370
-921777254
-282821893
-1256164867
-1788623550
-784071144
-1225285410
177044624
447350610
1080643477
2073185249
-677272640
-1144738882
-1518917311
-1349371643
-2129839453
2129255455
692195240
-1014238333
-226209264
1227907067
457755464
381164491
-1241281199
-873994899
-2134985116
1350539977
1161891351
-1030049787
-258733033
-981383831
1403759533
-1136602644
684430507
-1152404387
382331248
134959948
1854817067
-1932635107
-1712496513
330296302
409114678
973140271
-1203334994
-326880477
-772350443
-1315879768
1756384447
541157864
-934637040
-998095631
139015635
-868727996
485789436
-574538034
1734670877
-1001500939
-1257714408
868285084
-1631171879
-996873653
-1124480230
-1437896230
1823325564
585358162
1811870852
846911722
-916911059
1608514102
-1605723845
1586692375
-61773453
-629633821
-1628485031
-1820305703
647945006
1013725420
1878896705
-1034813352
-1931358005
-1810845779
643902964
-1520902098
-21796685
1973844146
-1533876830
-420642703
1237326084
-1892385190
-1331694972
1736124911
1847046018
1534935223
343469032
-1651594309
828955855
-1118186824
407766413
428578536
395165402
1390740874
1830576432
-409800044
-1020125547
-240949702
46556518
2035461160
1488147690
-1870990946
-1067831892
254101469
-354088209
-1541954955
1942382524
677221761
-328906409
-1131921971
-244370911
1041395066
2078116651
-911146588
2031734797
511359499
2100676538
1978145234
1438598762
1495945429
1486464974
1290403621
-297585106
-1031511903
-377529824
395453645
1326286835
-1631553700
1457699597
-995715078
-1654997818
1059808354
-505494648
449541571
-33556418
119372543
200962898
563960649
-1348659248
-306972367
438151785
-297782244
1829268321
-1376545102
-277502531
748817117
1969546013
1020690486
2077758249
545767459
-1123236218
-1675083023
-1364266848
-629945438
176703695
1312189531
-1452889434
1255500682
-295137685
562356791
503000578
-1410275796
1096087520
-1591658800
-1495801679
1054327267
-635320864
-1910473338
-267799011
-1949165775
-1952159079
-2054724728
-1375612273
-1727504088
-798286773
-2087415582
1058697697
-581996534
1321368859
-1100900934
167183735
-17931725
449670183
1179576277
-17580689
-1185888457
740316121
-1359760288
1432875286
-15380153
1368557952
1871874541
-1581114722
-1442072360
1309512220
-1432346949
-1631888883
-1095059835
223043704
553236282
-1790200967
-1892600012
-1259216770
-2093158195
-1008239502
1601449592
-24419386
1653273809
-1054757698
-1223906506
-692010129
1042110429
-816445877
1297093258
-550286542
-1531762357
-642168735
-1556699925
-1616789068
-331286793
1046274582
1949479308
31793690
2008467782
798414855
1639783429
134666978
-27567254
-518663868
-1317922766
2105255409
1785467875
-1661698164
-572309413
28003815
296059208
1923012281
-1259181675
329184442
-1437573306
1468974973
232446567
1916055426
514549737
537751886
-347813969
-86996079
1867150618
-1216282722
1830370246
1332760774
663205480
-207706544
-125121566
-1517775582
1974206218
2002481510
-987119684
-1234766437
-12619740
-2131895298
-1038053518
2034141232
-918289591
-1931648386
-518005843
62970685
-2010138303
1044153358
55526406
695670288
-325816053
2096949062
1779089317
-1993077061
-742413531
-1374382552
-276145109
338782507
-142820086
-114916016
-720599343
2029458297
-506971909
-607135127
1928938449
-1907510400
-1595175422
-1495357981
-34146300
91347375
1516512307
-1261567006
944744652
-2016998113
1198094644
774822009
-1013983693
-2136537881
-2129002240
2003016471
-1187622060
1356505775
-191967513
243852609
-1126252295
2081391235
-862827816
-942950271
1153863301
-1837747223
129398498
1158262686
-383343340
-2031980492
38504696
-89747700
366616800
-1115168230
-1400906508
-2109347674
242007270
771969668
1912505054
-875641190
1228002504
1309232805
-2114851475
-1995796061
1420763381
1309711181
-257653555
126854781
-1045131002
1071647103
-548331102
1388007062
-1909659541
-1655930816
2136061004
-1551495167
-817299130
-51556431
-201679764
-1053259601
-2023630442
-1873141408
508916903
1672890592
-1156854120
-588834342
-1747560791
-109616938
-1416123799
1644756868
693295981
1872795084
837052399
148142762
36854714
-46829018
1160696058
329827032
-1119669008
710845672
-457549147
893865320
-988211708
-1116576660
-1560222718
-1331736228
362059976
940820559
-1681048843
799880301
1534372719
-1432793428
1988004704
-46451356
-2116645296
-633732980
1760631936
-1403918425
1351707114
-1165760100
-798293866
-33795050
-1851342552
-1282025696
-1699636535
468505367
-2016328731
-138309080
1012342602
1909257199
1490011569
-1814361856
-1868729927
-1865153197
1940020437
-255058964
-1656879673
1860506430
969665940
575406356
-1757632997
-449942011
453682611
-921406531
-1746582151
-816705880
2032020539
501097145
-2139931103
1690266730
-1520793219
1091637793
-1981635723
-10709086
-130872489
1890378816
-1018000931
908438995
-1009210956
-977781295
1181313262
222755578
-625234088
-2084193939
-1936000055
-1599644633
-1183274275
2064653886
339821505
-1893877937
-2051740680
395759096
1332777280
350592096
-252768000
1086234122
-1299663126
278160276
1535928497
1686802448
335792898
-1877910263
162802732
-490529398
2082806541
1076422033
-719989438
1855589075
-130992716
-1971620665
80221425
63173963
469905134
456802
457322030
1172312278
341410398
597299405
-1035355932
-778450806
-1501349895
-731512074
298520892
1702311587
1022635755
-1495436442
1362294559
1073915834
1455927995
-430227823
-683400712
-2127782602
-409026900
-705822097
-1429484354
1487340290
-1599761562
-145085110
457473585
-640578432
-794131754
-1641175591
1403425123
718957757
-1032120751
786260110
1335509625
-1623859739
-596970753
9860652
70730674
146942968
-2076565386
-1594781797
-1514529112
-32164163
365335973
-61818113
-346561066
181116663
1531916275
-912458234
-35849639
931205846
-1714653017
1033517441
1431038458
1167879600
-1119495031
-27446730
1769843052
-2037276944
-1236256310
735630067
-2112573743
-1176073138
88926240
70581222
-1490505598
-1469619392
2144247605
-1292733652
1042877455
-926282321
-218374335
-1912288601
164632964
-1849180690
-1457733643
-851161324
1625419502
-491862553
1929136538
1680299099
-1844094947
1021193622
1973664890
1691579177
-1406269782
968867003
343435902
1535937467
-1673839045
-2131989557
892012312
-1685020163
-1453424379
2087874599
1215402339
265086675
1773273234
-1795991664
-697090937
-339115339
119461572
-3938599
1247804002
-1997605503
-110146791
899592157
-1004303260
-618586228
-1393973201
1276482227
1539194554
-1831254023
377775498
1711119904
1842065838
732542030
814524821
-1294728372
-832416436
-1851087549
1084516326
1775374521
-1795392695
-1879454499
-1701994554
1850828912
868623136
192057787
378306287
-410983044
-1262951298
-396971088
1854041239
-797055844
-375284768
-184277615
914374829
384623667
-1614692999
-129093553
-1129436318
812101507
645427800
215823175
491524330
-2117695206
-1065491510
1431934424
-1703584381
-1716713333
-1694672644
878427702
1753191862
555392865
998312677
140779901
-1082448164
-1136002735
-1217605022
-994328311
80886755
-1825985618
-1812786014
-45176572
762944082
1047259169
-1505652285
1385645119
1038338953
-1143855464
1465514429
-456484539
-1188620723
1563753086
400845695
803390637
1489702020
1628931885
-997703081
-1641659216
45789500
-1130805344
221894038
1100999162
1596226289
1016077677
1471286899
-1746632252
-320752113
1639963377
-382797777
1807781154
76745653
-1983660852
-1544900998
-684090983
-382193477
378635919
866668053
-353104140
484770038
1355101876
-393425993
2143782487
-2120840518
-530610738
-1569467084
1901657748
-313602401
-1953454847
1599021276
-969702979
1573271432
-959713357
790679329
-1068691463
-1083306271
-872905597
1443349116
829350811
-1519423193
-480380551
987697552
-959094160
-2130278739
925605759
-983566450
-271757224
106038428
-1788081904
63432411
22615831
-408208838
-2095200210
1006281200
-834521236
-686084497
-1052403815
-114131326
-190302365
-2084204155
559768381
-1546701086
291480039
-949319889
885449707
-822743643
596175771
1789693132
-367017396
-1648670841
149967081
1306001388
-1497336558
-1984249972
-884670118
-1547826926
1770933871
-309552792
-1203295192
-1928532293
1239182538
549328416
150061585
1353454751
1755218608
-1224356112
1453195373
-1186845898
-1762940408
-1146594705
-965994110
-1653582979
1778300554
446668784
-1138913769
531970809
-976962702
89750827
-213709754
-526945284
-1696483216
386441757
157869974
-773419482
1730060769
-2033400020
453672520
-120147154
649279556
1923457421
-121233423
-1632449566
-1257151770
2138454506
1607485768
-518164116
-201391648
-694908610
1363036481
1939418838
2066115395
985366531
1018012506
-1466640689
-1877669999
854842255
-447823052
2025910702
-366821010
1953131963
967759204
2017429431
1983134870
-93275451
1610996107
982502301
1190463505
-129035913
-410304093
338389320
-297386075
-1050836600
-458968421
-68977448
661737612
1263227969
250067494
1382512104
1987433831
1389554531
773885392
-599758058
-624640654
-695063993
-65198254
1445962179
170537720
1553845575
1830638118
-712552937
-1362430712
-1075293348
901611100
-100610233
-1607395224
1761304072
-1673827154
-1258034150
-22060087
1410116470
-1185871918
-1215900760
-383665348
-77197601
1674772239
468117093
1518620388
-1431696594
252048915
-2003399843
-1371373331
1274344422
-277455358
1132238272
-1564887364
-176900029
575425490
-1331298655
813402471
1259322527
1221976021
-1179453702
-1516369561
-1101699561
-761785705
443848179
-1910503028
1299790958
-455148823
-1967085725
-1470978768
851691056
-1664884419
-103457130
-2053605969
-17661158
288404533
1425994064
1205742358
2092083385
-1832013195
-1379049710
-499680231
-490160
-650158656
-1807161189
1246142794
330280190
350751554
1937243057
2143539080
-513911520
-876501718
175216416
1256023477
-484933132
1679389052
1449356035
411091371
113633918
-1035931100
-1969014463
-1473843089
478656174
870593101
-279496102
12561831
1463385026
1843860723
-1783002525
-1123522999
-1881466135
-709855050
-290004401
-1975242091
-1989712344
-169655055
636035439
975502148
1819651969
1978840075
603089723
151338497
1195550289
1694527244
-1069163182
1737827608
1637820153
675827315
-1346952769
1511319149
1527374017
-45689786
1660576125
845258158
774043128
755282793
1389517629
1555633612
-1778976161
-909969357
792896101
745289126
-779029561
-269965762
1475889756
83821575
655966455
-271851650
-1099202044
280000210
-1144943916
-1124210540
1793123207
-1907129988
-1491328069
1382194788
-371622826
-251259207
-1988134607
231813348
-882060945
-605417095
872184766
327497527
1821926366
-305186539
393814293
-1635487495
-1346078331
1140643013
-1779538824
1619970268
817245726
993821269
-153392806
796093555
1419972737
-634436584
-1930058683
-1073803955
1183502370
1125186076
-1724371459
-177955002
792706782
-862078305
351446246
-935122919
2144283382
-451953216
-610647902
1065382968
-259599013
-1906061191
-1541014530
-1067858721
1726285867
863863500
-219612914
-947336346
-1919610501
1503888700
