-1713461551
-930477159
1636226933
1553517438
-1308266333
1373145711
-1265885447
-536866986
-503281780
-68025190
1506633440
-885143637
1403642137
216792455
-1725471179
91269983
-145064367
1820969669
-1451408065
156230413
649339398
459189702
-971788812
-1867955600
-1323329427
1297171941
614985642
675230726
-1506843663
1750441642
-1305925100
405224176
-1530928317
163798605
535081835
863252252
-508869451
-1224615816
-95015445
-519727195
1064884936
-912520879
14614656
-1459107975
1188341251
-2023048009
2041587393
1296474172
1058351109
-1113365045
-1301509091
-1741742229
199414749
-176264527
-1548130733
-1384506940
1651879833
-888149865
-682278105
1916586213
-1022166244
-1357237259
1151712594
784469811
-474091467
-1957586666
305597625
-1789291011
-1398018068
1107108056
-1163401758
-59233824
-281169634
-1101505105
1546607779
-1705576084
-767278005
1859552495
1385283099
-1829398009
-747503442
1034377290
791975398
2034038545
-750473587
-488463466
-1320070516
-1354789048
397902546
919032531
1011432761
-1435130770
-1881096229
-1245223828
454342835
1033519401
8916877
-202753091
-2131559545
-2068301527
-1929385297
1302534101
-132204154
658802575
1230872948
-1043221892
-761302929
974499725
13687129
-679523465
781601773
-438434999
93623345
-1840602102
1642124483
13169926
-184478595
1452912317
-941957307
1362744965
-1427688703
-758122653
1252814089
648850089
-791479917
1765082967
-551062050
849341785
1096587061
-1893316088
33868797
142112169
-359923354
1172583864
110006142
-960571845
-1782262092
1610792064
1421468941
673701859
1962235542
545343895
647554013
2110794377
354189944
-703672621
-1238831396
-399718317
988331030
440575598
1544613159
-139360509
-1468959475
165367053
-786033217
-1018207331
539214766
480262142
2126856829
1878266956
-2111639275
-1181463615
-1468400061
861785221
1272665210
-2097498423
-884227468
-1943756948
1318522822
-444058493
396171173
-619895689
919175529
1127677079
-1592816236
-993115567
-1547731094
752083565
798670424
-240237568
-1817202754
1505716466
1697894618
1878629449
-603483682
1137036955
-1085919613
1637350226
780602771
-1717742167
1645568054
-903177591
-1031431405
-1110815569
1361790592
-2073500988
1809406033
-1516463279
-361422578
958320809
-1752588399
217241421
216340831
-360531120
117175098
-1012193857
513098937
1775132966
-35433745
157969568
885281121
627138324
187125216
1877383311
1892897541
-646875681
1383687772
-1956054316
1810850429
514802129
-928736598
285868961
1854473394
-812889959
-921950439
-1569203047
-1939436322
540639599
-1265904298
-198334570
1631448565
-851199109
1782410493
-1122409049
-1751797918
1394968183
-1228138127
-1039480233
326367478
-58949230
-1204299536
-1541046476
928901661
654980247
1735936225
-197813361
1670950994
931583822
1351574384
-2056432513
1489047764
-1009865950
563216988
1828661548
1457871257
-665269501
1530215183
1769475913
-1533481597
1668322702
-1630738450
955343842
221765585
-1667689110
-140971278
1483383895
-33271081
856951796
84161911
-1390988377
1311673841
-1845722595
575734100
577548274
-1183580491
620692371
-346249429
-1987929032
1729141095
750250014
-1092317695
941384294
-226407247
-278769844
-498290672
-2084376173
-1202881389
1611182673
-1970237221
1071873158
1106819224
1309814823
1996816515
-1589830533
-1600315062
-820643843
-1105051559
490691622
415379687
2140173774
2146655411
362278648
1795873619
-223599281
239128579
-280094560
798046545
-536203507
-1118190811
-307328812
-2072694035
1586836438
-1967096073
607301456
-830022340
1999301208
2117329710
-1413821410
-2075361464
663712520
-1764166041
522338328
724529732
1206355525
115663740
497672619
-2087038713
-920330052
-715589607
388782557
-1098503497
866292237
-328763250
583847312
-727995196
-790294098
1831951589
-988784889
1072199704
1280065040
1945783095
-900262999
1819809164
46377471
2079417147
783403525
-450675299
-2090869682
1283632927
811428886
937387871
-1600297550
-452047461
1593702855
-1560030543
-1109331730
-1541428926
-1018787911
580420017
-47861456
-300920550
559181378
1830212978
2008666811
-1314437521
668984505
-783629844
-2000760379
1090442211
-406549264
-562115276
1260247969
1191723466
-964119807
-334737940
352230944
-5899340
-609073843
1225563388
-489608907
-422970550
673499329
1602170497
568444631
-1953526691
-1196176037
-486291963
410512683
606387771
-1379293460
696728049
-1511018783
-2016864699
2042261023
-1355515329
1112493533
-898869314
-631796295
501403251
-388967398
1657894117
282615842
-967475509
-34482485
1707539780
1500553507
-1909433164
-1239824446
1749523786
1513469936
-607658368
403274005
1282048791
729816425
-399850922
1682749182
-214647657
990274204
858680425
-1961812989
886694610
-490497138
740717676
-363625642
-619993471
1704145466
-1081928123
-242762370
-1159917085
-1450678822
-1793492480
-2081133770
-1632136239
-1951925660
-812382458
842474132
-231921648
-569451433
-357026162
872628845
575942886
-520569674
2131925330
-1620043785
1259263471
1824909652
-1116666746
-917423440
224984112
-1353718446
513677829
1012810367
-1705694356
-1244625434
995139533
-375571432
-121506634
1721210717
-395027795
1574272932
193375815
-1224257950
1679384636
201772448
-1539336047
51382656
-1565387763
1715131908
555663507
1743267557
571950112
986025384
1580741487
-599461272
1129126042
-294980125
-1406838983
-1322913844
880462520
-366527883
-1622901487
-275511994
1160926977
1203784102
-778633101
768231996
-414933317
823544494
-1634629683
-2125038001
556903583
-442853801
-917030319
-266638181
1275859151
900404704
1276247820
2147467069
1218545671
-418763740
-5826249
-659028203
103440915
-1366717188
-1356286515
1824717772
316955520
-1417632032
-1487258019
-1432668136
-1005265258
-267549996
564561184
-1382943170
1245306757
396967553
-1740366258
-352677672
787466205
445088929
1077246636
344378328
1736844611
-238377056
-1969776791
-936367668
1889800033
-1525923200
-1299491029
420139362
402159902
-2024504324
1563613283
-1222457553
1879171343
-1365735440
519920872
-1219723349
1522275628
-1619369225
437360323
853413248
-1984299578
898352213
-1236308408
718696451
1612489656
-1728163305
-648047259
239912450
-600316452
-1816452231
-975668162
-1051105088
1455985089
1938619783
2028305144
340210493
866571162
1671378438
-1487518508
-755271239
2132488568
1867341971
1523185792
1181185403
1118537147
1096690188
923427241
-2051135282
798534854
-544864720
65093588
-413794484
463264241
-1330343039
-1308973458
1640869470
-251279421
-948315791
2131020321
-1585440254
-851101856
-822164291
2137968488
-456441393
2076537664
-622950893
-533893531
-2023065035
-1653159647
1592047354
-234520591
845444617
728117054
-2054264590
524929013
1595008065
-1694725951
694846170
2113573111
-1194744325
1888042357
-1336405871
-938808073
-1509171005
665983167
-1503172384
997764988
534081813
-460479538
319638935
-1457425175
5865760
-1429442799
1554344437
-854570220
569853901
-441909527
104059724
-1029386472
1344156670
-761442400
1881894885
-340929430
-30210022
223880344
-252090336
815720746
-2001950263
-1403283769
1668548064
-358003781
180857340
1716622946
-1571969499
-1275714155
1805371695
1606046680
647143673
2143887193
-1873871886
40092673
507726736
-919625179
-1026182236
-1957121129
763984042
-61711831
2103996290
1944657380
-1424286916
-238825862
1456658911
374651581
1834086222
-310369754
-1287588428
-1178863698
865750310
-234925433
-730652581
-896872330
-849769818
-872642852
-1551242345
1607744181
1720618738
1252672789
304550871
843847907
-780829611
-80437267
-1196353861
-235345788
1436652645
586134078
-1470419497
60137369
-24200604
-626918512
-1989430858
1630498137
-1210173463
742355442
-1655232223
-636333535
-1031231553
342056205
686196896
-1479359832
1586047756
-953921931
-117217728
544328310
1982090421
-1514222782
-47372906
-881041002
-584108287
-716670241
1900437508
-790763126
1709318012
1466363681
1704594746
1462306174
-536146659
841111962
65810431
597246400
-1390125910
2090713647
593627953
-1958527376
774154075
-1056730392
1061823242
1511018867
353628093
-644969209
-426996060
-864169043
-557041447
1552186203
789601726
-1813541522
386526101
-2105985579
-1712646464
1302853164
-598561191
-1199191461
1593544956
47201139
-1736469772
1586028252
149008182
-1947909351
1747041985
1967300772
693681766
-517071691
-188288763
-1167076112
1108507835
-135031216
-157971557
925687493
-1819472669
1188554845
1863188946
2280957
-1438754423
308849894
1664733590
-1802646623
1326689567
1451005448
896428749
978155390
183271900
1410439073
810330371
254085874
295947784
1165457479
-1274297528
-2091231994
145444983
1994259835
1051252312
490726337
1534107986
1864181533
360869116
-517476677
1425804061
385953315
762948272
2063783663
-290099212
-70567291
1948843142
1472548821
-1606697193
791872635
1532654666
-1713404496
-1342194007
-1555770134
1843802597
785372452
-937742924
-1506109157
1422098182
158394379
1659470448
-1188692563
-2103607042
2118929288
-8927036
-13843251
1441178859
574083931
-1154128627
24628131
-478926312
420830838
-1264074979
1091072783
1750953636
267505873
-2038490747
-1028694124
527491681
-734439814
-880076521
1436206228
-1890925571
-1769716753
1190248614
698461885
1748503655
-69130321
1492378895
1926562243
1725049963
-1850351346
1941331325
1530273103
-1671009
2140852297
1832350695
-1661051594
-1777950846
1026585561
-1207150115
2128734446
-1085479455
18941707
-1543854716
-211057091
1957881212
-947587632
-163702049
-1539939534
-1978820119
2046441937
529220943
1151732569
1352501177
-1876167482
-2015124132
-1525941207
-195089960
-1651975160
1314420405
1512934593
-802533063
-1245951644
824529525
219421907
1416977074
1986463025
1499214247
-2026062112
175857444
1188175268
-2131717108
-1629761115
-137182754
-14196894
1653067547
1228684500
259244354
2103460694
-464467640
1166624007
990178729
-1613404732
-897210999
869083889
-1002591612
-379200866
-2023873771
568199638
-796058173
-1966148842
-1922976402
-174741188
724971897
1430407284
980719778
-397920798
-1711830080
-321839064
1709925836
-29813263
1751163097
2065792290
-156963871
-183743375
342049688
-984452511
-807251800
824582142
365123582
1480231626
1217510922
1389492411
2147257383
92559930
826285963
472164741
-984597658
131763166
-584403944
1864210539
-1741955154
1167458753
1798404098
1540192862
-533023437
-1787438682
-1476940982
1602262564
-394562480
-116233449
-745539553
861258386
1843217835
574198462
-1629094492
1770689530
-2005576554
-1938563342
535773941
-531075871
-1366252616
265777556
-741747093
-154835467
1325139948
1061595932
462363935
-561561283
-518623896
-1618611474
-939157843
1027988626
1541393185
-545967886
432314681
577623885
-75929490
-1720791965
856246711
-1399103679
749885675
-1013496859
-156478362
1303402731
-1702538593
503689949
412887452
-1641523480
1343963745
-2090936323
540525257
40899750
-315080074
-1207865059
-131976267
-550672290
825153407
-159645615
-1847096308
-960503743
-338716783
586239543
307219740
1779531505
1653186469
-208519792
-440076324
1548897074
-1135445198
-5716975
1056798511
196126433
1194484248
572071035
-1653839254
197894436
-1061424960
-587495959
-1861381101
-1061439518
-175849856
-213769112
-1908739861
643939445
1831237187
-1870407988
311835439
1316147102
-1230613144
2134775233
-336536039
-340547399
-1365560085
-663932896
935402925
-112944079
-1823964990
-1787070333
-983861583
352523573
1567015305
-1535297509
1125350140
1125938859
-189227936
-944211264
-422072845
-2110154907
-267031277
836044873
-1173346992
1248415122
2139151996
-1727914211
-20975067
-396116618
1719215397
1512358922
895850016
-1171824803
-216285135
1123728212
-1877538544
-326373172
777708667
340492049
1276777128
980862202
142341631
-1258174797
-1207829375
-920704898
-1782992007
698184678
359129189
-125252536
-9766837
-1978206052
182654666
2001038293
951662755
-1874163099
-1053062757
737026718
-922739748
-1282230525
-702025922
1490560209
-1147021019
-1331745219
327561682
1989136195
-2085471648
-2146577165
-467892552
-1965014364
194275659
404321650
584448597
-1680015885
1271261925
1997709577
2002088981
1539714100
1389587722
-1030973732
-1763281230
1391958368
958024288
997278711
-1820122955
-610434403
-943462282
785166502
-937742020
-420891217
-1047112663
1196519171
-775940866
540455853
-2146975670
-375595313
-1927921780
-282211593
-1648833923
-564438395
-290695975
-1579131801
2069080675
383361452
937223932
-1441546298
-1156796677
59905132
-119026637
151157633
736276037
-971402140
1077694763
1775027099
-1098626264
-1715921222
-2034381954
-537037851
-592890476
-1925287053
1566593148
338164077
385665259
375348740
-1575775187
-537469133
2007608476
-122653912
1557017750
-330698206
-1502848239
1491687411
703329595
-92393410
1494004427
-566368730
-650793243
-1125583079
-1770195510
1211417029
1091696549
-718068341
232708913
-2066140185
264881944
14165153
60135210
-760258868
29137643
668470229
395705607
-525394124
1997791137
-689220481
-946593879
-839176466
373137811
1350160523
264246309
-665887570
1718798904
1702746220
-742802781
-59118301
118320550
2090329168
-780291702
-1528727223
297266264
-786037611
931911385
811195899
113634609
-109712005
-1599472681
-459271989
1486123969
291473946
682340079
486403605
-992045370
-1727968619
-1596833836
-468429742
1841863412
-1120493169
501637612
-388292439
1480291832
-1678482211
1348407530
-137633589
642186682
1631454589
1442814909
-81441281
-1562294302
1025626823
647035304
2105730427
-725746274
257539298
-252129871
-773508618
-1470060639
-854504840
-449659841
1090296442
-231131538
-1607944787
416741118
-430847362
818563797
1213752396
-1457315066
-1912338637
2026701502
-1927860413
-1792475845
-964229602
-1170321883
1985555793
1192780022
776935654
-1048702876
1633940733
