-1120773313
1676465537
-140983590
1045109565
1880255873
-1347678362
379812547
619725333
296603978
796159895
-1142506099
-245035524
1979947826
1788269774
826634659
-2104515775
-2041190796
1056355932
-1455780742
476352491
-999066416
188354618
1036685079
742877161
-870258510
604208221
1047643860
844918925
-1311179373
-1834742451
78599778
-226160837
-810720610
477609464
306793233
354938717
-1584915561
-772240701
-1687797170
209785753
1269271544
1086425057
90006381
642074182
925732956
-847476504
-1981435479
-1641571045
1799113248
2001350049
-1856374168
-1282997207
1671528775
786262047
1985405890
-831192053
-1162100578
763416594
88923972
-1247398053
156405792
349001564
-201849616
2062558055
-2033356389
-1405144092
-884204920
-838899676
-1127513197
2001670826
-494712053
-1070826654
-1260917147
444786716
1742885503
268723008
1947565999
692777383
1672290801
-495049757
293476335
-424362864
-1074577478
1781322850
-839332247
960972291
-863279101
-1656123644
206827342
1543014508
1443508618
1903145133
-128042982
341707269
553106085
-2103895148
-634587587
-1640021841
-1673223545
-376475335
592636925
1472847622
-1757490495
-538806378
27664282
622157487
743103756
-1547493996
-596576078
-1364960269
1521414469
-1876569408
1741508583
308778641
-1291276360
881206846
-1532078914
1924115407
1138187168
1053876477
218656202
1874320850
-1575472658
-1869017301
-1865124087
138771503
-2054494135
-502289173
-862059891
1904001473
1158715478
-662902203
-886931618
382024636
1576508216
-1636484514
-1686017378
1571098114
-1389684390
2029232616
1524362990
-803493708
-1285205397
-651822885
-180054512
-1753627892
32498090
1313805156
-1396313907
1933422442
611156579
-118618594
1615943961
-1604821844
702355640
-1483146881
-170577292
380672194
2076050084
971849876
885804178
-1845532544
1782183229
-572676368
-1349628867
-1854306122
-1481053640
46344673
465780346
-1268290435
-1853365838
-1289514779
467319275
168709331
1317239853
1566873948
243872371
1449270634
2084810968
-740710018
-195796193
1277262524
-682220526
-1861927282
-127798717
-42343070
1206444592
-1530492337
659141604
-2023498074
1243579006
1572795319
2128555605
1456192086
1416164996
-20812062
-889436892
-2104149541
-1228109431
98623561
-544133578
265634953
1216926812
-1731854541
1037833520
-1619111625
-305682095
605055851
1139609880
-479111918
-1445577590
-1474827726
-1061072836
1169050542
864095351
1218838135
1720360530
-1266897827
1025986207
-1381806011
-1234786080
1796563140
1091691679
2079299452
-417618467
-2065887062
1356209523
2126577091
430325912
-86583533
1414317812
239283132
884928729
1961145485
1177179041
1459451258
-1438965691
-873704759
1238177953
-1844782545
-2003779066
-1135874708
732096520
665176873
-972472149
-1300990937
-1143501991
1999957503
77260364
-1153746427
-32382389
1764052487
-483515663
-137968125
-383931952
-2102284022
-1383705293
-685795099
851193682
1769866042
626784547
782695495
-1229556673
1206455908
-1615830677
-733794575
-2131786297
1919283297
-1757323597
-365854097
2027818212
-581827374
-1836746426
-1033617951
2109758106
684930571
654287092
1465604623
1313764480
1083566415
2000910137
1606707904
-2132679298
922810942
-1561225314
438257995
-1035774249
1105820043
-1031437729
191517806
1976186217
-1456004367
-1706750643
414341470
427484979
1501937255
-1170505995
-57705954
-1332456168
1692328081
858306562
274310420
650497250
2104147578
-202436897
2054451672
-1705869432
-928118656
-1097809504
-390367409
-1007149133
-388628337
158868002
1024814840
214066302
-739033199
265543792
-1144669819
340620413
-904471003
1820530536
-193390419
-2120909567
709686414
1688403870
1904456256
-2054030951
-156588563
730492031
831762555
-843092006
-397071694
-132286535
-1602415715
497197923
415927888
1831206618
-1862760263
-42170853
-2062805968
839112503
477649358
35023036
1154840551
1624366094
349424404
167915413
-351568726
-1052034322
1052408216
1344442251
-2009104383
1720623703
283545354
-1911842976
-1949498438
-678218084
2082332373
1259079991
-823041248
956133648
-394313616
1387546711
1854744428
692079969
1318763252
-1615339729
1866575740
-136746690
598234605
-1974279783
596975298
1279064640
-786783372
-64180382
-940456066
183549446
235362173
-750396662
334857263
-1918678878
-1380876180
-2112407353
-1629965242
-134261453
656815342
-1461429809
-587476963
1557200082
664128262
-1415317545
1512425510
1879898033
690023526
-1123740458
1173136231
-123188095
460463104
306172686
-1050341083
187765268
1341227227
-791852724
-439557665
570369860
-907408854
655480685
-1364223106
1675494674
-657178471
129613604
-1102865207
880742161
560748778
1430258939
-72252386
-2062154235
1719557056
1544805783
-404828834
762806470
95188667
911289151
24107817
-383021206
337693380
-800796769
-347807925
-698028894
-1000518743
2034095560
888690293
-1729142428
-2039380757
884521082
-1977808081
2133737162
-2147002410
-587052891
-966470643
1433276985
926222034
-565970899
-1984397024
1918564293
-619437575
667127021
-1428378449
413085396
-1929238295
1966899199
-2000264409
-1815882495
-1771506214
1406766393
629003855
-1549276350
238700018
431568633
144478143
1753221452
673903319
1146110501
-1235757422
1133732661
594522502
1974038125
-1713423270
487654747
-2004456861
850521811
1373799764
1872915076
1790213776
-105486740
-1953407012
-49360826
-1819046271
-1339265689
-426074334
1721036201
-1836345904
1847648846
-1831342818
903278602
1756524621
-2073850996
-2119292991
2056184385
276175961
890031406
-1594237588
-1409293818
553143923
-326994195
-689791835
1299892112
-866702829
401403500
-2073621752
563291006
260584374
-1117898307
-1960904838
-636766470
120049722
1040231977
13622181
-380646885
2146493803
-1279572176
1682145439
-943651701
1488285661
-166336050
-1047020820
-378033047
-1880481285
-838330369
1815703974
848129904
-1654366112
1375787141
-382966534
-1092019624
1393241957
-484518168
677668822
-1056710020
305194490
779878334
118227168
1736910268
-397100615
-908059348
1105176233
-1641298780
-1435994056
643970988
-310113502
-114132275
-1968701026
1303953168
1580280398
-1369515645
-539666312
477413318
930287673
-1865103192
-293250355
-597383076
1935444520
550678999
-615090065
2065654598
1301755665
-750732852
1890318995
1367394527
-1786795187
1370467330
-652365661
99397037
1647549323
266894493
-1300949421
-2067918615
392381191
-891845494
420366066
479997757
689338620
1403837412
1107579394
1204256207
-626448041
331183769
-2131376886
-1676881539
155853996
-2142836915
-710443351
1361917546
-679314579
-353244035
1402543854
493697977
620419161
-888263705
1929357543
702986136
924290609
1984151593
80750967
811878272
-614773583
-602047320
-1815251092
-1824649030
-687099714
-258405453
1076453585
1361282340
1469195227
622349031
-75835009
53882933
-1345929503
1591839188
-1395654918
-946483139
1459233775
-317550880
2042365305
-977387535
1651409822
-540768661
-693214650
1360786471
-1874902663
-44220364
1205978952
155455965
649718700
1005346554
-368655395
1921605759
203586042
-784769434
129441517
-1653105560
1812465652
1997640487
-1677967812
-1806504535
1341029991
-1464628898
-1409011970
1934722826
-1000021995
1143432509
-1345969232
-1759399603
1894198696
-450221590
-1139770587
-38877511
459674851
1766591144
92775646
1664869078
121495322
-1539298760
1958639263
1779649140
-838249756
1381919869
84264766
292933618
2119466254
-1539424674
1125802685
1231402940
-201419566
1264285679
-2085246053
-1331896043
1868132168
455392467
-176784026
-1464453354
235419163
501546715
-86170476
1452191221
-1970907776
1341130482
-915505261
-899526518
1482347876
395585597
-4219617
544088591
311136740
1943110014
778857426
-1473783769
858195714
-788959047
1964068609
27832609
351445908
1868504345
-1383551803
653847165
1857476479
1735146259
-634730154
-977429586
1501647141
368799435
-388004960
1839397153
-876012005
1040969911
1907803919
1962492797
2045223711
2012764290
230016685
530245420
-1407934648
-996888014
-1227598481
1620480026
-1304252801
-633978484
1711730635
1434465724
-1038287059
887723958
-1125692786
1995989844
-1036112074
809623326
-279545109
220807282
-1966898139
-1300856422
-1550775338
619519421
-1512115545
-734884655
-35744622
1934264819
2117970237
-1194624808
1032561801
-181521618
71307821
-1647626977
-59369381
-653584280
828080313
1360240526
1717644344
1401802560
-238223981
1755302378
1254612850
1612177917
323479183
407482749
1211727181
1434749395
180508058
-1891545866
347430681
1745373541
254575338
-1169419123
3685251
772877195
-100690314
-541955990
-1090611417
-1876579756
476290216
674396487
-1524290968
-14908850
930320977
329684819
780750979
-1326975484
-1289634851
2055670617
-1319578654
248726983
682474439
-447881695
-1058952274
-2001117263
784407630
574960150
908557991
61344742
-715243415
1873744681
1171128119
-137160419
1645801463
-977280780
205812931
-1376826018
281998138
-1479362783
-1425013180
-1891295475
92959110
-388925428
1775737366
306674214
1352599349
1648385446
1420648207
-411363895
833472221
1240937629
-465612077
-599843335
1749785028
-2037340743
1297701223
-1429195360
-859262060
-1338363511
-390546941
485168342
139398474
-921320898
-1814424277
-2130426014
-1401349260
-1073219626
610805760
1029623680
786510747
-2133028228
-880611117
279163108
809325821
1331470126
695994618
1496885246
-1348319105
-158840160
2132690919
464818560
1153715169
-1679786401
-597425291
-910932452
-1766147021
-691360711
-153058939
1429925522
321876871
-1210356772
-648646967
-2047536151
1933168103
1232785085
1530818271
-312086532
447777161
2099220027
262019489
561693239
-2084768192
-1936951293
2143353275
-92787550
372058166
1464712373
1164599421
-1645093601
1470767576
-664140601
976233201
-725809425
-623761136
1091923882
337351728
-103649158
-1232684103
-1049435862
-1683009295
874322255
1338038095
1649557786
843427938
1635695720
-2043312154
1084264751
-1163596230
1579397811
-1170214307
-685179604
-1914478065
752089549
-131772973
194267455
-41461788
-75013360
-585465768
1250312875
-831300091
1600073423
2092585703
-359721306
-1500137
1015519199
-719949676
950055811
1408894826
900207450
-612588287
1226217492
1012828306
-877573985
799870486
-530533047
-1390320075
1715733916
1440036080
1414022684
-1625913051
-1361267889
1953448474
617595313
-873370192
564334217
-379338502
-1742910536
104912439
-1636423436
1019192973
-504281323
-170224899
-2016872872
-1640525994
857796291
2124116800
-1956386279
13396115
-2102978315
-1995656307
1063545091
1282734258
1717274749
-1144947376
68883274
-202179838
-142380943
911494058
368454347
1815200429
2104757771
-451589753
-373974632
-1510500122
-2002092847
1006107886
351952051
1368541790
-917886731
1365234587
1847285528
-1581606917
1596294142
-2091883318
1145426176
-1368293685
-1383407705
880770133
-1534056604
-313160906
206148358
1075069697
1711894463
1377676147
-1878929936
-1816127469
104403992
583677245
-938230117
-711790550
1429056319
-420212027
-827789947
246828360
745181526
-743617814
-1717767275
1398219825
1391985811
-588949337
-1078399361
733496056
-1429091773
225904076
520574828
-806613802
2100076561
-953369360
624697305
-531783875
1674247559
526616229
881277118
1170125868
-635573803
851715565
1810229235
-13576764
-378082863
906823661
1281986511
1532344091
-463713729
1650391776
-2093953774
247187024
2120305233
-64364467
-465957116
-1386656800
1140320880
1811271292
453316061
-874927306
281699132
857232678
627753831
-970614648
1871087826
-349382293
-1721120287
1188583392
468033100
555891976
1780434215
-337553032
1130323341
-618707768
688044559
414369611
-1298188483
-962432453
285046804
1397938152
968822546
827933861
-681805511
-1464927608
398129233
108401977
-987374553
317534307
-758794604
-2096430458
-666280808
-613865666
794691277
1365483313
565538296
1724901704
-410979190
1421760484
-1445929911
-844745178
-967458950
-278805370
1651709766
1941100876
393483567
-1273407316
41126859
1854378382
598582053
-1259854002
-1517637773
-1141350922
1011893506
1652010429
700818050
-436583465
-1721347297
-843851308
477596677
-413146590
-741419706
644136814
-1717431240
-1250204169
-782262851
1235857687
1820369191
1393734783
-1679847293
-784289787
-1938277993
1787551224
1674025689
1136682825
1768436261
486878737
832380675
630859329
1802897584
-1955762825
-593438641
-836989360
1194398196
48638127
1605991254
302442449
-443490954
537071654
-1238264191
1237865032
1511748519
2048312710
-313231665
-1551547430
-693185980
-638670262
-160557868
1940982782
2117815035
-614169708
711872004
-1448063627
208840787
1749419837
229633585
1003791223
1246379212
1518315053
728255825
1179706926
1684815941
-193386515
1296860549
1858650727
1133977502
-966268038
-1589279402
-1995073402
-1246780771
524542299
-857963967
1426446011
1664420885
-1119251723
-2137157771
-948223374
1981061188
365218590
-582591270
-1365252848
1590427005
327463919
896754261
-1741647909
295752454
-2146206242
954071882
-581489863
1370292803
-1428626421
-161335710
947799324
2027857427
468722137
-131375731
-1574268228
-1794376583
-605082176
-439190966
-1451337337
-2128458114
-815379103
-215328219
-1898581163
-796855722
-507750694
338220929
36430304
1342163905
-528665765
-1625986409
786834803
-1909264716
1802860281
572606142
1251330784
829638712
-934338111
-1458731028
-145955658
-397512304
-1760502256
919090300
-1279368269
-427945567
-920498143
-2043603151
1050575479
933851278
462244583
952350074
653375611
-1338367582
140312093
-235674121
-614242240
95872883
1467576730
-1092695237
-157500213
430323267
1852760553
-607504685
-1993905585
-433325911
1299567129
-133646201
-235977172
-928220560
-133568816
-1787240993
-533665256
1190698430
1437261478
-549820952
1003673243
1831190136
1967406000
731671864
2131347648
-1217009691
1886220889
1811142190
218117897
987447441
-327306887
-1304858242
4467107
-1578381197
-1282697313
339978988
-130162214
969475409
-131962447
-144196009
2049246414
-187655837
1090231991
-511002376
1594965351
505593910
2141508851
2120927979
-1860269691
-1016873517
-1830321100
-1922192145
-2073254276
1205685280
491323755
-574022039
-1723576129
2005299845
-1370577026
-1733902418
304368346
-4279342
1536899420
-1691038591
-568107099
-923552161
-88616624
296319706
-181152842
104254068
-1230245478
1750532585
-341313001
1345975019
313363003
-850752167
740220984
243422227
-160757744
869310681
-1644477146
907554008
-570506974
668839895
-2114564099
-824525280
146559548
-637407858
-779961957
841008247
-1409433155
24877379
936140182
-457938963
-81822802
1634421450
-949262737
-977025474
-784893162
-1939733681
1302432007
-364020940
352662669
-1766259118
-1234500783
1663224649
-2124605938
-1331708173
1930711624
-1055959921
1563144209
-1932774033
-1969171677
-112170540
995744729
1014946026
-1487027257
1115978752
94139146
-44916370
-1967106435
836580802
584019070
-715207117
929352933
1071983979
1394963032
-960510944
1945095721
-2049683175
259147096
-1594830703
401763444
-159616745
-1771601552
-860302246
-1593537115
847875204
-268396649
-351790324
-1856984256
-446184398
-1244393250
1346757238
-49865308
14358479
1540189888
-1603250578
-790731133
1064522058
-1724629827
1834616017
-735498611
-1010253201
-753260759
1400638919
1013049966
169130196
-2137838784
-880503733
295131899
1837288440
1001927806
-1556270358
1378114727
1489398184
-240796883
-1210222390
466663995
-1672330076
-1666369473
1251586797
2015360709
-96106109
1879671389
-830569033
1282294481
-1963131437
-120362945
-793896275
1540034774
1534356867
-1510663106
303818367
-209453837
1653017221
1840268583
-802141368
1800010715
1508090543
-63715247
-796026093
-234486516
91475938
1761321200
264519329
-2146325434
1044612717
-511289172
-77855640
970677819
-1897355853
-594479763
829742047
172307586
490761994
717451384
-1415479048
-309816111
-363657498
-708506945
-1815946258
-346550421
1804297270
105976436
1624447296
1822175447
443830797
-1034293794
452705788
-1245758766
-1475254395
-154042512
708983872
1430714501
16062943
-91539689
-37041155
918233594
-1650242321
706569427
1399426046
1724515020
-1176369738
-588472183
1547054888
109336606
-477093040
1256545046
1532410371
1000643022
-390839792
-434836313
1551504504
1516577513
-218878743
-1667976121
-138185764
95153504
-1496874737
-1286660935
-982261459
2072630524
1555982301
-900752761
-1532010598
-780757617
492800761
-859048102
-1836091576
345110635
1789830837
1395031692
-913495981
1506141464
933191352
1762516731
-915895790
-13874880
-1144112931
-421997024
-850093409
517409774
1125376602
411629663
-309198187
1514635255
992289572
1472277152
-1962159845
1220938167
-944495726
1840357661
-885689311
2023877632
632154176
-3901571
2023321833
-680759216
1517889589
1123235362
-176381751
-1497244095
-1295392440
-1755391810
2045900334
-983173563
-1343271233
893987372
1106709988
-559881327
1488463416
-2027452035
-890105709
254073177
-1100792116
1198812240
-1100109684
1049874238
-1798240656
-1385811354
-1569189947
37753092
1368156575
1728519796
450263586
-2143709816
-1786244811
1788053563
831414262
-731557648
198646430
-1178559531
1163553992
-1149569500
578203183
-1998636462
1773737561
1150868348
1940920275
787730307
43982821
2028271289
-1527691799
1008021781
-2051502679
-189979591
1433653869
-839787808
-1597584219
1978150246
1105787477
142351489
-1470950749
1008484975
1961043773
-1615655899
2144877175
-2067342533
-1944326331
-662220120
83337351
1890399129
1128247098
-549968674
243319693
-1589913925
1943413491
-361365969
-297030245
76475876
292659197
1365110888
107112799
-1440463264
-1077619078
-2009490224
-688519256
1691566773
-2540475
1109207674
660601128
800467735
-2002876838
-1388458535
-919027589
913543456
-1079126923
-1435454055
1838760039
1829616320
-408849672
-689213268
439102053
1799964785
336353041
1868308898
-1039576736
-753169745
1177205019
1040257853
632087740
-1415300441
-485002939
2144109124
1912133529
-2109896146
-2098726287
-1608863593
-1337001896
-1133986060
-1848950946
-733112957
1303805021
-1358115591
1868928520
-1845313705
619185174
-589323201
1466338638
-120767945
726096700
908731840
-17076011
212242479
1132624217
-1834880094
797681452
-706267509
-1375631735
-1844211544
-564507088
-2016936859
-3413884
-45448469
343587250
-462205314
-1606247461
-45322806
289126486
2126931025
1028676993
-1764272353
889701053
-749753755
-525047668
-899511373
-1577682714
-1390871070
-803943363
954521331
-332525103
-324956825
-523133379
-493223453
1694081381
-1454083302
-1469936343
1512885586
1516460179
889609215
-157509808
-347481266
1349526458
-959065971
1490414011
-1158464550
-1559475380
1416557182
1337600877
-919367458
-292619598
1332528102
906082539
575339870
-88813203
-710980729
677549054
408900590
-11541891
933177955
658115510
1633433701
-454179323
780957329
81420466
-1236850480
1956290863
1767894868
-531109473
-1927896663
988956749
1360191081
275086333
-1420111543
-1843470528
-1571603809
-1534583511
1106874010
-696869859
952033197
1894137751
-1742305520
543199245
-1409683649
-495513506
-790898727
105028212
128036690
1385863417
1235650130
1354295892
1700690369
-227821237
1725795261
1148826099
-915631842
-1414971933
1066494001
642642108
-1357058363
-14444927
-1645383471
11695970
-515088850
997257433
-1096594112
-163411381
-874481277
-1434338410
1720473684
-1304443349
2084526962
365680033
-2144086007
-677303570
816847427
1331883426
-424132425
-783453990
517955628
515429830
799078279
-1446835212
296006884
-634859581
-1121368029
-944602717
-1965405067
924652824
-1386708564
-1372195693
820146006
298721177
323645169
1687882460
-980234312
2140108330
2123013596
-1855810974
-1762697184
-745143862
194521647
-529823874
-22839499
39857875
-405864592
594895325
-457077541
866672255
1699661346
142592936
1916681343
1246653614
-263786443
-246667547
-518113100
-1389539867
-1584228162
-1129872100
681700351
-409073255
-234476822
1667888445
-1138457874
-1933994834
-1854143440
-2105390144
-1591706770
-1451274182
1808565701
120834318
1159550302
-2011287411
-139376299
-1793244641
208615519
1576718453
2136632559
754429795
-135617811
116192445
-747099584
-2123086362
-1220839757
1054032887
-420860669
327188142
1487926810
-146524549
-26649416
314093671
-1422031070
-837844305
865602963
1882726210
-1920053387
716409223
19909815
192915225
1514405305
-920746161
-708625501
1092248534
-2020781019
525044904
1727901420
-348521451
1542539350
96961487
-944667604
2080010760
1426836579
-919943643
1654743866
-912810341
-467299026
-2141714965
-1308631397
1557969624
1766945277
1763283020
1264854839
599301003
-1655764664
-1631442016
145344335
-882408663
-1105457452
-1123609106
1394383022
1364045293
-15055104
-1331894349
-290362850
-1918108605
-1253971106
-545693983
-635500515
973758314
255673477
3692074
-1515021104
-993399724
-1983673052
-79532931
-252339400
-838158128
-1219071398
1563959504
-303388253
2117068522
-253311675
-1861458400
-351649948
-1240563055
-2145766951
-446303307
41871813
-92662406
1161105138
1821300138
1621912636
-1431562940
-1891066965
-189922900
-854839331
-1456369699
913784304
-1887505407
-1575176688
-472073693
992319057
-1854433076
-2100755837
-1091681074
-2096595687
1217201551
1753755745
478452620
1668103327
1590413040
482649796
-1180863891
-1340433189
1694549695
-2061655961
-1210563199
83792955
435949111
67959455
485404350
264614327
-339285885
1772519307
-1329482201
716608546
-306501244
-641392758
791248939
-1526922557
419536081
-1454518803
497483338
1932884772
1893327103
2054616301
-2064808450
-1631369175
1634612001
-75582241
1026847192
-527927709
-82186606
992567973
-1197526808
892877222
489800945
-570099353
856451170
-1947101224
382268012
-435850365
-1065153667
-1403425524
434041409
-1361494335
-713126498
625482958
974485378
731135947
-188116299
563119296
-1144607208
-113043237
799588839
-626326427
-1622145015
350201782
-49439123
-1838633412
-2031740163
-1120211240
-1516008773
1652553232
126505469
-2113937936
-1962452508
1006989454
-536643714
-1422545522
-90434756
1727559703
1866881950
-404766182
-25834434
204786391
-1765008724
-1446753784
-755123024
2140632598
1093126126
1329728329
-863964923
1580638926
1376092317
2108756996
-1358086399
980490108
1591290676
240206469
-887725917
-1500282053
1193502441
411359349
-996714178
1948182029
1821863803
-716927669
1325566184
43821692
-1093338834
-459418622
-1869278696
1654801505
672483603
1843611660
1640527242
-647010045
-933556851
1631745413
1944553574
1152332899
933804815
-51285844
846866592
-577384491
632910122
-2074480498
814568353
-1676055086
-889934906
-1412505341
1259569959
-945901812
-350927697
-1565220898
-1493994391
928892099
-1702852269
1607686495
35241342
323413079
-2083362615
319698924
-985410306
327278621
1341128213
-1942922496
377581545
-502400651
-800982358
1530120547
886266311
1287929883
617395503
980013723
1646078737
-414182722
-688660346
2046268322
-200179249
-371813170
-1844170999
479892184
353804417
-348181094
352151062
-874731717
-1248094397
1251763353
1056679373
-600727852
-80454869
55947015
-792270568
463755380
-1890226187
1755841203
-107216405
-556841824
-504494110
404505111
-214788660
-1423474231
1051311580
-454044248
1752686229
1784743872
1418808798
-1319303569
-751946888
1680184936
156495762
326495705
1343069764
1757371308
-1980156101
1260261066
268566758
-336362317
206938324
-757339145
-1142452431
173551186
-1919276679
-1493356684
250519777
137652418
-1661363450
52246412
383524829
783303314
1675914749
-1496900400
-252963141
-1643770146
973497773
-605452942
1114645385
-926590271
675236495
1046731219
-576990518
-1739897337
1837262578
945401433
160245439
1822110503
-383866405
-193825146
1354747623
754844271
-374631386
720950598
-553790521
-763540351
1425363952
976100999
-1345799443
1286819837
503624248
-765731314
-1268619470
1673496191
554022595
-1669957752
-850577088
-2101668661
2073699905
1942041567
-628149164
-737703353
1901280941
1897222095
679226179
797287337
-1579133447
1450368952
1216821697
1634272496
1865826025
748395701
-1495527967
-768008553
-1211262914
-1209733396
1518650839
-1797344760
-1437308393
-26228441
1055483397
161524047
1192342932
1976183204
381823796
1139422735
-704652612
-1444457432
-1973011167
266300344
160233632
-1197926055
1240761660
593807610
-213996608
-729432243
2137828779
-1215208332
996724396
-29663394
1504349332
1925886128
-33742610
716885311
-1617526884
1547963219
779352103
1642158932
2130803626
646679440
-1037279369
-843444163
-993274641
-881802274
228870434
-483122765
945947434
2133420778
-1815103889
1984284823
1401611816
-429711411
-102762029
-1134575032
624381578
707837313
1127905103
-1719200972
45797066
-1598754415
-344946922
-1951408463
718411903
-514651632
-855613838
-1504876531
-1722062368
172633803
230761191
850956515
-1242968186
-80840255
-212169832
575629488
-89899403
1190568659
-1656048407
-767188571
678283868
-2004077897
620956261
138870462
-1721467876
-1321766606
-1446024478
931794706
127437958
1746895494
-741807389
1224919661
-206174360
-391485400
-2125997764
1682563867
1249319626
839899317
-1554060804
-1161371386
139826805
942482215
-232543354
-1728554493
1029070772
-69758653
-1490638335
328653672
-818815650
-1831994027
96462065
1829001441
-892821485
-1136554209
1006271270
-1002228605
-1627141436
1643697166
1312075988
248329249
-1623916679
-2037406033
-382225405
-1420560418
302109774
-2104911520
1692189481
-1174813181
-2010966850
-351020982
445356564
-1607811054
1811960611
430880398
-1053275891
-802433765
-1531670915
-1966712130
1917114938
-940178099
-1131351951
1573207694
-1576179388
-985019697
2029971349
1386378699
-366243527
2135931856
-135061014
177795211
1558729906
1037613532
-1170789463
-489411419
-148773832
1688289905
166180418
-72218013
173860579
1394652370
-1243493471
1560328310
1779378499
-1197039334
1975087538
1385884457
799790724
-300583789
-1971813849
875811545
-690511924
-609544376
1863105144
-1572371036
-1196591641
-1891807528
70797355
-1606692768
-530400986
660142733
2001229141
-737631537
1327760259
-1492091732
-720807584
92179216
-420351735
-969480946
1940468237
-575343529
-556299662
-678776593
179521724
-107930400
1011496465
1932276741
-531413013
-336464096
-534949134
350813908
449783036
-1944294850
795992639
1017566784
1022460474
1455859137
-726867227
-1597108125
-1742099171
584613001
-133872778
-2143524192
263634125
-1847461117
1021611600
1212591352
-1450732316
-2035766121
-949767169
1424010907
-472788872
1295991909
769628127
577277890
-1510090409
-1222468303
204948230
-2096415557
2024189844
638731419
-1694506656
1250266693
-816831166
-1190525549
1125707034
-77161699
-279014785
-1692064245
1473064004
-1238561064
-16300620
-611628051
-2058132303
1977784819
614544410
1930575182
-783554015
1417006888
1060220543
-549523484
1694919329
-2075917822
-1937170871
1711512501
-2144494286
424278707
-1275064645
20956433
-1943226711
-326397147
-685439370
-1478331966
528271573
1957663054
-273681085
735968641
38170598
-1865526584
1545091599
-484425302
-978947572
-79225440
-965311178
1975059507
-223726242
-2091308435
-869524732
1334043098
402862077
-1300579420
-60999049
-1488312419
1270789753
658101803
-270226358
-744206481
-213791630
-2011730133
-1287471570
-1238756312
-1784751230
1720132394
1248472666
-1963241284
223704154
-95761832
1399966534
77274799
-320176598
419593768
1348062130
-1648760888
1204385862
-633412574
-981458196
-1155375356
616935942
-1360211465
-2108730029
315135181
-1550017299
1624153813
946311446
-1053189525
-1320641268
354989564
591007553
664627387
168164264
-2113126767
1527447802
-1318846947
568451098
-1862013774
1926139143
-992876622
1740993270
-1986768950
-459693678
-1540380217
-1586655377
54669861
1286053424
-643646581
-354310406
-1897472570
-2088625633
-722597368
671267632
-1690084744
-857191729
-1010616752
-1930063368
1044445474
-823669085
-231931146
-927365148
-2074165153
594599928
1814996160
1987028187
-944730546
-1563675547
1664805530
-873736455
-2133982299
251202628
1826713804
828667826
-2091086836
1667118705
-348171409
347242301
-1228859480
-1851716527
1722029085
349637167
-12887563
2206230
-642603289
-1499392667
762683864
1355540288
-1454253429
-879193049
-1213096204
870372198
1732153318
-16628599
-1720997828
-1168852171
1950708903
1545725460
-1311549496
1788475833
-179227323
1528215206
538021868
2037455323
1607817778
-1593288298
-1958658681
-354743254
-1511177136
-216494821
-1400804456
-36539171
-200672092
-1276096019
1490844694
1547523608
679529289
-1476040404
1210685951
-673670546
200788390
1730104449
-624248655
-1997323353
-1479744541
-1603206013
-1418021767
1961312706
1751580056
-1945140901
562325609
1150957117
2083007943
-689808983
-470495890
1462806419
-1078770164
1873220521
-1125681503
-1228773115
-1532618478
-1434624879
2116943581
1015495325
-1408420791
-1493904834
-209175663
-471931537
283967701
419119886
464275670
-938977247
344424393
26511375
1304085187
865044398
1959073172
1731419480
-1112752128
716314726
278534331
958192823
-183606887
-545844424
-1247143992
-1548321140
1462897684
-147444941
-788198783
-1086798604
104177093
-1441835190
32105053
-1656818391
1777612383
-979647401
-868405709
-565279961
-124492850
-114465950
1209648436
-1661529197
-1962162108
-1954375646
1204595995
987117528
-1410429550
1948765123
351055778
1926776979
-1385023048
-1776752663
1532056375
-1514012112
-2114930497
-1848574476
-726390032
681887701
-105795643
-485056891
-1258114629
446279806
646802776
381134145
353772761
-29506968
-883029241
776961236
-1159065204
-1238630221
1332253750
1616846649
-1430156786
676867906
640763442
1773033015
523646405
1828155621
-942981756
2120351790
-1909739339
684860346
-1780145014
2108382483
-1588269514
1252827087
-1814448318
-2035243080
-643788058
2116729868
-182177687
546275152
-2135131680
241974608
-754584636
1180558642
-1842357971
-706833447
153881020
1259786973
428783994
161647336
1324892208
1823190076
-868174581
-475345244
955974791
1363415594
1048588783
1101163582
1365789443
-1840654025
1272351605
2113450069
-400353443
-294180692
648863454
-161347684
1889565325
184092108
-137334957
-1510750790
647764456
-1541877924
826594585
-621087119
2141557616
1141075301
1454205954
-1341350655
2016367463
-1569900232
1413133606
2127562190
-1271091419
-1908547149
-761290797
-672526784
1867929899
325046209
-966922815
-1602582806
1648984695
-1769812186
-1309137270
688591854
-1196999399
123338620
1485491800
1709256606
1631515653
2077839736
-2009738273
-879021209
-47707093
1953961073
-52794994
-1088779542
1302069956
1723488291
1665187328
1933276523
-1289511697
-1331222865
771508152
-1946355346
1571748988
-1054483738
530356237
-473829729
-1906725370
-1886185786
1143204195
1987985906
1847133254
-1283842492
496753819
1043453962
-1046195034
-715941301
1211374028
-700141090
1070328084
1446971396
148752434
242104218
-1385383143
-11708328
-2129522330
1544277442
-1636021207
492274610
-2103368753
-529983331
-410439876
2093225481
-901093288
-1245802032
1271011229
1565194013
1186324323
2043761736
-1033993983
1358361344
-1099835140
-697744803
409027802
1872283351
-770212783
-1283397068
-1705070355
-1059605023
-487861662
258264164
-1972047070
-414717256
-1451603980
1412294875
977202842
514795735
1308678858
-1302481406
-864629242
2065994332
492135959
1008723487
-1753290954
-29325811
-1284586962
-2045206789
1717355504
-950150752
-801920133
-1477703740
35349507
473822262
1591518390
-233418444
1866927258
-864711384
1398098004
1316592625
-1551484715
203428614
1725742401
1736007991
2071494549
498335452
-454278452
-1529790029
-767720809
1337104311
1315309539
936337074
-2020394300
93448807
-1166163585
-1602707077
1352414662
-739772027
1575990369
-1130392328
-2024564514
-2100663881
1228023294
-413354597
113114356
-289001934
949512375
1826708350
188970991
-452527744
-1390545076
2056037068
680552262
-495028605
-1794944110
1069282911
-1507864617
-61370951
-1479697308
-1891163990
40593143
-1711129920
-1932194089
-2043541799
1474992329
1122547229
-1382160719
2015130166
-674553901
-878250184
-1459989990
932875214
1239613902
615109290
548105363
908521044
1493501373
-290768709
-1407027928
-2029424060
-1814169792
-1932175322
660780001
-2003036085
907168553
2024712478
538428029
2047456741
-1732708017
764224661
-2080691102
389564488
1036623778
-1469109317
-706766386
592122240
-991870337
-1979915324
1902574163
-1572412454
1243758149
-1151530514
-607362431
371539846
522796584
-1481342014
-780037916
-112646537
-212186044
-875024487
-404009424
-1575826802
694570741
1881979233
-410575685
-679642634
-1524988059
-1104644191
-663229654
1736797649
59827558
933729465
1897840239
-1412866284
972113025
-1836906386
-1220573454
-508164690
-1587485106
-1830869594
797021454
-1077418513
-1296122363
716095599
-1608621890
-1823338457
664822101
-1590415291
-645359465
671004301
-118705548
303674004
100707321
-1641497245
867080054
894366075
-22330239
1702603094
-611626270
527545042
353460929
-1338404822
-454209150
-765201554
-1707535821
-1487081578
-1599241861
-686689629
1543563370
1522962028
-49117540
1217327625
-178797687
688245757
-1784782854
1305980291
2039315449
441188794
1368937148
-688533635
-40862378
1073863454
30027314
-332405388
1186429609
-1870673973
365247788
514169019
1693823452
1255730163
-1049331575
-646959237
-649366934
-1279642887
973524750
-581199366
-1205085355
-665491369
-1768581512
130846752
-978582435
23755457
983071187
1538032439
366937710
218058123
-277251828
-780376078
973444953
326679623
1018219973
-1237607248
1517235399
-2100448078
2079967592
-673157119
-397026711
1387760335
1185874046
-1376515224
1641897844
-1655641260
1802327873
1572587106
938547020
-490270651
-1258110097
2004231591
2034483583
-1831396385
-1767450784
-1512961361
-496020236
1309392310
-892835238
371906423
945967715
961381921
714928676
-142833020
-215266809
-358970411
1649631705
732895016
-1022719854
-69187633
-1584029187
-888635901
465379169
1799146359
1327560149
-930518580
-512508943
1016771842
-101785102
1206932561
1931149968
-1846704617
-135436273
-1218742340
1975672919
-880131915
585018396
-1354625001
4819031
-2089652653
216356506
-268324591
-1806954479
187037000
-2000402391
-2067483647
-456794325
-839753619
53310046
1548943915
-345872799
-805536512
-2082149926
1236188994
-1777086023
-827624757
742032791
-596469714
917416442
132823684
766353285
1677703695
1494849886
-987064713
-726414763
-2065320576
828917638
-1151536798
-908816237
1573835295
489914541
-1935226977
-740716294
1692374605
-638575584
157056648
-2114745341
2131762
-399944211
-1503539690
1504327359
-1082825469
-526741542
1433149643
-1418336538
-317364345
1064283545
-97481263
-1757451218
-2035532074
-894271431
-59453085
821275361
1166269540
1583281374
1955391340
303942569
328419389
-1442907468
-1941623699
22287534
-1773205871
-1807068128
1943218339
275824610
-1965305485
1213581112
-1486526104
-1739496805
-1039357219
-660577931
-930280231
-1855145375
430017271
1308934823
1967252408
-851971319
-607375720
2122294056
-420721260
-1303266814
978635276
958138708
-1125240025
368751342
-267344873
-194452936
-908672258
902308212
2113461562
-220008056
-1895639969
1442241620
-1991252172
-1476834090
-232385434
546430395
-366448437
1879168513
-1319673487
553714903
1435027916
2027317483
-553846595
63560878
-661519537
254455918
-711239087
345340971
-1295888321
-1590307185
1448347418
-1708403847
1759406616
1498055668
34569559
-1975125356
277216754
-1649745261
-685762762
-752986851
36922815
1569560492
2044833727
1874763629
78066128
1763961080
-1733021199
1132017899
365184669
583041314
-521308630
-2114175070
-1444310331
1430357878
-1925115445
960647437
1344446803
-1898447144
1289944347
-2104622027
1599638594
-495869962
-141282453
1557819645
-1421798589
-1263951167
1947644283
1056725180
1197595324
1048062744
1182299676
-548092916
1599739668
-1356903226
813394198
1806641633
-167434195
2068830894
307907659
-1292733475
-2060654287
275739972
461970204
1693283297
-1783973742
596413503
1276214283
805084903
1480752203
1931757452
504506528
-506453746
1785931371
-1935045755
-437096559
-713646346
1814855123
-369390494
1833514268
-2042480563
68300605
720217327
-2104945225
-1973248086
-739218815
-488020865
-1803972884
174611353
-1635348461
902760480
-23113091
-510491402
789623504
-1865952497
-650893362
1594463870
708899321
520157806
-26148988
1732190626
-874123393
377296948
2113084776
-808223586
881583744
-1181394588
3112081
-320881206
-1824905711
2107825025
628478402
-1517053904
1900475454
1910238528
-667496432
486272350
1029184846
-101177729
-547908664
868231292
-146361526
-1578529930
-443132018
1576122016
1694548416
438841131
883087305
-1914032032
1491859908
-504297173
-1076950978
803866792
1761122871
1303376502
-513605637
1525863630
-1564207029
785907130
-1729544330
-1082818077
-1323348922
-1762877756
-965298956
1562250059
-230414715
-458140365
289678127
1535870608
-666685245
1469894254
86298162
1331468402
-957259877
-704138537
-994012536
-622483646
1881339978
-446787008
607505045
-1452843409
1753779898
1008837533
1797891650
-1041148063
-1857069125
-84653061
-1802250016
-1249510523
-1124693101
-676749135
-212667
668070824
752809144
710564052
-374116293
605730953
-1322006821
1550049775
133378331
-299034456
572910120
720866291
-1605994316
-229783708
-397089076
769392748
-1259381136
-591705788
1860435127
1047689461
1543242681
175231380
-1134398558
-2043385618
1529843096
-1764301517
1822058323
-302674325
458134687
2113656491
-1127640033
1535221359
1692937993
780365698
-235149392
283902041
-22873825
-1708631345
-1099441656
-1151644514
-1280852004
1302799631
1537790661
1702986424
-432426541
1638393145
1106517670
-544396707
690371152
-1955536113
-207013555
40817652
1488251581
653053622
1812361030
-233722812
-480111033
-1994105464
-346612664
-1864558738
-634059839
469000233
230754745
1371571997
-1842554424
-557406760
531280247
-1939210245
441297190
-1381678841
1090283733
744161894
780745083
-1251671764
739948515
-1097414045
626359322
1780299225
-292003598
1843403474
1182583088
703598346
-461185962
-903084061
332548907
42479293
739527789
1481798856
37174360
954548168
717368800
-497272661
-1996236082
-1302682138
-1102034904
-1839587614
28391050
4234002
956539476
-1196476831
-1345372709
-150385128
931758088
510403696
874818560
-1703881112
-438129976
1140879005
1267514895
211292461
384011126
2002907123
-721366505
-1303921763
467523609
1108995435
-528853880
345661074
135322079
44727714
-868507693
891346777
-1177972892
1018574796
-304827827
645843402
-504615116
595549672
-903684520
901293976
1446301326
1777530420
-1311188796
-918554390
1259679851
2110228451
-1727084174
661496362
-336461634
-142708979
-164609478
2144658203
-69074948
1653734375
1234714638
384183089
1245045469
789172531
-242640289
586833692
1832381028
-212716039
271877311
1783915429
1056864285
1774866039
1633683143
-1137704514
1679631013
1145598037
-447181254
13793235
-692842897
-132970979
-1657602198
1996639334
840273604
-1447053847
998631386
1032926682
-1204399349
-112083107
-1968130268
117189518
-1298357174
1728824535
1759715869
-1462569939
-1731758356
-1611107355
143987766
-1847999165
105796804
695255287
-1270754524
1441581076
-7904431
-2078430635
-1673578301
-959015000
-862909885
341751378
1337206583
717753386
342949438
1994236097
-331375788
1295050611
617788381
-1481970776
-317456065
2057189088
51085049
-1077524685
-664752299
490503787
279634474
1940980971
52276043
585695481
-1925066099
-858256857
-840163947
-1465992720
-395054137
1652946370
1275074315
2126568460
-955117494
619015438
1294896330
-275912333
1949127127
1487324167
-2138788264
304331014
-1744372157
-614763317
1937504779
-1037173511
-491209603
315431497
-718228566
-1008853339
-1951554098
-608378311
-1019829932
1986298780
1237624675
1909697099
1224880800
-636448771
-1367803896
576339106
1369077253
1270741514
-1862949322
-657170557
1739227260
-1299496201
-1329233329
1594928201
-129029277
-1874958076
-1423906521
-588619364
-1150792540
1568286413
1307521734
-1910922014
654494998
1513575392
-928396949
1229055732
-857521885
-702858608
27995348
-902471659
2005854122
1417475848
-1101765188
1700779807
967521061
-1837550686
1779936677
-88463362
896155918
-1416309127
874467031
2127248738
473752446
-2006682564
1362362535
122843568
-1620500201
-1548247995
1341539324
-226325703
-1162981596
-1826336279
1018332175
-361510995
-921818626
-1061140719
2018508657
1441180369
862228401
1520086025
-1890140846
1389921391
-1494368034
-1302157160
2064192255
-368713330
-1451930654
2043925072
-1152287316
-2088346397
-1702345
1749234726
-586296205
930120327
1150662682
-1472414908
-1051912548
-919880983
-1288872338
-892723939
1470454302
-1946062587
850994912
368675522
1008442982
719185877
24742474
-1765030541
-1871739050
390361864
-1144968868
18245753
-2059844464
-209582351
1304514425
-1017086926
-379049741
-1922804798
1642151902
-963860883
311735909
1349181433
408596745
-1434088456
-561962541
-1949641191
-73917865
1465268086
172987253
-1997178467
-847792145
-429811339
-962222250
1977382697
-1369413409
118060478
761852435
1110344706
1581501315
1984319983
-164065822
595198144
-1283769299
515324231
-1501301802
-657812670
-2111596030
1204382144
828351840
-2043548703
-629803486
2080718435
-29595112
452667879
-338063093
-1316033833
346957245
1565233986
-816985538
-910238662
1924893306
-1830120588
-1265572317
-962669773
-1694487702
739653069
1146277417
-1940518073
880718686
568889052
-1122947279
-1436548244
798573533
-383399646
1110219308
1376697307
-1769848725
-476985079
-878933246
915569962
-875034098
1214749716
178420149
-741442407
339898125
796665686
-1153803834
1440936363
2014368507
356043048
755575767
-1194692360
742675187
389145109
661685649
1861328961
660695588
-857179879
-1518849081
-57829435
1914231439
-310022389
-1649583397
484869330
1318051343
-1924139690
573094240
-1408147042
-418651239
998783983
-2082213631
1005377111
-968467259
1986693762
-727713376
-874342537
-1661902963
112081134
-1843584319
19912029
-2126634925
-787006732
-2037954775
-1098084071
-490567640
1927820074
-218163518
1865607815
1596681035
-1469169355
72587969
1875164062
-1090706449
-1698758858
-577939446
-123792119
-310602432
106193540
1377743826
-569348105
1207360168
-289836132
-1063027066
-1931499217
926820173
-1355411115
-1990997781
1507793254
2123799006
-1936247977
-420714619
-1691853100
-575272817
202661837
-1341011907
-162354172
-1406793375
-970307495
-799539651
-776032277
-1819821402
-313671096
1432692766
892365628
-399700028
2128186886
1548850245
-2136963334
-1133271496
-204693036
1069238153
-323747762
1468622558
504753079
1178126873
-1880998502
1677948782
-1182417229
87121565
-1019289395
-365674423
-1806934215
1675560858
-346166536
-172651914
1164993245
-140443878
1646134561
-647497242
1461638987
-1945402229
512623191
561604607
-228432773
1754014951
-1377833210
-333979049
1223548452
155705621
-1666367092
529486272
-1283852179
-347416946
-403374068
-1813246588
922555370
58150468
-629805183
387768049
-1946200890
-434350658
-1701568491
1228093719
-121865925
1492797063
-266704206
-1022842673
602415946
1962794953
-1793215527
679264512
1107331496
-161425868
-212793421
-1863383267
-1654209545
1533607459
209118053
-1194548239
-382523851
-638749695
-1702019160
1581374622
858742649
-2074384663
672608407
-308570142
-1178120229
-1771411060
62926539
-1478134884
-1302541900
1514827095
-507355740
-334156146
-361123321
1460915157
-1439014167
2027711076
-1776339906
316932689
589865875
-683275787
-165151464
479724479
-1333200411
-1529565240
1721676001
-457227045
2045196480
-349429544
-448196380
695264914
-1536683980
-475557989
-4488162
-10575199
-1885132966
2061177664
223344435
1511480956
-870023328
857657144
-1885976667
136677488
-784829468
-98136328
-360468925
1943249675
-569971578
2089867772
1879694559
-786193733
1429705656
394576910
1426243
1261175220
-1147001129
-601489976
2038509412
-120082921
522924927
253421910
-1719550760
20198992
1813960218
265860992
282249093
608950207
1382043066
-869936921
-545303142
2101302170
434010408
-2071785586
-49533757
-1892831728
-1003843267
573607068
-233732456
-1229571150
1225765999
797640287
89593941
-1077698290
-1562437714
1674257044
-1602461232
1494526108
-703729552
-469757723
1919055783
1189221086
-1811977206
-525119054
-416564040
-900807486
-1952036798
440116499
-772194603
-1774061494
-1051795167
1637967389
-1831556424
-1574874258
1251723276
827774564
-961475788
568002880
-909363179
-1943331391
1197197229
789473617
-855311474
168231509
1088067018
857964883
1892259551
896441549
-1337306520
-1140280065
157076633
2058587367
958264785
257388601
849137354
242709043
-807659731
-401647760
442544530
-2066305762
-395529416
1412012619
-1683885322
-1047548884
955263541
-2026091391
1511402484
1677412740
-2076989150
-1199576824
1535786710
-1947272015
2137420332
856122225
261199563
-2031491930
-1191790492
-1323471982
-1808708430
-1686508029
1370751667
-440416411
-1470610119
1138137494
2025867787
-748951761
-797795290
-58513629
2109228767
-1149364252
-143134476
-1599985561
906928596
844560329
1689872545
-1346322342
-1709376584
957419867
1571649734
-662695243
1328087219
1563082863
-1203449881
-1796757581
751499963
1202111898
255127308
1620297754
1090950989
388508626
458901648
849286524
-297937831
1781818452
-451086280
223797946
875645053
1562426568
1541433479
146673865
952121974
-1881238621
1228372303
-1562741832
-1722926125
-852758835
1058798475
100991985
-908379414
1290033283
-721316244
-1976213570
-701087728
277358205
1686727089
-289054449
-1149089277
835620691
756875579
-1632515206
2009595307
2037985819
-619942432
-30845310
29760770
1860564055
2083821439
93034523
-136447665
-1589224946
-554689453
-804416659
-921152359
-265176008
-1318694516
-883822632
-367892902
1958347102
-864995045
-1382081480
-932579469
-1535067006
1334608077
-1841438103
1295698272
-943401413
1338826395
-1422971123
-105988948
-1338039260
738221631
-183496308
-758814041
992383607
1091400714
-1578157988
848242261
-484785164
-189798156
1648848257
677550248
-113357817
1729098740
-192489641
-967611406
-440932567
-1230957422
465764751
-1281115500
-1855695483
-1837399366
968225398
-1320078085
989379551
-415479855
-1222586243
-1166396723
57650865
514151693
1551162357
-848944290
1587104662
-1544017151
-211042023
-1497362072
-548862740
-342169993
2101642833
910765563
19006387
-180304255
-118842699
-298543438
917324731
1372356562
-459224881
1404881703
-1619866114
-491523767
539103653
731284904
25277770
1695681998
-1564036107
-152310998
2053683491
269291361
760996802
549865085
2136716006
436488048
222361103
-1753496895
1096823089
1801068648
-2042297110
-1390814952
320726402
-2048646003
653021099
68969884
-1735014370
777264654
1198840701
1045206931
265098803
2123015251
593893405
-912117535
44535360
368355994
1206881506
-441136963
-268529996
1427825601
-1558785540
720504231
-1699153195
1017319268
150297088
111739545
2072119779
1131447338
-112537693
-1018539140
2063295612
1955760988
1219562437
-2042667811
1898525762
1770283447
-905254991
-743247136
-1583543878
1496052098
1855418275
2144367476
1691270263
-448685599
-1851311735
-878850104
-1537169033
-1885563029
1351214094
-991414019
-1543572532
-1534795270
874906067
-738040804
-1990218882
-672885821
-535956225
-628188855
501481135
239087013
-2029486343
58589752
-1447503616
-1593946939
657197172
-1190007840
2102891827
-2063817382
-468195925
1765994351
-1725061871
-872851771
-1664673043
1321023101
-566471794
305458404
942433628
1272991363
-1410333398
723690151
1082100721
-1457242226
-914318695
1061272034
-1390396222
-802366929
-635250266
328465508
510851719
-1276153675
1835860051
1037220425
39902810
-1143050339
1859053125
147118476
-747949635
-1353610935
1512067166
120441568
-472898335
781740272
642669227
586577855
1783506213
-611245866
1683692673
112098754
317167580
-75839556
510716642
1385515827
1944124755
1515190680
-1292051164
960491744
38780945
-998494327
1088059348
199867697
-1976552352
-243653884
1708433879
1758131325
-1738699764
404271187
-1637988398
934427288
-1993424278
788982848
-1230548533
1339195824
690472091
-1725996787
-2007445744
2122355289
-1503765998
1744152230
-275940265
-21462811
1562808658
-1482110439
323618854
636789753
965915900
808466501
336247156
-781918116
-1517351672
427827153
338844816
-1070703086
2032267346
876445280
-1535075774
-1589052759
333245016
1334398210
-1737220817
-552530734
-1542194878
-789741587
1977559425
-1527165646
-432265183
1559088492
1312524999
-701368198
354617723
1617522710
833944601
-1680376140
-557525497
68835395
1370451583
1468814304
-2120272972
-145653572
-1258237550
2038871487
-2017793808
81222321
1500267108
1616149229
931594278
936543471
778486940
-1037811915
-616292473
-1777974703
1259071973
2089058592
-2040063732
-203594889
-1901393015
763266255
1631975100
-322070602
-692323752
-520351734
-1630337238
-1830135474
-1735112498
-188460136
-1168265663
1648224482
-685468812
1028494800
478740035
-1829630940
-1617466490
1667658352
-1155244785
532251599
-652097579
1871889324
529709474
126250202
-823189521
-517633910
-1355737633
967377130
1561433468
1977769068
1358260370
-1389008377
-1526673430
-1333373970
394992562
-951673454
431517260
306270962
1875028710
44003958
691090303
170274808
1014900298
-712350050
-956411762
-1758906190
194813298
-605304922
1149923671
313125847
922924718
176239316
-1123651730
1006500919
-503384433
277127241
-1881813184
1715532047
-1439925334
1838706035
40070011
705492894
-337694053
910498501
-603262291
-1711883785
1095812684
279490730
980032299
737103641
-1988767625
-662503498
-1271484109
541890620
735514217
1154035742
1122296661
-1972789395
1648532999
1017009258
440103182
1943391068
1004898070
-1657408664
917086133
723713140
2141066422
-1862222493
-905111142
1204807468
22790959
1104339093
-120317077
1993162652
-529938961
1454813401
1632277465
-1007580589
919431635
-99248476
1655118204
-442980761
1152505765
-250840778
-480847116
2112447692
443480805
-396355573
-1403654832
1376567529
944869580
-1982265448
877894834
-129528216
-651779187
622216499
-1355242702
1537257549
1944909277
-463432110
1335847426
-339006134
104014517
1207445239
774682835
866956624
-2083424938
1274616683
817461111
-2058458007
907722125
1972046121
1730438600
680464068
1150264376
-2032497891
-1616056889
264946193
936657928
-1248107250
-819563513
605956111
761268871
-1731925417
1415957068
925861474
324805981
790731741
4237422
465704873
-1868234802
744894780
781275011
772069840
-383282042
1695777091
-1892762820
567242146
-216295528
-1381368414
-1846803057
-2062230623
170376388
-1226000927
-1263017834
1627214361
1519230456
2052920724
1361005238
1905602674
609158681
922210765
1963254019
-871304250
-48847870
298760657
-208636957
-1819617101
734685644
1604476685
896582129
-1256700303
172891215
-681981878
-1933345501
190994214
-1117726999
1348838431
2140536366
-791801480
1609074557
-822104409
-835499480
-755619996
313173694
34487924
110775919
1677807181
-610160467
-1233179453
1992390345
-612531112
1158881632
1366068464
-503643700
2048513782
-1534985724
9496364
-987777152
1729986241
-1999236572
-692589972
1465640514
219440268
902871338
-2093758044
483707370
1914069940
1030450214
1060026420
2065350960
-124789316
776315854
489896354
-1614875317
-993561831
756219589
1170028682
1705596890
1791358281
-431272929
844175570
406199047
1963124265
426916389
1991588129
-1175451670
1200167048
-1738232492
-1598187631
841963306
845956598
-1082784853
-1579119198
-1086656534
-1700680222
1996998694
-1111042190
-1409011487
-1227157021
-789931387
1031297578
1601415114
-937122987
1669287761
-85303877
-641770753
419149352
-25457632
63647178
-257324704
-1566749452
430269463
263345640
-1877932935
-1935093169
286111920
-996414202
-819296029
-266038430
-1937153348
-402086873
1313650922
1370935226
1034250155
-1165783977
1940823408
817853019
-531448053
568969179
1225969936
791398427
1397386318
-1277191511
-547899002
-1449212116
-437063473
-1734242790
-913870003
-568476679
513563159
102210525
-309832823
-770019530
1031303259
1459328047
792273959
884021554
1661520201
-1857866936
1506967106
1082242671
1276429059
1292999192
-988223800
-1225682573
366324587
293281331
243372381
505091552
52926369
1369548040
-2077889154
1887387842
460435401
-1705050535
-1635753495
-85114328
232846097
1242952167
-793847236
-1622531083
-1547913231
1620702316
-1549923620
-1825863177
1531735221
-811026483
961187608
-992616648
1715100728
-462419313
410207629
-1184922476
584547057
1263385226
1089113803
683660427
1801486387
664694493
-1419095496
564793432
1906626480
1296805154
1202253108
-1266578878
-999033026
-669483551
1990946942
1001759025
121554141
-659594167
-1204564011
1437163907
-1884997384
1080794396
2129651682
-1573658848
-931473173
1979898091
-1174897068
-1056727861
-362863163
1574167939
-646078388
-402615109
1470118734
603060903
-898628868
-2039630230
-402613
-1286889986
1607289482
-1270616660
1898146048
-1480109490
-902866119
-498202878
927176949
1344243178
1704794314
808322351
-2071406339
1391096937
1016936480
-1628849140
-1651395469
131198872
-59635934
-1037712232
-1589593913
231359409
-1284550940
-1525473709
306945592
139897548
-305548279
-209382965
932034786
1541211029
-1588512414
-1863702410
1646392827
-755908802
-1149318949
658263490
1573448025
396376759
425125526
-1129747094
1969467191
457373468
-1541279144
2029462283
1117038135
-658348689
1394383652
-1195815178
-249346646
927480199
-548837083
-1248025529
886084623
1373665351
632717776
360940598
790495705
-1704938223
68749897
-549143891
845196405
1988178557
231853062
-1195315175
1016548747
1285216837
-763035726
402449540
1058626179
-449298300
-1112972717
-1254373405
-1533405110
1859593759
1712388270
536232876
-580737195
-451203453
-1481628439
-1052767828
642927589
-1551254384
789443186
-856228842
-496732531
1089612500
1863498783
-181124386
477122801
-1557867780
-308768617
36233799
-2016554289
1842256006
-1418528529
1897178810
1187554115
1517677243
1339688343
-1197508134
227101254
-1242467876
-142686857
-456493868
-610175369
-1333797989
-1018328236
-1708178437
1978686238
-1809089844
-733698695
-1130778733
1113614957
2023468636
2131520402
-1989124628
-414191608
119620481
-2056796454
-534830414
-1651879994
619333427
-882730888
856059779
97512633
1729952474
-1399479770
-2020034110
1447492715
-2074025912
288216340
1837623722
688900714
878186728
350169867
-1468914010
802893831
922375223
1237937620
-1096903458
-1458944934
1726392692
-791179047
-548415467
97159304
-1982383981
-24608499
-717525071
-1642982329
78569078
-2003136759
-1961738213
999524002
475449439
620812151
704109897
1475985145
622187167
-1759752781
25914008
288858700
108174995
-878162770
1073619934
-2135396168
357340112
1617220118
1675682751
-2080280768
937902237
-1199126605
840121151
1461578192
57068961
479788820
-1647055207
523948415
1861449949
-771832982
1352395598
-1368949996
1906658267
770909619
-2006316160
616907211
1958248743
1743677210
-1766376833
1741165144
-1231139586
-99801699
-38809948
-1043979732
1149566277
967519984
-1513608098
-348825866
-97672004
689839520
-393214327
-1747377556
1653917043
1671046267
-938946554
-1123297718
1918283388
537766959
16331399
-1082477413
-300973855
895919921
872455850
-1369685962
511840216
-2072068128
-238335671
-1935896181
-380628939
1343866089
1811425807
1307816863
-490648801
-1674315796
457690959
-896119468
-893466618
1368662624
499391248
812718830
-1342037548
1668256947
33439084
-656147502
-1480033438
-1054051404
1484881945
1576638607
1499186989
1211168821
-1083263160
241493282
851203657
-411794197
1193110445
-1268907147
-773856620
-1838041447
1994199518
218909225
1402636335
-1184443795
-540941599
1422095252
-778477014
-1547422038
-435279361
1010186509
1528675966
92189062
562174942
1143004774
1268981055
1660281429
-1494644018
1947365817
-1366724847
-1619195674
-1965028254
1042531175
-1300216101
1519839020
-1673960381
14113373
1376187067
1574672672
1829062720
1515055257
-1021267911
1267304166
1359139240
-2001796116
-426020930
1513149742
-1597427749
-1956763903
1916459846
922417116
-953126882
194002589
-2013227948
201738987
-337744209
827737896
-1561993946
761779598
1334396185
678805099
1978278186
-2082235496
365021641
-290460262
-2137190224
-2104614628
-1976699680
262492053
-1685961760
1116734552
1162100298
-1315793046
-1307076371
1617875406
-1676261106
234429214
-685325942
-422807885
-1060474905
1780262573
496874397
364967309
-79100140
1767701326
1538322738
839401751
-1801754772
923893498
-1564091471
-428318361
-255322444
1525801007
-1546484141
-1294842030
-203906764
-360795663
12827602
-1757285873
342554759
1334395921
928066400
-1173828839
1643735987
-1473627215
464711897
1729584218
-1809740679
996847622
-248845253
503956613
-740059667
131845983
-158884779
-1404269117
223946824
-1164619674
-1930596162
-1251620207
16477692
-1781320794
42911496
-726098713
478019080
-353396403
13240118
1624738717
231018381
-1006784718
-660040854
450644490
-1949117791
1779890968
-1859092766
-226372114
-1829698973
1589413172
195444773
-601354351
941163599
-1530812692
-1711615368
1052127275
-991024941
1615757793
-2039088489
516145798
1455612194
-1310432465
-1066163551
684065250
693829191
-1909549325
-737771181
2138686232
-961917572
1208905741
-1597931400
-1935651839
-655350341
-1543927770
-1039362400
1923595543
2038807189
-139625484
276891664
2084434269
-977385405
-273897540
185877240
2102851708
-778736390
-1188321256
-1080571157
1713278766
-556186749
726639354
394782603
-841074209
71504650
169450736
1468664451
1616373137
868919349
274423465
1888952506
1705980671
799910776
1222028983
954024644
33148933
1801816231
-1720720491
858224796
-667843778
-698631220
-1167519252
-1655602032
-355938834
-86665414
657152785
-1405556356
2093828130
-510798110
-1434968110
888905786
1469127446
-1962699548
-986440846
1265119320
-729334314
535524201
1637526257
1267343371
-409708505
-475459665
-1664629617
1131999076
-841977946
1938035300
1114334099
574558913
97764146
-2069008072
979463240
-2079219579
-2090108793
-2023836243
974474312
1919460875
1060700203
-811180751
-1404511492
856905687
227103628
-233724307
-716554654
-77426418
752841066
1150640095
-1474504687
1865897512
-25183118
538741670
-1227522438
-1771417885
-2147475413
-566432612
-710244753
-253990022
784015381
1040109737
-516136727
-1982846698
725759247
195472470
363057413
288237957
-1915872007
-1622910048
1092550224
-1135668695
-1687027559
498408462
453437251
-619715022
-926903358
-855469051
709556240
-124432369
1876988850
1088060251
-163001953
209030689
-1207941188
2071968041
95571155
-1471678799
686680102
1146030820
1100277264
1511278372
-1315631276
603883694
1119370497
1292579436
-780166875
-2124375319
1974715542
-627776830
242914460
-454544115
-1165607092
-2057739631
-1100600382
783641019
-1888828496
967975093
1816241611
-1748063214
408618277
-1707932700
485681015
1285313088
-1788418844
921485676
1985680827
-1040110245
-2046455996
1777429278
809516704
549735024
-1090213573
-21010294
1286483050
564998364
-805416412
63328108
-890321157
-386584102
-192479807
545017701
-279140487
516267357
1892706948
1857168621
-916930002
94629920
563034121
1044301703
1909869232
1412058874
2009391591
-436517065
243152449
1585177462
1525162664
396004657
429785208
-1161171550
184681237
1282405330
-869558752
741842727
687217078
988998099
-144536993
-1112009830
1502658200
-1224928069
-1390609894
-1537017328
1616787280
2091099797
-78855784
-1552825353
771366720
-1234969885
-836769691
1021340963
-759787496
1315294930
-5937288
1170878759
-160510305
1998071982
1366666647
1582023142
-917405773
882524823
-952859142
121230185
61516174
-443429771
-1107802834
1704202481
-1401551542
-496756439
1996251196
1367986000
-200907610
-996504828
1237570058
-966324108
1905733642
-121842820
-1523453184
-1357534140
-1133952824
174258716
-1503222034
-112741714
1801231268
-1286468
-1315633876
-1122149632
-2062757994
-395826446
-489038078
-1586883465
-561120051
-166795576
-1115043766
-891188203
-1673213961
-1720441682
2110031444
-5325897
1328790975
-1198360398
1150683401
-159099290
364702359
1883451118
-791981486
1498883564
-780227913
-1579780800
136572858
-35115606
1222571620
-1466438592
-1813058991
1917691561
-901206411
-279522450
-1146335021
-955832082
1163046162
734545067
1446690826
-1675979247
1933614783
-401788182
-1599435408
-662922992
-2134251624
-787668953
1866889239
601935712
655562974
1173470871
201065421
-1740968123
1972026033
-1591807712
457958010
452689763
-232624610
415620875
-1601368115
732427155
-1519801508
1273564919
701727511
-1894300934
614441043
865254672
-445277322
1100565336
2032530269
1314775169
-449205706
1205900701
-1424593329
965055526
-1075363981
-471117887
-1067854406
1035327110
-1618076414
161583060
-1027706771
-1978411776
1133441937
-1414777772
712049470
1285764675
-1617932788
761853374
925058313
-1617881085
1045188418
1477803367
-313061639
1715778536
-20306488
412390795
-1225405179
-291446838
-564110819
-707934554
-221252931
702602523
1745574670
-1093077502
-166168506
-131191900
-730469285
959240593
1370268579
-1447799948
-1949869157
-484420356
1127785013
181590548
1562746716
192680955
-1941064060
240965375
-1911044978
1020982759
-276365761
601414480
-1344844256
-1871896948
170267777
665526461
-1469748501
10141763
1734415445
2067739587
1797465551
1447097152
-2043691140
-2098885341
-1225133029
-1944834520
587058541
-1989357940
-1189853646
2019111911
-1199266148
-708471143
1895562858
517900991
-1502670849
-1065672707
267317815
2033045667
1435339469
1824137212
-1751656056
-1702002491
-1601540984
-968714212
-1503899536
2111897196
-1720126658
-768045284
2136395529
1040054539
-661988853
-1215109851
-333595756
48987535
-85184031
338081599
-186189083
821053688
41779851
-532609531
-1700158723
-694472661
1277196270
-475556964
-1529498632
2118758661
-1026842735
1593126113
995359529
1130234035
-2049050016
1255461345
-604076925
-862508224
561211052
1591898509
1390689850
-653059985
-1274599818
-617665362
-1397706071
-1112831542
1841432045
-321760234
-1128596362
836527610
-5904844
114267672
1120753907
1601365337
463515751
-265416903
568917191
1680503749
-1632832289
-844942809
2002783949
-2125112393
1942403765
2079308521
-489034437
-1862496621
-2048965755
121381207
-2106318586
314777152
140691316
2124758733
1014276997
579812347
361721203
1493244699
2644564
-389820312
-1072888892
-739306305
-338498182
-588054294
-1641464643
1472583765
1547918286
1772303923
-250317877
-584787122
368243094
-683313122
-2051588423
1796623840
499811696
-1491782981
2004438834
302626877
-1023139979
-779700053
198600836
-943802617
2052943514
1617630894
-400134746
1840941826
-818827174
541396090
633981819
1046114314
257420945
1068777166
71025496
926936904
-854804565
-1801914683
-1331668541
-1443651424
-1661160195
1709441647
1467739518
1752043373
-134757518
1546357405
1134475971
-2114079120
640316010
56029692
2100219600
-520337660
-13234978
-767487644
1096757157
1916055447
-446852921
1263625586
-552911861
-1493265067
612382912
-1610481325
1650034648
-500484827
503348201
-1974379806
-503728015
-1322590248
-482301937
1467761653
-674945648
93423007
-280200695
-2008177420
1556234823
445908158
400119908
-367604566
1376195141
1702834047
-197323710
-1455658657
-453562538
717536616
1754616958
-126779611
-1440865488
-766927953
-1437069548
1870327666
-156296853
1348751597
-2077772608
-18127377
-1447088687
1420912658
1330377444
485539470
1004526296
131012249
-1545982034
-817284894
1913867372
74486268
598156409
822611114
1080859376
-1437808536
-1580385676
-1657392210
1296708230
-1586270028
-953578111
1792376014
-1338447218
1305388431
-571754145
546913367
1265799533
1816559609
-1317874422
-938922600
-724373361
811558132
510935137
-168273483
-414544722
25361018
-1609619447
-1300031558
1753654867
-1515259983
-1824922735
1919187442
335167133
-347847587
824480214
799325305
-51633088
543431573
620664745
-1784182512
-2132128560
854599097
-935140178
1840915504
591593023
-1138901598
1149837958
-1565599903
-1792504668
2094781723
1226322480
2098474187
1026338877
-1605489520
2136513452
728485901
-1609779273
513266181
705418209
1538140237
1553472172
-1353049271
974617792
178585487
17772652
804032362
-553516120
-1149711542
-504361217
950367083
321929740
-613324232
-1794910614
-841880012
-1563818926
346319725
-1746998223
-814221367
-1708811522
-78105941
-1960121571
-1511290945
871946767
-1501262348
-466007233
-68962582
982526632
156143711
-523631052
1750321243
808620787
48678447
1172421545
907496841
1944311874
554571297
641669665
-322971187
1461985142
-1594432508
-1078489099
2143680787
-1184976988
-948090737
-591427428
-1354342962
615496437
-1106611602
14858796
-91260372
-1614589491
-1708882787
-1338685664
-934086517
-535960530
-2081585671
319731803
227657514
1354823007
1491678740
216798061
-1433359581
1944380872
92986184
392597780
126783128
-1775569121
-829858290
352368644
-1059783124
563670729
604587408
593747946
-1370584651
828504698
1905355132
-976985938
2102787119
1750514462
-675779302
-1631391239
-684941581
-1651467781
1422284704
830865142
-1967850457
1184549910
-1452876348
-1674710437
-135080840
-845305898
591278227
242466474
-1767359482
1396125927
1643865473
-2039404877
-1703734624
-252314015
1906363328
2139523678
-1655878863
152690472
392938197
608844711
-1064978823
-862986091
-1555372441
-391536664
-1284619009
123050837
-949312679
1696899422
-1856506811
-1077286255
-11695589
-745523995
222550845
-181440177
-1587088835
-1588267002
473172476
520589847
1451475780
1726688051
1719546029
808631513
-88705343
-123368368
-1741864505
674051854
-919033954
-1242507915
-6388862
1754120732
-1459240261
1111876594
1264174214
2002633726
-803754824
979946387
468428773
-700918236
677867796
-1854973404
797195339
-1935941993
-1453240713
531484471
1250644596
-1079371936
-2086882229
-1437545436
2105493213
-1523537878
-1331821168
-1588084656
-863358275
-1592281562
1852912880
-485272142
-2088454090
-436597202
-196506095
-1535139437
417127880
1636486444
1665417258
-720757356
-1907708667
-1778210115
-1842315816
-556815115
-693925750
-1455109616
-568768974
-228642285
934833453
-217762540
8006426
1389459506
-1522888077
-1690737198
13215958
-1932561027
560275012
-71466474
1855513310
-1523832502
-1327374367
-375444139
87153143
440900257
-62241259
1713968330
-694521984
-758859010
1644496042
2077792737
-478950901
-1938542250
-1034674914
-635879719
747826990
468865367
1819164311
-1573406300
2074650267
1620493044
834253075
1924714769
1461451374
-1925669344
586039267
576612396
1671162054
-1523450152
-314124455
2078759908
1092754070
1782207847
994232768
1027413742
845788093
-1822492955
536997772
1519124457
1652199507
-472534528
491132626
770844099
-988118203
-2116195330
634877433
-1857958310
-1845794269
-291698174
1873876402
-2029270170
-2137642440
-399431027
-2043320795
-587220587
-787485989
-1021480121
-738561172
1106152951
109584644
-530680065
-2134872764
2006848924
100876321
-1918535696
-1440975359
1247955834
739189802
370641478
-2020807486
-1470388076
1199278322
394124000
1145808614
-829959591
1112679104
1517100630
1166396606
-322679991
1893674014
-1077515204
703090051
-1581708834
-363561744
592710312
988487306
781916585
882802375
-295113231
-399197770
-1894405446
-1096576393
378663097
-1928163539
-1381354683
-962872602
1205078062
1989828173
-1900116095
381133094
1608710284
1641261537
2124024787
-2043984442
1282428389
1669839759
1862362412
153219941
-93676252
38398613
-1036891218
-999930233
-1157541553
-701425228
-1460182123
-1696440661
1170311435
198615147
44449876
-523662180
23382117
-255978648
-967313922
-1149365753
926057167
697081915
1993268455
2069546573
1130479975
1169027148
-192779381
1186051226
939026815
728745743
1165249197
1758332726
58320729
-495136907
520095683
-975645669
1234125106
-734901083
1158220177
1785044678
1173280385
-388783637
838904595
342139729
1500139392
1633281520
511221919
1753628353
443384043
-825428693
-208401589
1543243933
-979286009
-1527335017
736878219
339308991
-720264475
639143334
950107166
371129453
-194606873
-2091509643
-425416149
1628987819
-474790013
956813632
417351590
-496551990
-2007472314
-899996649
961766136
1046015556
414211356
-473103918
726832863
163590859
738167758
-1553523391
-1769483886
1391924127
2024036811
-814266456
-1023088088
2016441119
655122218
1408999529
1159702585
1177854115
348123119
-1686795261
-1709956667
-804377976
-265976180
-1669290437
-288058540
1256799627
1068683947
-1851120745
1463555679
-88529574
-1235652566
-942123501
525064686
962380392
2002356839
945375503
-529481342
1144260864
1837428668
1772791942
206147124
-2136613475
-1314825907
1954310021
2068051485
-1607015816
1094773504
-594355751
-1310110216
-1647900063
1465135052
-163302134
1377413382
815072466
1915295287
-862409592
134124337
-1811687616
465482009
1490263332
325896564
-2045757516
-1987198811
2107603905
-671181703
388529306
207767465
-1250067638
111585667
1576220121
2145562900
146087398
-2062174834
-1245854941
-1473951303
1779377514
541783731
-804422771
-360902062
2120914703
-364214319
1449343585
-1984746042
2029110884
1434075753
-102079181
-2056097874
-1214211194
1288723146
-926302414
889114389
959219853
-1391650195
895327679
1990902143
-1586372023
1122720930
545347
-468139476
59871277
1388949867
-776020675
2004322717
-64665717
1510492839
-918208871
-1010058921
698336769
1064703858
409925448
-1438515226
-665731277
954839499
1995280396
-323946204
-907841095
-557251976
511719827
1109544634
-1734469797
-183714010
99932615
-1985028889
81765499
2054891219
-2036589980
1248976768
-507082030
1420271728
-1210626870
152267575
-1396018338
402333633
-545245420
-861227233
-1378737253
-1058835320
-111665560
-373491089
-911867408
-460986399
-1129536880
1260774021
-1432228500
-1103901713
-1288290615
-1308433106
847273137
1101390264
1934299
126546724
658765872
-621954739
-816750743
-498053417
199500694
39481390
220857482
-738030736
380906117
645951979
-772191849
1101199378
851707015
1869225742
-975007930
1048443746
435479615
1844543032
-463371017
-1235213495
2053834209
933321609
1166564942
-1113199368
380203235
-1400997307
-1837937151
-97416916
725328116
-2030060365
1140349426
658645171
-1701033427
1501980232
-881337216
-606315219
1598532741
504749061
-282900711
539769367
802892426
2132576029
1783953939
1849975301
-1324673202
1763032538
-789756484
1713347630
-799871074
-823732544
-1487542097
2014121517
802386554
1146604018
151953256
-872917498
-619361088
1026163924
1522178331
-1282752410
-1264694231
1381389297
-1144003136
-2127356114
1219644793
69535519
-460902030
-218758094
-2122819086
-2057194527
398156025
-977247171
1599055881
1411267083
-481434715
152233560
-1935183012
-980488532
-1113731491
2071749451
-764944414
1589907751
-1595075593
1790859620
-131507101
1772285603
-1485803831
517888118
224081963
-557623387
1098633087
-636245468
-44998662
-1879290886
-469342930
-1867466145
1664906814
-1229651751
1306432169
270271532
59685507
1119724873
-1634245357
-1025210710
25392170
-993687360
683564981
1178207827
-1331309480
-1195735028
