2048554742
-2000750258
-786948328
-925113949
185783563
-1903779524
-1573099173
-1288489124
-1001745538
-622459364
-1918804506
-1160667429
993930926
57166737
916532913
1067878178
-459580919
-697465067
2137280583
8586083
-2038769691
-987488963
-1534507075
428192746
-373327216
442773312
715580384
-136193734
1580966565
999677113
-132360787
1885468022
763350689
-736928341
1692785669
-248995837
1531580341
1929656518
1650718369
-96964758
1773631453
1337924072
963531842
-1116332670
-271198928
-577499931
1290465325
2087078349
-331002247
-575070069
364188374
303726114
-260131577
1093645792
1629956571
416766348
-1253269567
2098790317
693480243
1865942386
-615341187
-967543233
70809511
372332791
-1671480175
-710196372
-1193054080
-1432793437
-386253399
2021124820
-1899613055
805154882
-764749862
-353783192
502675479
-1176560372
-2121429001
754421552
-133845810
1511247365
931378467
-1710319032
1377627143
-647512921
-1546965849
-1312533973
-1036822296
1220939709
82224901
1704274995
765455763
-1215171951
715887181
1497119328
-1240930407
-40682935
1020026286
1220077912
-163756112
-566395507
-1567956401
1961106094
1643780260
241074797
719848799
1304829798
1967698315
782968450
-1939675286
351491768
1631741756
1534076242
27997422
1783461140
-1881579263
-434216712
-2100335570
1860417382
638420107
1858113796
1235823685
-1265858918
1190112550
1273133984
-1311317635
-1586016414
1631887917
-850387725
1773363937
1570607670
415006911
-610967351
2008110352
686190492
701140146
428692083
126445140
-62901079
-143352633
2027546347
-771246094
975678407
-1271884257
67880252
1647708355
-1672661577
1834593006
-70012640
1885697283
1753476825
-1020374931
-1374848022
276029288
-1222155093
283320341
806264742
-506046602
1827184527
-127526903
1335945342
-1095560943
-1313110832
523300563
833867870
1491779923
-1565928218
-733974957
-1454018341
-1583713121
-1126086151
-298710541
-282185904
-291753482
-777610589
-2098715617
130582346
1394474888
-47225606
-349653260
2007013157
567024782
704726477
-1951312841
1703760630
-1182497706
-1349214164
91664520
-1462795861
-1906897249
-371336915
393555414
-2043615119
1761001766
-1740108819
-1193600747
-1050654635
2079729280
30964181
-911438034
-1151528403
-1452163542
1776433950
1703689527
1452274873
-228009506
824570774
391344099
1666951428
-331973593
-89026653
1205282364
784572688
1973488695
2123386248
-1646322801
377257137
84996856
245077735
741276838
-1936430919
1777038688
-1480495482
1003568188
-417346475
-317693943
874346069
-271172947
-2009536330
1699633152
479056303
-1817070355
241651443
764077276
-1287821344
-108286278
795758637
1620609042
1613843175
830032917
-573584397
1401320840
-713079172
417680877
1178796264
-807747225
917494611
-1044961763
-734706781
-186575051
-567399774
-1505569127
-1385906218
658853410
-657680927
-1459941405
1124313009
-506302815
-494070064
1350714050
-1529580152
916716858
-2058841154
-783378122
110502834
379625118
1371583495
-1059059034
1545698996
317876475
710670557
-1295581349
1929835935
-492669295
1686380107
548222769
-2087809866
-87913083
-1902442377
1937368971
-1125001645
-2098663179
-587546329
-1748679545
-608037366
-1083199668
1421429125
2053040498
-739577330
539623894
1999717414
233690238
333731539
-1034448490
1910291272
-135796302
-626233099
-1194937001
723486555
-729140959
-1605574312
-2104230656
846404034
-1235598242
658280335
17210924
-381833254
1632411438
-1776173439
216962554
-1246023110
-80558209
-74561719
-1394437088
-889306052
-305168231
42606174
1560871750
-596359236
1646165395
-178354445
-403127663
-926983905
-1556068601
-1504274272
-470588291
56985495
1632782344
-1974469822
-108787985
-419115612
-192530860
2034302238
-173336438
-2035315235
-1773450810
-1014536372
863018817
1963825136
-326174963
-635063214
-734276564
-149292570
289546658
-766866162
1424500895
1729503659
-2119501577
-606556199
1820133496
516887245
-1797589780
90416617
2045701561
249148548
1914938758
-1334318345
-1650091690
1865907185
651971042
491481889
-1964210866
1965356714
-915053977
-815957231
305128447
904395126
1576448570
-77877667
-533086026
1602975572
-254319626
336801840
1170740613
47400130
-1880668772
780960298
1997400665
-1651356869
419123144
-1091975803
1363071307
-30281472
1652485158
-293735816
-1503308746
-1864255205
-567365853
-233463329
2059020169
-1999478880
1230534887
-1412412133
-1145358755
72349238
1128804737
7546934
1436474313
1707263189
692556900
2064448075
1219550581
1305932496
-2096447727
-1521182684
1928067949
-662225898
-1312131307
1168237860
872163639
1741108916
-1024959690
117145191
1073923111
-1756500835
-66554903
-625904601
-784901392
633982381
1699665670
933213537
-1223370114
752041451
-1507372354
-1346825800
1550595075
-360496114
-1796713524
-1020922472
-239939504
1776819266
-251561238
1599095966
930374757
1256829739
-1518758522
-1175980490
-2093679798
-758362839
1569123765
-1165862779
814303520
-593502754
306718055
-1825563255
-1107780750
-1999711252
-430763812
-1887136129
-358810928
82271491
892486742
877314436
-1414835810
216426010
960579856
516623743
961981481
-33825797
1289923950
1666119741
-1910577670
1546907653
1141531765
-1782715683
-473147281
1894343981
197798012
-285149075
861888134
1403070789
-30091997
-862887211
-900480516
-231752063
-1261900668
-546305549
1157981590
-66242251
-1713259607
-217962233
-586891075
1740953059
-1112419779
355599953
-65456
1555655541
742441349
-839354120
-1446584139
-548913722
185685648
-681678546
1867027761
-1243089818
1840563117
-1504465264
-1979428742
-1552303714
467823900
-223678254
1498432137
-1847671375
1760775433
257978011
-1587798093
1883560549
-417652043
910937773
-1929542406
-289377599
-811015946
968580936
-269628000
2096343831
-1069871135
1299802064
546778621
-538106556
845944260
-1650298707
-1273485422
-1269142219
1397070682
784180594
-2113820067
1776132526
-1995866311
1710667072
952465262
-619813562
-1412297585
-1670720148
-317744967
128605109
1332898061
728812127
-157351378
-1812351150
1176202786
2078153406
-102846458
1034984150
-86482580
1036636362
-1614686624
735990629
1547321451
460287496
2054878731
-653807921
-1312844937
-287640285
1187965605
-728108526
-51250189
-651088367
-868071964
-4705245
17953219
301303925
1399884851
-2126700307
-54762502
-18792380
381822592
31942809
-1082314536
670410922
1605311828
-465084656
2096933107
296599854
-1358302941
-261582915
1873121715
2127657236
1789862885
697977239
-1736156414
1185891586
-72661019
1499883358
955743300
-509154587
112371672
-436873180
-1076614011
1195026453
-1025319888
806792206
-31331855
1418335670
1232593330
1578084699
1925350536
-227774623
-1046248123
-794186331
797155345
-1114234876
1330592013
-1214816409
1349640527
1401927942
-948066632
1172829119
-1223345550
1258469294
310547223
-558232460
-373224752
-1757233979
1486677744
1915744825
-1030093356
-599778695
837284114
-352932046
1570706742
1668996227
72758696
-2117743176
1075948140
-1302614388
45702866
-1772765351
-1980943520
-1731574580
872424049
413610018
-1742428574
841951988
-217304766
-363476449
-2032641697
763960654
856654638
39136546
-1882875821
-1860415455
-746482465
-1642127677
903130875
-2050733735
-1766692202
-968477016
1157716431
-615042969
403336251
-1043297530
-391851473
1695791206
-127701323
1743921511
-438834724
-520025986
-2133295493
989276077
-2011764311
1505379981
741293931
-978699946
448276337
1033218051
-438897190
1183003905
761366347
1253125389
-1197044501
2108646960
465067004
-613586443
272903716
-1395914930
-733324627
-1535049016
1538670142
-46637068
258315741
190168376
-1488530629
-1804270745
-1484737640
2064272580
-723519554
1633284965
-1590439192
-2038285035
899174294
-381310176
1809175692
-660627797
42791323
503535242
-1260848409
2002278840
933137085
474397139
-1170401989
1561545548
-1653268903
-209679057
-1155749354
-203976527
-225511474
-1699327780
196990220
1100653848
-2108382896
-1758143133
1944505253
715142516
-1904937989
-1180355555
364985753
-794243419
-2023123669
-1736485896
-661191622
-505755175
-1909099254
-61925765
-1738156751
1663245103
1349788266
1996183815
-2131825556
-847124836
1240074196
-1954548130
-1950162601
-24051950
1899161056
-1819323287
337189705
-1328499746
-2127749434
1821936181
-1941595840
-1037463471
1939187509
-1577360834
1050083537
886567330
1949413475
-2029798160
-2121127847
1793103634
69230436
-2066081942
891261048
-595881903
868230591
-818988412
-1097695040
1490365984
-1674014914
172316179
62438312
-2074420937
24287494
-27718549
1151139270
-1429998744
2136401382
-745459163
-946488259
1801791235
-1429576717
381961761
1725748851
912181372
-984139948
-825301554
2038705927
-685953461
-1023869351
-1809399384
-966369278
1588339475
2036384466
218748418
502398539
80532998
-2139738978
-1872630779
-2103369632
198176135
-1977562751
1819322104
114695235
1059823632
-859996613
1423483329
-2064535375
1373632341
1699837141
-2116263766
1392905625
-1640390231
-976413635
-923526296
30240716
-1499073119
-1647899371
1768399705
-37600272
760286198
-1975523385
-290854387
-1532885830
-529460305
-394428452
-1442321400
-1602008997
-240106369
-1440946034
638911428
1597681978
-1705438357
308295323
609937660
-2142128668
-1845588561
-4846757
1098113063
-2138213312
76873186
1304837396
421125698
-1624046585
764231512
87044237
-1960991534
-1978008462
-1714986041
1541191648
-1343940055
1366630708
1213697836
-191985004
-1086299673
910453418
-1402851857
-1552307477
190413251
1172495696
-1895634619
559631479
-1552261493
1163256951
1099169237
1007751155
-475923095
120267828
-1671309155
71805007
1453356391
-234031461
955325975
1355169036
-721982156
-1140520915
-667189353
1650269642
-1421639384
1642579854
1409942262
80976670
197135749
1390058618
-44457867
-761653079
-540616449
9574906
1205951194
801287269
-1136565379
1426366418
-752929313
-1508647102
-820388575
2032213821
-1462522164
-584162575
-535426682
1424029403
757701474
-537407234
1164350280
-351856150
675451643
2030683940
131699656
1229846196
1371424238
2080765148
2085049136
199807048
1330997048
-156963273
-1413708620
810844012
2114391128
-1151412243
-497712357
582930129
-1679710343
233455796
1240617341
34268808
1566506966
-1866548266
975397966
736918196
-1495479207
-544337667
-836012390
1408938369
-281947003
-1904208559
-856494190
20378708
-973489258
-299204156
831364166
210968644
-2060461593
-369141076
-440680013
331729351
1817430162
1602337937
-19150080
762480560
970490717
1094328904
156375044
563575128
1749632212
-429885376
1791012875
177241115
2107474097
-792489701
1757469914
1393804294
-18374524
-1965371520
-59969041
999476174
522217103
-1318577874
-618085364
1487261699
-812967182
-1008900267
1459328246
869747076
-2125666553
-2045081568
1152808826
1938299701
1553203983
-95623786
-1873907792
-1258526993
-2007918067
-1140562526
-1333668989
-802406984
273909746
-1691502737
-1504399504
1056087859
616125945
533963257
-1956105331
1005091929
-1752032940
1401825249
267218124
937472361
1244076040
346002560
1580453504
181742365
1968265236
-299055555
450383904
-983258338
-1921614631
704596515
497165131
-167518280
-978610507
-1877664595
-999930356
939246289
-1673344784
673915876
-1491372706
-713395177
1072884187
-1095977301
-19119118
2023424632
1041662262
-364657319
1227708719
1553717463
-1435383598
-1360365688
-507896711
532857339
-1782213769
-2011671764
1192906933
1793636299
477052423
-625852186
391603213
-1130958408
-407630110
1644560794
521172976
373417593
-1655134324
-1097930434
-158833316
1506161918
1074490509
-1697975563
-86425249
1326885022
-365754472
-280722852
456992218
2101988498
-232757265
1818650146
454312584
-500645210
1823859973
1811214302
-45319618
-1219997395
277571428
-1906297572
1028591731
-1496294348
-1179534383
785436088
-119723261
1403338235
-1414171475
-1794006161
-175363025
-605441376
1050934685
-2087803214
2015308008
-385397987
-623131283
-892764995
-1274347700
282499956
547004977
-1742570776
1917243760
1331664936
1372312493
-2065333443
-1201477536
2067650287
-1328986122
292525641
1073496931
-12867932
-1948645800
1614491191
-2092738685
1165111938
1165091962
720287514
-642727093
-93576049
1658120640
560576649
1886059218
883653461
-1207761680
226657392
-259248136
634029783
1056372759
787447589
44563183
24854723
1133354669
-1762372423
-152795395
1797747683
-350686729
-1138970736
334710655
-534288679
16019372
-1059896268
426866992
296484363
2124859099
-985840027
-1946618965
30705883
-931729653
850369396
1588465454
2050469403
-1122431581
-292266544
2006950560
1252666304
-763769460
1357678049
-1642439212
-729457195
-1057682156
822266900
1549861903
341491889
196019733
1185028150
-984659257
1897980523
-963292074
7541254
1787125933
-1749452914
-1291878864
508143364
-317300499
192382729
1899815796
1097111951
-1047251276
-2092441239
-2116536692
-97620690
351778034
-963815607
-214506529
-198163411
1384900193
1474650888
1371343738
-488865173
-135276092
-1641989700
402977004
-169850510
196243060
1611298663
-331152016
1862803912
1363141912
-1119233432
1306390609
-1749719676
-502187853
2033828404
1960065418
-1113112541
344556515
-2099944123
1912568492
397629340
-51513754
1922101842
-1512097276
-667454799
-1867964703
-84537153
1368642556
902738055
-1076720420
1990423638
-313256255
-1737874056
822087441
1023768631
-2026998746
982905128
-1342828059
-771164915
1318120903
-1716444714
-1793007050
1802028674
-1692328079
-982517516
974706775
1799992308
-769651775
-1805294344
51359576
182431848
321621770
-1580612492
774212746
1813161406
904502396
-1115535772
-863470783
97009446
1816635777
-1278379066
1579770075
-287611182
-2101679254
1798237808
469609729
-148804883
-812364982
-964898531
779438636
-9962037
642069538
1267735752
-1035955605
1213629793
-1314873538
-1505185987
217730146
-539988490
854983390
-258195732
168162453
1142780954
1905919767
2088777727
-1238182170
1324882391
1900750075
1357633199
1253620828
2146548518
2082378743
-785313069
-433376987
-2137066076
8661372
583020729
-263412002
-453617787
1807093474
-229438663
-1803880688
-1837725240
1590915464
-1548063994
-234681859
810052012
523473215
-1067909305
574727581
-1931164318
-747581208
1962724198
1045670115
-99831805
-998134437
159456806
-243779772
1767809219
1596964490
-1330616837
1986762873
834785639
1687889638
-1367443819
-1255550846
730107892
-1971645184
1126765501
1878275054
-2053015640
-1817035917
-1001007771
1785035865
-714422994
-1579654398
-551438087
1477714230
1511668236
-2033681668
-930614277
1375402190
-491306145
877972455
-1714758706
-19110520
-844343350
-164024227
-974981423
1934922602
25149612
-243435472
1487243951
-963409441
-994884976
-487040556
-107660300
687871418
-216966935
1455789566
-1067150620
-292499589
535165182
-1970785912
559643015
-138886704
-636743645
-159651433
1095632648
1972991069
261632297
-1813559809
484715583
2030329535
-1099160297
-2068714011
852956556
-1678637106
-318352615
-973528411
-171813402
1924486434
-1143262280
1085703414
-1384894669
563465944
573981515
1714128972
-1299608615
1290001302
539174828
-1006225283
-153649772
-1186580277
1882651951
-1269156441
-1829939830
-131058885
-1101201712
-1177351600
-501765732
-849058886
1388903851
-684507187
1946016510
-27265993
-631940176
-2071603992
2054746633
-1614368516
1471774102
-224527684
618390351
-408393165
1583409168
1624980452
-1395486225
33319339
-8750018
266760660
1702765355
1463288028
2136639334
679357574
1758099255
1605464872
599890403
-173051816
576838483
1104199779
-1908057764
1883369012
-530495205
-1725688939
-264781255
200088049
1094764317
1770379774
2050788435
1616757496
562609836
937346649
813934314
-295038166
-64595213
-638696348
1889206235
1330386945
1119765836
-601349984
372836882
1587100149
1501450962
2019453013
478459708
-634436064
-1058801868
1574618585
-1602823999
-608834012
-923365172
-604316400
1111235569
-270671284
2043797999
-6853578
2117997949
1182067185
1313753990
-1984547621
-705884120
100179486
-463889187
1065546031
-1681157443
-1681413514
-328430405
1619777919
953667907
2041296982
-1011470415
1157791231
-1971421841
7628854
878182327
2055862473
-83514791
-268567212
-1717417740
-1490568155
-1709852814
226795411
-185987108
125600011
1525774005
1674532767
-2020686720
1270815205
-917634531
-1949554347
156718880
-1370804840
-1077021610
1911091298
615744005
1798446789
-1423247177
-1828003031
770137229
-765680821
-1772886418
1572921322
200575879
1504694288
-42673412
1332406303
-1821007168
-1299145471
1262618596
1003712041
-1982493730
-1840437930
-197843042
-2040702676
-1550449045
-1214044134
-1711747630
-1464605898
-537553612
-1525707542
758908610
1377285542
141978836
1879765244
148634119
1983309771
147666827
353599587
-705133441
1899217867
-1797799341
-1482383472
946077061
-1034390074
-1012340939
-398382821
-852649117
-164361926
431507672
-1044560957
-1660343548
-37791576
-166087846
-1505684301
1900941037
418304887
-1870055838
-62008825
1467136366
-2113913319
492194933
-928843379
1535710740
1780600940
1107927945
-1954959409
563320417
2046973538
-1622779177
711494481
2127680958
-1347406109
-1155479051
-1935519722
-1298200400
153584881
1211245859
-647602327
23833418
1045266189
1917948644
-1465786407
-1895882014
-803594023
659588816
-936582780
-1362802937
-1147753730
-106859096
-587267432
-189332047
677528911
1236088491
1131108374
246191802
-774103250
2047649319
1277927129
2010837645
-1306217938
-2011079342
-1174472489
103120924
-2061628679
-18771110
622901925
-301453801
430783604
-1168606279
1528827200
1701669722
-2030214880
-929188402
-1427544055
2064036518
1286000323
639345065
1247749905
-302670445
497246278
2015735334
619626903
-335629627
-1323107871
-279120836
-1385929522
710828894
-270423180
1685238678
152499938
300673971
1389565240
-1564638109
-1549613507
-373486783
1326248598
-703638934
17393925
2000209889
1695870806
-1316522656
1282511081
1320595515
1700014844
889027197
-2077632739
-1616162440
-357233042
-615091380
1547551906
708432955
93738970
1860165058
-1608738102
-49417007
-829914922
250116498
1707450363
-924792154
-1208425784
-58679617
837153971
-432139526
977288583
1087433074
-393202485
1900475093
79725634
-149991667
1106667775
696935480
-2095573856
336064639
1779633325
-1864711532
-315704279
-1632616999
1840655324
1183525503
-1773981725
-175096031
1530387839
-67723099
-127542720
-1925769626
1231134203
-153209860
1765286711
2041384724
1345605095
-1253404869
949327536
-1859727735
1833490706
1886432652
-1807839964
1583512039
484821449
1742775935
854735492
-699341524
1908690009
-1220491966
-404732070
-1808130177
-1138530606
507928335
-1556588498
-1834094389
1970301198
1740709093
-2145376470
327556241
-2068326159
-928732038
-1447095296
-414614022
-377331983
-1639445393
-1835512309
295457067
318076632
-758061115
291175604
106642908
1212672200
53785743
-152958441
1589901099
2048282239
1654688233
9663461
-119044947
170141916
-1900814040
854148747
1389332678
-992327262
-704006574
-1746098541
-1887365062
-1516530310
1246673872
-1492284341
-1281558781
-1995087298
-1076193951
-1253567069
587615844
-1488915084
833441362
1345491547
1844850750
1444931352
-250511636
1386065501
-881624159
-157979491
1463211308
2015518311
-829688154
307941430
337638585
-1131449620
-1675316869
757962833
-1669733870
-1763510980
637863614
-264625309
-22909690
731493090
1176554767
2108537834
-1585033623
-1713267892
1750830559
2139580591
626453764
551670705
977786254
141491532
161676749
-1072323281
1694691509
-2083639571
-1923321001
1172678962
108964543
-1545621158
-687247221
1014814748
-1433411138
-1524326348
755315352
1955421730
842138491
250656894
1787897383
-627877260
98355151
-993909153
-305816621
-77468512
1338686512
1008855845
-1485516840
-223792072
-773557106
-1156178035
1745500425
669656753
1374516575
-469789119
-694463737
372727694
-87217416
-1991204191
16668591
-1620029763
1956610591
-702347323
672046036
-23697088
-1411516963
-1802546238
1234010926
347226127
866854551
-1878512851
478822289
1924702524
492326495
1428179165
1563021153
2000562008
-656595321
2034906611
-1270091964
181000981
-596635017
9240094
-2044660966
-813839572
636855232
-988191717
-74466775
-220807552
886819696
425679483
-1668664676
-1733139325
2137410727
1627112616
1885478958
266184664
414663786
2077410345
1813453346
-1872558278
-969418058
-1993664988
-927861642
887822491
11694296
1927496996
-330233769
-1593861488
-1062149893
-1826508004
-758378537
1747171307
-1010392318
-1653817428
1041074397
-1011195479
-1969755496
1059622562
-2052402340
-1847729394
1391202948
-280218942
807632582
1943671822
120252737
1777877194
-641500477
1378668015
-1702251827
-424341840
-2069160162
-1811511765
-1205472319
1203708717
-1371848961
595538842
-2003215967
573348222
1330821983
1951523280
-1368173451
1780383081
-777107273
1664325315
1538930072
-539139203
-1936565254
-33526095
-2107709489
-1292844642
1089630918
1396970048
-324299619
-1825256512
-2134365483
-397350170
1650903764
-34940686
-780149575
-1435780725
-1729496465
-1443064674
-2054705720
1070035819
1359174047
-1150648305
-932623020
-764966591
-764901597
-832403406
-1431973601
2008874145
-1694466596
-284970080
1376675085
-2043353179
497069472
1872768219
-137641445
-1271571764
1765952845
77540567
1777442959
477082910
1953643041
523536828
714774897
-130164078
302970953
-1220809238
-2057557191
1815211188
-1718769481
1558313789
-2069244471
1800825218
2000160824
-727327087
1052344733
-451488617
-446510139
-1075701880
-1679120832
-156807541
1337781784
28539018
1389683713
625196696
2060305026
134325005
658113766
285569665
-1262427909
-1025735658
2086836449
311974062
-1627635846
-2053729026
1881907521
-1358481253
-1427239801
-180624263
494862187
1047039347
625286925
1937910740
1784126153
-223615241
-1432350860
-1806797699
839741953
627176613
2095861231
1387336136
1874135914
1683463957
1517275666
553710319
-1189021509
-1350642779
-200474714
315330907
1221288453
891676248
-923108160
1054801697
-1629959198
774417915
807679248
-670574130
1992592622
1221901961
1946039926
611657063
861578870
-118725168
-1309306150
2052084651
-1398147985
-1949675949
1411748668
1278737306
1725229225
-1285428110
2009368585
1848640826
72762692
1744247240
-165885263
1803701656
1437764194
959021780
1981531253
-1539897588
-1025111266
26659546
1657409157
360470977
728423868
656443915
-1398997175
264833140
1873877792
1125222883
969095422
-1744953988
93790596
-80747566
294849925
-225975287
-1743335835
-1518344674
-363148425
-1866550864
1278731198
-833232121
1816152188
-1110686682
-643363720
294866475
1759395037
1902294859
-413912032
-1093809109
2065908822
1474189162
-1284364838
719657103
383752241
-1455696961
-715348331
980870630
1890309775
-689924807
780762751
-705815503
-693867768
1942699392
-386128453
2078087554
-434475914
1335792184
-1527052207
-819406625
1796473870
1532582023
-532638362
-1232788629
-511462993
716301525
-841904724
-1205850169
1455358334
1463050962
-1706736357
-1587653707
1899136690
-1901127236
-1142699040
359443454
1708797868
224932065
-339135851
1216077462
-1411233974
-766723997
-1401135693
1457675005
-263800965
671152699
1985682500
1366801639
-1702141674
-1783212161
1512338908
695285022
-1442734873
-567593497
-251305015
673258663
-1380173301
377340301
119237001
8001059
-1986753155
-909998349
-2069643140
-614964872
-440899856
-1914951350
-1706751270
-90552912
-446562594
-501106447
961331686
-868567776
-1042796064
-315265477
-124202141
70225868
1776721216
-45757323
-176610745
-1275123702
1625452748
420442406
1012653742
1612115300
-196474388
-2003430504
986900753
-282631742
-111498249
-688949097
-1968196425
-1922581304
-1378293311
1122197112
-1613341334
1860559229
-167930760
-19946148
255845486
-684881364
-29211728
-1586481226
11454639
735825550
-1880765765
622753546
353922616
-1184733143
196226878
840184054
-2064054036
2005948658
-1257048832
-562405258
1257176687
-1398024135
-1994140923
-1127465118
-480906396
339978693
1733109211
-224695236
6879197
-660847810
-2071678157
524953640
-1091139825
-1929419829
-2069982542
1344074043
-1859629499
-1568996869
-1081913335
-581632777
-1769214185
-502877208
400398914
1461278486
1101607131
215283097
-551349155
688695430
2135250266
1074262440
-452912357
482994869
-1992653626
1649913892
1735365656
-1235055858
-775584533
582078392
-499574241
-1633893694
597372837
-1262932724
166271673
89728715
37379217
-175235989
-1274693369
2004005933
1275474439
1320032677
1183091153
-287515522
402657607
4461110
264666334
-1913170263
850891249
1446030759
-1067939963
675788782
-1669709638
765737012
494658692
1598363948
355734877
-2103831634
-263062257
568478818
1678562254
119526050
-1900720340
-45652365
1625148597
-128949829
294249789
485728552
1197388058
277734244
635777758
-1802708613
-291541668
302719409
1008102129
-1775096302
-1102037145
-1973437825
-694836490
1367048713
-1246200795
502295001
-1536075873
698869748
1364178996
-2102978915
2083989155
-921093853
1257523162
-619936418
-556936750
-446997209
16075317
126866828
1652809577
-1646656107
550876086
-773444398
-688428121
-1739595255
386993104
1076835519
2142306207
-182022034
-998125077
2033274535
-426475185
196005243
1335147934
717922763
1307087090
1988929920
1114852894
1977771959
350611346
1009501538
-352101136
-1040704789
-1497003296
-104080413
1967171558
740584381
341699143
-1711924442
122717768
1413095293
-523486914
-1120923022
1073691984
1156791770
61381341
231290933
-1889949733
-335990653
-1273433421
-101954484
-1660082850
-1034110703
1358917334
32381569
744686614
-1073946333
415178554
-261660332
-112469373
-1163245366
1608658502
-163585794
-398293994
-960071897
1720880804
313317042
-1961511640
-655027885
-1165020584
914712613
-1709024722
-1318118530
2069176084
-948714672
863516203
1340516442
-1445661751
582088308
-888834971
-991192391
-1853705343
1550697566
-8576677
27811188
118942059
417265900
2054668021
1121432975
-1087014345
584057295
-1903400963
1044583066
-39864668
2031144850
252982990
1428881753
-908295338
1565016794
2050024266
-1611553625
966437356
1796778478
-909456368
-1166452585
415147858
-1697639815
1523179246
992469979
-1269920941
119894927
1175458965
-1029645463
360955249
1443886061
737375115
-1907352485
-428623112
1104531588
-329200027
-2046328810
926818896
893691704
-1565544140
1535192750
-1430282349
-2065880604
-1077726657
-1547029623
1236176479
316177825
2124061170
-592496575
-2080414484
764267080
-1708124649
1031768526
1069300832
186826292
-21828541
-1860645916
1264323169
1121585740
-1089609838
1500511898
89874412
671029824
1770110358
955431500
-2069773980
-1801548527
-1507375477
1315292609
1381755886
-416337449
128640208
1922329231
-1213948933
508005566
80209810
1584802749
1960487205
-994564015
120599754
-760823126
924617535
-148687110
1709745768
812025390
1733205158
648956105
2096203472
1058512894
-1366118947
1391663476
362143877
1770959957
1265417817
-2078229858
557028643
-892084273
-1439043944
361668188
-1090949230
1146826647
-1873019017
1696024052
1933026680
1317664708
214758085
1151899879
-541950993
-1580160000
-1611423470
-439080911
-1490156680
-2131288470
281761997
856285646
509943598
-1095546691
-335684979
-1144260480
554519358
1602290609
61884078
-1731001393
-1515465066
1731416225
-1715941344
1459985489
1176011740
1310595437
1660700795
-325650389
-539703903
1044482721
-686827179
-1630254121
505285078
1942907862
1680637655
962655014
1393870974
1877809752
440866702
-182606200
-1799796316
2133264904
972627326
1576485003
-384149872
-261295996
705911932
-1617045599
706824757
749862532
-1703593539
434974758
-1607846676
1001835399
-782737239
1927006880
-1974597785
-1624975442
585754869
-1923739065
2133850335
1673906150
-1895347728
-1631621176
-797008752
-676347827
931573532
-668253115
-1452516762
502431950
1742176767
-923004768
879378168
1659316237
-431932101
1454853369
-1716824395
1778303114
1020517596
901821556
2108033116
-1660290048
629047281
-1869084353
-533978447
1605812494
-1359605923
-1688169261
-519466643
-962171111
-2141258258
1344923769
967110005
-1437991825
-1521846866
1642439183
-618898353
-2132847952
-473397639
-2140260085
2030858961
985501033
5646799
2076121024
836112155
785645313
-930664469
1606321376
-1995219514
-988143656
-491165164
-1191304895
-2026144163
669830060
1746904626
1306459619
-1116243189
-1372098241
1011371939
1926401586
-844986474
-1660020682
53266767
-62784889
-946160757
709321028
-233581319
-1321625868
2108079035
-1863064441
-2124244008
260997696
-452458779
1854050865
320679014
2031137072
-1525098060
1245182315
-594509449
1371269640
1238359531
43555189
112027276
-989957040
-982312738
868524305
-650326680
1817477339
1541852451
1892007969
-2037683996
-941388283
-6536310
917893007
-2001493761
-1028568005
267366217
-844082324
-2071317447
2076559039
973316475
921410395
-240969184
1816188076
-1692680245
-747666128
-802587862
744953400
-983584148
-2117245485
94294469
2133525049
-1190494900
-1789010838
1849854124
-1594177558
-2087077752
-1392241737
-1155224964
-740030226
-137143263
614020541
435910278
-995446892
-1146088720
-1725368919
-1124274458
713057627
-677164841
-682470416
1400550356
836660665
-1801885639
179175604
-1592803271
584837399
244841131
1196294252
-1240147067
-797522912
-1468882709
-1853851966
34198719
-924461253
-322759152
-2043036737
216980189
-881919403
1082241539
1177034533
678069845
-1901850397
-1350623443
2025192987
-1035048973
2123780647
-1848166543
962924303
685060333
1841254833
-1904198564
-1019738153
-753743820
-1588360152
-1046946149
1368261145
2126504204
-1834320822
1883949229
908411373
1695540958
-542868432
-1891721000
-1221508416
869880397
1672935126
2130294369
818556539
2084944774
1187753434
1112329718
-524672285
-1782563364
-290973820
1233043823
84863298
271450259
1734220038
-531306827
-1021508537
1424357627
-946364156
-1194954238
735274
-275105344
-761076139
-1085847734
-1412697837
-1464441984
742215435
-479596808
1574710204
1994132126
-1518910544
1063231965
-831142828
-1101060523
-823430445
-1244094363
425545638
422698255
656951490
-684308213
-1622023558
1221607927
80912280
2015601166
984050491
598857677
519367545
-1547679132
-1459977767
-2117079816
861824796
1976894959
24564208
-315808543
1730806921
1565022446
-1424522455
1295762046
1086137891
1870456501
182141920
-607811540
1896506345
-374700128
1968953863
2026979521
2078597368
148785733
1540578889
1177503201
-520817325
-1017326616
546801010
1142396816
-391696409
434492467
213228557
1004099849
645592264
336494630
-35645362
1967441613
480656320
-1546368948
730392114
-1401554434
-128437493
-1326957009
-770584092
1094192364
-499332517
793173261
1303295075
1016952048
-394302943
498543050
-1171569056
904111480
-1498719474
-2096669143
864075116
1384468579
-659775017
1535939382
1665505106
666883983
1360810808
-154263802
-758892607
-1962556497
-198204356
-1902339677
388709422
-601795487
-2142160198
543145280
387230200
-731415169
-136281566
1986368948
2093963980
-879958604
1426786425
1018213157
-1448588470
-508315054
-42981471
1248482307
-769151000
-530420637
-545292578
-2114405832
470807574
-2038387971
-1282998123
-855040099
-752154717
-2022101286
-26372011
2061499823
-472605089
-797693144
-396120805
1295621250
2012628480
-1048086628
-22871087
-1506796299
-1357613495
1626785740
-1863596520
-549752282
844758888
628065214
-1845186233
-642580952
-1132365153
-1630464581
39891378
1266664947
1498587431
-322190999
-982749650
1378447516
191081808
-726837224
-383088684
307725765
-13817364
894721627
1961726469
-310141098
1786827758
917993179
-1553267025
1781564012
-2057670067
-1695013273
1582480077
-943369327
-1492400083
383075662
172660532
1298881070
-550304447
801288688
1508284811
1447036733
1593661546
1144068242
1630626202
-2079050942
-1691514716
-1612061582
1910099656
671926139
1148762146
-1341084133
375288286
352863829
2018096566
27048698
-1999120623
-1511004382
-232947594
-147693008
1015999550
-1320011511
-2085494372
1768778408
10291063
-2028961475
-899071826
1546303084
698831293
2076657778
2027230686
-579809484
1503631887
858639243
-1098211662
343681088
1922094243
103760791
1685829863
-1435686553
354273906
-163825410
1128794003
-2023532690
-1866679046
2088850935
1503184521
1873948061
992150079
-1131123652
752611328
1116830863
-637543150
-1107320319
1557764214
1869898314
-967436907
169736737
-1528257327
-162582641
397940221
-1824805990
-1976156472
-758788494
-542994535
35650619
-270161024
-1077838292
-160568300
1196266139
-570136455
-1719273426
1141837558
-1600031923
1101574827
1699435130
-1151063184
-1446503087
-112272404
-538758354
1733472856
-1182565939
1928073876
-297457311
700947569
-432827652
-1351385245
-62439630
-436497168
-323008923
66379169
746920221
1165019195
-1390844336
692711814
-1177995632
-1573365005
-2106458507
2059043036
1668360126
-1385575116
-504713226
-262884894
-1669411662
1989594651
211835023
-718146445
899019174
-1666563192
1615558924
1119803751
-1371087724
-1035367900
-1076097286
2057206841
1727766541
1002123685
1921832353
-1490525462
-874035382
851884368
-1355472335
-787875804
-810340480
-768274241
1113575226
-712834143
-879222152
382853348
2065754977
1581696205
257295966
-1823874739
-469033136
-1333685334
525743832
927120809
-1908343058
639446003
795990874
885870474
-1683113520
962332292
-963195208
-1441058708
-1238114578
-913939208
1746594812
1013770229
-1554503783
501871507
2083968121
1421752958
-1042711124
-988338846
-1491172576
-217424943
134656257
-1084903776
247415057
-631633356
-776630233
251380059
1334824821
980014502
717641809
1441394775
-1168582006
-2083055768
844738704
1059576882
-458683906
363224510
311338052
616304328
755581569
1188974582
-335458096
1587259608
-130356075
-1860284759
43661964
-2043361817
-1760340824
1908954176
-1379304193
1960884836
-1037797277
-624305735
-1203221939
-122056692
-896215740
-1433943125
1580101102
-316644208
999099498
-936535161
1255196320
955813492
-155488337
-555706080
1706617758
-160060359
1977273339
-1151647636
-430608110
-442957378
-64289577
2088671115
-1140490297
358402018
715085120
-726517495
-2095467486
508711534
-1318106691
-943929760
-628131758
912404530
787793843
-1554874688
1223380422
246131053
-1349339656
1882193425
-68568609
-1267515279
-1979376987
309553208
-2046440985
1525028999
1748288047
-1840872295
2035245632
-277715185
1807074232
638619100
-340768
-204254485
1471772322
764328436
-1414120708
1106306590
632401253
899595869
-328651261
-325388881
527190434
-1216949084
1892481997
1596990419
-1773437576
-1212480724
244113940
-1951375286
883969557
-627593682
1469013282
1691126537
703736718
1577432321
1307686348
-159703784
-1684557325
-1562599525
-2091255138
900987837
-1255020642
882614359
-1714235305
-2056005158
-730034997
1327132152
-2019031657
105499539
-293908371
-1260439059
334575062
79163443
-1116406209
-1058584874
-639318120
1541035600
1009449496
1065608006
1290445278
-480936404
-1447256957
197512394
-100993825
599793245
-527743858
1041055530
-748957192
-1714286928
1517105890
-185256978
495701728
-253985461
1254785556
1077188131
1985423391
1588449809
-719269831
1299738206
-50850112
-532290487
2032102847
-974763263
1660570949
-1780128127
1314334074
-265918276
1554304986
541961392
-443158019
180969302
-1272144946
1186214042
2126001195
-707438931
270914110
-1757448072
1816018701
344131579
584079890
1226392535
-1014084380
569577306
-2143802067
-1317264704
-155700862
2032685449
1139852511
-891233512
1544642005
1109162480
800479646
-254656438
2119502020
-812657439
699853302
1110728994
-295857859
998640160
1458584765
1899376636
592014734
2138405797
1261392522
-504166115
1076837364
155667616
1880160870
960215904
-1398159247
-1281207108
1311407556
710211348
-1195500574
2128315303
2054985646
-688699612
-1037375408
-2071299886
-1379783871
1050343544
-766384507
2053722997
-833655461
2081199003
-1780418334
236125909
1062040978
1053609118
459941744
1386446537
-1805030809
-2040459973
-2122921676
124911737
1187888314
46660924
-929861946
1414837097
1521428097
608677149
1335321124
-1604669771
589193396
975259376
558092227
-739744098
-949304181
-1907070592
-2021397273
-622365116
-1720628245
580555193
1129885491
-813514315
569812253
577058375
370141571
1442067494
1860324800
-1120962180
-770711047
1585028735
1109125377
-2044816010
478000470
2145024540
1311458568
-1476761984
647371658
859870161
2060370869
-650528840
-2097847923
1975640879
-289203573
-1988872718
-2122011537
1159336453
1077059052
-364499748
697293230
1744205865
301042566
1204843106
-1914138425
1327468408
-1676670963
1388389460
942692879
938943514
832685098
494410820
1068289730
846382346
-14254926
1503935924
447100508
690895061
-1409431013
-102432143
-1199430361
1906965153
-1593576661
2110646585
735113237
-377093264
-836978959
-2074105181
1738410447
-339123290
1800159737
-1813686208
-272589555
-347377464
1598931642
-2073966084
166393895
-1252291706
1620726099
1973157322
34381292
101761530
902438518
1772047744
-1987833934
1853542962
-1973084764
1517199102
-1965382482
-1736290069
-321413478
737669782
-57277819
-1126303585
-1131247094
340259751
575671074
-245406526
195442062
-1043107957
754930634
-1590051513
-392035623
-1801005390
-2023261843
-1710680472
-881705425
-106288113
592045629
931760295
1301868566
1361708722
1952767108
962151695
850761293
-1715697227
685234866
303114687
-1927612419
1487107676
677489845
699636392
1785825582
1195031671
-1772241267
-953572715
-1856499332
739585291
-223640545
-1987927957
165382666
-597740751
-1929115064
2049639602
985294517
-1187399875
703530293
-2121079981
-1812545908
-2093117407
1774841841
537222563
-8517760
645539603
2120814910
-1191303009
-1981523625
558379374
1543731625
5944185
43805670
2054399189
-2087170344
1922609747
1140114559
1573800350
151844902
2083262793
-1430927705
-1955688596
-1557593999
-1676504139
985897996
-738949091
-1869758158
1936434093
1826760629
224996583
1746217677
725554640
-1998030725
-823504451
-1780203991
-1157241534
1385459383
127396599
909314947
-2110510092
889620796
1163757873
747981439
-181150936
-1124528761
1954361202
262922112
926152756
1128595253
-1485903984
-1495735752
-970432123
192584372
1375385811
-15402622
-1986895898
-1535490243
2024334553
1318985838
-815101950
374748161
-251752776
438642845
17346599
-661384030
-1648676759
44076495
342818380
-513167132
-424836509
-700420422
824791637
-2130297948
-1141065338
-1972846819
1799524500
-2035964664
-1691533510
-1789655277
1592103059
793402359
116803544
894583724
1683469328
449655499
342879048
-423838535
-766023096
1924815685
1584899050
32564198
-1530322056
980266433
1168332729
-181300978
-213813088
-2008043606
-1376170066
477048778
111381385
3673391
-567951006
-1265077
-352918775
370244150
340578038
-71279255
-217561210
1629892241
1294082358
-1970486789
1788699576
188445039
2027782140
-960530583
1379610034
1310058516
1899367634
610823038
1627085858
359111628
-637271077
-208282750
502098903
-2050757860
901981938
1162758791
-549193341
440719931
-835832045
1157826819
441938882
-1253017920
835592185
-1024777825
680749402
-861650276
1742584329
1650442061
2062809028
1622661705
915228270
-816815968
-334684693
-1025029565
-356578940
1215720535
1072559922
266913719
-1643600007
1179974458
-171040068
1813561466
-2040846543
-1165300951
-376186138
1751283260
342736746
1288343409
925204760
-533030660
-1725574623
-1406430623
-1218338371
780440766
-1996965325
-373236707
-490425201
-812480900
-722841786
1436914353
141827351
-1527051175
-308984855
1330743144
2111450996
-1006672612
-69680647
1177986398
-1686684326
1676645083
1855514950
-38914732
860352349
2124510454
-743041929
1347816131
1549889135
-1930752697
-700905430
-932516301
1785209255
2069849239
1525706847
-1649485620
646841412
865124947
-509718506
188667181
-1626220560
-1961743490
1100629813
-1851418244
1644738376
-291676951
1740100271
146091709
-1127232357
73512098
646834915
1652767079
-1424215823
-942424407
1412408385
-2104969420
-881117361
1117542633
524006963
2057258552
-1015699399
750887526
-1557984199
413354293
-1884507784
152250802
-1629174442
-1004307155
-462451171
361107109
-1132444246
-520367049
-575329595
-389739700
-398180768
-79517290
710232605
1375967265
-936652855
-137583865
-1039077976
-178086020
-756471351
66900825
951191232
-785877942
-699445647
2094789187
1317450713
-302710789
-742204691
164281713
1744604685
-1053402176
24378016
-1882138913
-815478060
2091993334
-425596787
-523586454
-986565102
-1691075363
38445816
1657697444
1754155094
1489171341
749712716
-1186419481
-332210848
-2030846423
121846847
1741653164
-1639297308
-468254636
-769750988
-1212435939
1307572109
139759843
72745439
-226743320
436691524
1450308052
328480046
1821549653
-1010783823
-1850764417
429925991
1702109594
260361217
-1504012533
168908173
2020231021
1768748777
1788068898
565580808
658974171
51646443
665036264
978784388
-494493352
-1748894504
1430192936
-221430504
680904726
1441034389
1184769488
-1022528597
-928405351
-2118041567
-2139314785
1612676243
-1173062261
-376798250
-566318564
1798069118
413221580
1723664622
-1630283831
-1825962347
-831846451
1614141256
1723817113
-1066865698
-182021346
-2081173652
1865404318
-425072415
-1993725116
-79256372
-1584867322
-341206898
1088985296
-260261812
-1637101752
125311837
693220780
-566913276
1986777753
-540885577
-1948508744
1452745028
-1402144859
-1046011756
-215952236
-2013291048
1836423291
217958500
1210774719
229588364
1790175944
-1971046862
-1171604512
-1450716430
-1880533433
-768807161
-1118009244
1890173538
-1114620297
-1973545588
300522568
463564353
-2111294577
2051897842
-1450067657
1816699782
-2074100049
-1556921322
-129373737
-1682716038
1469201751
-1275421729
-504492961
700112830
-259817444
-1280707606
48755308
573208978
-123068264
372431465
-1937233387
1772707156
502579874
536048712
-1258699716
438528325
-217729858
1949435536
-1082414041
-1672292717
1940104151
2088579600
-1457560498
2114787219
836064811
2019673401
1777745014
59299405
755605894
277956682
-1483516674
-517548227
1829507250
1017292716
1834615672
866108504
1905912877
-917987170
-1770689414
-1173019572
343054876
1550832660
-1244698954
413401612
-1980135041
527475676
1865022280
-688125813
456072358
1268727299
-220194993
1030100679
371803876
1699117686
151470782
-1076785144
1334563201
-1832882453
1240821876
1915743337
-1559528460
-349577983
-1765065847
-270905961
-637113519
-262414683
-36428310
422910936
-1594909440
1823044792
697543719
998371151
368201903
1150606318
-1888533877
1326467453
-2012373623
1099615225
1767018348
1812062987
892839591
-1695546139
1303148229
-572550714
-350543162
-525349179
-134690047
378014442
133770043
-1673506929
-1561086183
1775371682
1399096867
1560009540
-1580124704
-120618545
-802496546
821862996
-1331418467
-1908918520
85174205
-1499831745
-1832522022
-1319276575
1080263673
578813055
-238524037
-1301686928
898535654
-2058807388
1166672657
2111041292
-1535975575
402009793
-1348203664
907172440
-786962777
1921495814
-958307202
-972226689
-1182343937
1643586478
200574541
884393408
-1474614215
-1261486053
880881772
-1628468180
-353798913
-1508722626
1174363258
-2004456786
-1076963957
1597177660
339887611
472940364
2141284257
-1580260274
-1463313554
-456602709
-1927927360
588043752
1033907358
1014097624
-998258796
-354684131
1107601976
-663058619
332199342
865554241
-1799468387
2003970321
1701074038
-931427377
448030713
1240159371
1072107103
-711512947
-1016239212
2050836728
-138238627
6638061
727882343
-2073096300
1359848339
-1753840202
1911265010
1771190998
800203601
-1214110237
-1350587316
1098110456
-593206723
-1737262645
1045968507
384714934
1477628879
1445326209
-866075643
781136725
-1117755646
-1211863171
-686388025
-252672282
1838216008
-1306063749
-1178404348
1381260747
1121648829
-19667549
697859008
470243450
-1416536161
-1502157591
-1158916273
1510310529
382354174
469095350
-1941202136
211420105
1901122223
-1654868024
1086555134
1248993822
-1731630970
1295555157
664968977
807425774
616557763
-2018173578
2121874880
1184136528
-455408180
-1389132861
-1485500829
-1361421240
535170844
777522746
-1818431913
515903817
1410272123
1844761700
1798261081
337256186
-992672145
-905479494
800496151
594748476
167155954
812739396
9232388
-1219395732
-1955101340
1416131714
1019223659
1193107941
214933186
1360523920
-1311295289
341186504
1002729240
315156100
-1357397935
-227702786
2039632180
-1268146150
1440909017
-577949570
-1910443620
1907613075
314968793
251142859
-1605735743
1488618969
1564676294
1995556032
452685939
1721131238
-818872919
-1270261361
946224791
-1266978201
1299498734
-1255762170
-639025384
855038620
1670810492
-1816933612
1743100699
-1297129087
2012162565
805721484
1875979126
-1828646862
266889374
-1217496536
194149473
-244417397
-1067482735
878956239
854382702
392735502
1994598770
1775487514
-1985114442
-1063736567
-1300012432
1693201940
447408212
-1461432072
-948260628
567511873
2075689239
1092203303
-44202673
1717401569
-927205518
-104641381
-453644520
568989557
-1488443465
-278861262
-1497436877
-2021482878
2010408580
-127941111
-699142255
254705300
285765245
-705792739
-279028236
833111685
-471009989
728730420
2127837194
642368255
1885084547
-1625810691
-319282499
310059838
789327034
1064659062
1119647433
-597088742
-314416744
-1083729011
1429218446
1552061252
1558354460
-220917494
-994737881
-1434614577
-580107585
-63654997
-785362758
799622386
1053022444
-62154864
1499046417
2035926028
682345134
-1537439271
2000506729
931523303
-1866043989
2110682765
667826314
-1518187200
405203280
-348600131
-1262777833
-782892922
-1743490995
336799976
797091367
-641754398
-1762093756
-130531935
140411411
-1747149193
-910752068
-1723772305
-1804694127
264623338
1445535323
1740310772
1769764609
127360804
-530141356
1066498128
-1536597753
-561808042
-651638755
739532487
515923289
167465789
1328175973
-1092990560
24461529
-571921241
724960325
-137111728
330573029
-1700002251
768563637
-296847400
1041705454
1346133601
-514226879
-1665642646
1910329159
1709085378
-1820061445
1240276818
35025983
1900498318
400695475
351164691
1600509553
861587297
-752907675
-1855537200
2134745433
-1007165124
1300922866
1048329198
1250648875
768367311
870304787
-461847306
-1762231585
2000660730
1504881802
-1426225729
374264720
-1705627503
-1867971687
2130812619
-1831108346
-2092504737
1045909176
1209019121
-769781359
1620684141
-1089503103
2102356540
-1147623144
1883551876
1102111726
253048595
1668430192
-677110801
-1095336249
-546625127
1790274546
-795989372
-1901811883
1562840406
-1382281145
-1468784411
2026750299
1482853654
1830954117
1471057411
-1770957242
241645841
1362676351
990461923
1186462883
1423067980
-1381843368
547010724
-1857961264
-100282818
302588505
254767040
-1910238986
171116981
661697540
626090898
-963693002
-157001222
1327808105
-1770471657
-2145184478
1319818547
313417143
578459640
-1182948498
553018120
-1094457323
-1592325945
1879388390
1868901001
361074610
567815049
-258233950
-1195279793
-870739430
864532596
1174882169
968068832
101419211
-1365684999
-743414093
-1969300648
-1963479288
-1488740604
1226535425
-243746748
1917071596
1189290113
92346801
-2027905839
842520513
1290065698
-631879139
-39827931
-1260476526
-165647265
-1296525980
-633573108
1931624958
1651816894
-1010105252
-1448801833
-695918002
602559828
-1973779769
-1877084544
-783481142
349430410
1809865412
2036850450
-589685945
-1952699612
2003596167
-1765631929
1403894020
1869497471
-1788328116
853087346
1904005047
14959897
-1094794104
-1241448801
-2066265118
-1850913194
1409584737
-281648136
-55636374
501476993
-687910816
-371323031
-1113699991
1037704976
-2086528667
1004501895
1752585794
934306603
746582490
1699839661
580737270
-647902609
1628774699
-1862068888
-1034795851
-28910610
89839221
1708912404
-1839983176
1118678394
-652203907
715563206
-622701491
-45765853
-438394653
-359619988
-19253965
1963053821
-1032862058
-1630897613
-736826585
-889427674
678189962
1400158760
1398865342
-820811770
2119516584
1638708257
1203353973
329593048
-147768570
-397015074
318573830
-179748759
1800010072
-949194902
1368483836
-690426848
2036740261
1216048583
1400008329
-1260885186
730177853
-124795959
1362400919
496021605
-788574999
-825176254
-1812135396
19847006
20007780
-1121044385
-1452528974
658909974
2029318666
141594961
894382694
559810537
1761690319
-121517009
466939343
-1929044446
-1349462414
1974250266
88144738
1735907522
-1421888015
786468513
-1595376635
562031744
-613886145
-268876185
1709785313
1477399313
1385312564
1868613635
-976911749
1702442665
1156684484
962261031
354120966
-61894208
1459874163
-1767263741
-1437512206
1075087129
299041544
1815763179
2122550984
895137279
1394529920
-449658826
-1282627271
1256197841
711487557
1019192681
-807776141
1273162689
1209900447
-1888257899
-415888458
1772712408
-1793666198
1058492157
-1142170073
-1557168580
1300253705
231070715
-1357703196
-1771068491
-563965798
-1337813981
-160783273
1795161197
126738795
-1577230680
1937467855
-1039936521
1475293611
-1856669442
-137851316
1744792978
-410211740
-1095470911
369014170
1781230253
1406331048
1061443541
-2054124384
1857656238
129723146
-1164798259
-700434951
240456942
82305616
329449872
-788894781
-112965112
-329950874
-2146627015
-1805555017
-63774381
1476749460
83324479
-1162675590
1410258348
-1842681869
-1201399339
-1248450766
97217656
-313862884
-1350435437
-267222949
982085096
-90611677
1188995670
683405530
-1831592577
1407603651
-1449310365
591103057
1620489937
-739554086
-947472686
705605045
661025420
-838765289
-1994949591
-1797528802
1375295420
-194267919
719872327
1851040478
-362652342
767398106
-1993910909
-2088094252
1160748997
498476468
1989485332
1327219457
-300961948
-815138684
1390319282
-637958053
-76596661
-452096668
678296957
1793215713
-36661491
1348336062
71048478
-1568841745
-1951206542
-1396447818
-1191835093
-314263085
2079796089
1696641256
876576975
1536692639
51154079
1375514195
1060086698
1552612416
1796213089
482913172
1554007286
1183672527
413966592
-1856751786
1187388906
1529810471
372506499
-222471416
-1005938590
775134647
-799892990
741718993
2139492031
1161219992
-332215520
1262769856
-1107057140
-243491871
-904481831
-2014688184
191243873
-226806470
162063485
1518628587
-673745524
1383176367
717230587
-693466828
-693987347
808896198
-1638769822
15240937
1412586400
664467922
2082005925
-633524863
-1817374239
-1250595447
-768818274
-619941933
692583084
319720404
-1594714027
-152278768
-1426897244
1866437350
255472001
-1633871117
-1884695755
1335756944
-53730226
-1663300810
-1396833028
43683538
-1661516192
-522765241
305095781
-102765132
994858263
84573499
-1716854635
1270376022
1255558420
-1903344381
-107881333
2014094150
-1207814660
-561607460
-1534956927
1928387089
2136041083
-1327538676
-526558825
1223291420
1662878859
-811333942
-429065805
-379730764
1634059766
-1794168195
941210018
-1891710366
605107481
-1640423127
-590871677
1077201283
-91619862
286874150
-2083718300
612981272
659687227
1764668946
1847460909
1463309019
527522879
1778322440
607727292
-621710446
950217293
-1662169583
-1576863919
-807804762
-1506912540
1407779034
-1829243604
-609139722
1201861102
863042215
769089652
199730920
-259651512
-1618043513
299209307
-1133618751
2022283906
1611530441
1991500670
1071610934
428260323
1804254638
-284324719
-79889597
-1353966161
-30387361
-1358992069
1245780026
632523435
461919777
-1421157058
239586590
1469388512
-106963514
1148316634
309961265
1834420127
-361699482
-2142391949
425052363
1212528581
1846779471
-377120911
725782380
416218176
-1475952583
22592103
-1465351404
91278545
1797099709
597215862
1435357650
-287099629
362090504
-792195597
-2048081253
1342296507
549021899
1833069127
1247368797
-445030880
1621084533
-1334601961
-650680750
-427682306
-1207427932
-1432690780
-486288487
-583536778
1841124568
-2067851661
1296604161
-1766985384
1124220777
-478437584
1358751784
-1326831195
17044155
1014608590
-611359036
1137444942
-47502417
-168345101
-1763014336
1236738626
1421192796
-235988589
967275914
1375248551
-1903231490
965488090
-560086741
-1182932890
1511145518
63713103
-1622455913
-86571539
563437395
-640430538
-1737441850
1961396527
-1283637160
1454985269
-1057706750
1817902575
-478994530
95444025
-1981272318
-1492607938
1918781748
1791762586
1755674936
916213058
-163274683
-298109060
313652583
1083064376
-966284847
1915940216
194162039
2045135803
-216330592
-151662980
-128245620
-722690234
388810866
549166319
413914452
2054523126
-645501317
1727993624
-94945888
-1879223404
1949455629
2115514048
-2126987466
-1147830061
-1318685545
1632605973
1228076516
-1896553515
-488485939
-1627206448
705135320
-2012192781
856437032
-398590822
-1123287761
-1346744387
-720517231
-878482517
-1998268469
-635250625
-2131326376
919488180
1353207913
2046012550
-35216278
1138293503
-1353139215
-379189918
1572046531
-930251309
-137968624
492425580
-828706271
-2075646436
1759603203
1096900938
1336961017
-17040309
1619190454
-1591405519
519845550
-1454267269
-534339571
666290347
-738028288
1908950741
-1863967872
1218778522
-371425086
1330780724
1944008173
1159368572
410211536
-1654885109
-1694482263
-514482705
-1878308290
432900230
23266263
-125196937
-1269278508
-780129809
-752790019
654477695
-937678150
-580366765
-266135341
2020592285
2130909039
-133096348
219066206
-1429420774
1013012991
1120909473
-1232977602
-374352976
-237963659
169095091
1716346691
-1306371435
-607911283
-1695276262
1707597125
-524288328
2066105774
-811525112
215741748
1392217418
224683030
-2026461043
136775533
1431066495
-958527146
-714430733
1123388495
-1427175787
1244382721
174875499
1091832590
-317641707
1207473312
1491430376
-1715983930
1861161560
448412136
-1848033718
-1386075437
-1495297716
1049818158
1246704831
-37196961
969010039
458894874
-2021370778
-169625797
1526593340
208742555
1780015668
-1169390094
-276359075
1927532570
159900187
1686533403
978767297
-375049999
-176888728
131634159
1155258230
481967902
1950270828
287724570
1915173112
-232987341
1275872094
371602389
-126837837
-2125689199
-2022601089
1754297652
1579144646
337682645
1998337919
-1062111556
-1776183031
465868945
283451423
-445611720
1059688017
-1626555074
-2139205097
1200955084
-1427873550
1456316529
820830265
1344425802
1094745732
282057805
375207381
2000694724
689737450
1570555192
2145548383
-1079911583
-1223235441
1207435985
244834127
-1562459276
1563002099
1504003105
-1784338872
-485258038
-697157275
1868071696
-82477700
-1232057277
977221649
2023918361
-1232954290
-794899293
-327934659
-812468415
646699576
1875181482
-136573745
568466245
-1288998418
-1282085791
-180247534
839617554
-8760637
2069671606
-261241927
-185123975
1536500812
958291019
-1095076317
-1474831582
760963138
-765402486
1912042976
-2025686335
1055631020
-2014825988
1110579315
1483314568
1246670909
796150491
-1177902759
1492583132
-722173190
-460587291
-1386397366
1812446794
-2118267617
-531530638
-1532672578
629652156
-1752855997
-508823864
-1494926158
1398486247
582833850
-2014117970
-1262022485
-2035926777
82908474
536700478
-1219272453
1662668750
-1959998784
-1623281921
-271607230
-599947623
-24521548
800815410
1665569591
941442788
-1361650357
-1555143316
-1099451992
-1894600448
2023764524
440160612
1881463742
1751477763
-468426410
-374342386
1752676741
250948862
-73711552
2007133416
12257964
-958316683
-1917599423
70688147
-13822840
1621690635
135215921
-1176216412
-1283691426
-424200579
-1339619503
2000116412
-1982815775
-1426788399
166959463
-2086352171
-1336635911
-1709082162
2117760557
1179329247
240142790
-176293202
693808107
1989464458
-1606610461
-534489582
1876275554
-2064646811
-1575118354
928732213
-246624532
-497376984
-586574776
329877604
-2088143392
-1448896179
109277721
-427054419
2007575099
573994724
-1004822634
902453462
-504634756
-615437401
1951711366
1958113936
1798177230
1155523404
-84889343
-598571796
939872364
-768827878
587615866
-1998391026
789222976
-816488257
-1598272256
-1530529249
-1001407538
777325920
-947544896
1359955592
-174287537
144194032
-595582002
192110684
1074445345
1473812420
-1084305372
-103755499
-1640293795
1099874407
-212580886
761099394
-2065298231
351501226
-586961417
896073472
-198099215
-108604672
382822551
1258631912
222602639
77891080
-767186802
-1091077817
-817218765
-1793936279
1741634141
-648097324
865755935
351326437
106232771
-239841762
-2137975181
-1707462232
1038665606
-1921283068
1671839625
-579808799
1020713330
-547626134
-400169054
171579540
-1602687326
380779305
1183521473
-2147436371
-739990019
-868828857
-1958042153
2118909527
33613059
709935720
1359549215
1387142542
-2029632311
-1704526717
67733707
573593074
-1154823358
455100631
22638048
524091358
-1787202369
2036721952
773257565
-2072717639
1994019256
1984316422
-2005987421
903746699
-497533748
567999702
-2033118704
2041656019
-1124242170
105665139
-1868725012
-370121577
628123745
20380046
1350479752
-46916165
235870861
744023572
1374198436
1357396886
-1948380173
-71518232
724570385
249209538
-1921108745
-1226653998
712935063
1152738867
935020924
-689845834
-1898216
185322378
225073324
1013527816
-2145476620
-1136475989
-428430088
-248451969
1288486319
-552429940
1785256030
-2013572088
-982603823
-2048322224
-1516029719
-1474802691
468384013
-917488237
-1975271042
-728251242
478192037
1357859591
-430765356
-1353870177
792660492
167824447
-52105020
1806665579
906705868
-1133386806
1867464642
-1464740344
945042602
109840004
853489322
-1168801869
-1156134905
-750007512
-1497440064
2128557454
1123267208
-425943256
2034732018
400870799
-987708423
-170232640
1812914015
1607102652
-718781586
-1619542456
1859147292
1210579092
-1493700181
-1279833399
1127031348
-1205719088
-1460449851
-1219569709
1918417905
977988171
-1898774520
-2134872947
-496459431
995502141
1314230043
-947531251
-1620964869
-1524516689
1482933090
-2113225494
1284018923
-680521942
1988975779
-366511090
1226647306
-393330510
1005125099
-392740656
-2131974262
1864915954
598504370
-872262591
-1996351312
185503928
-444549059
1894108613
1942509276
1474353827
2045205059
304586470
1646499782
-1044503783
-432199213
-1480652700
1892367369
-462483841
2051034996
516344976
783332581
810805412
1589522829
-2049985831
1120436800
-1193253763
-2140156921
111095975
-1990816530
1978082071
961633840
-856732825
2066702641
1050817992
-131296542
-1249769498
-1468789373
713363368
1205503716
1395391202
-60380782
1404541503
1614107023
-711012642
760334731
-1461624449
537326516
284545845
2052940187
988220148
1539166397
177465458
-1110450766
1588300857
-1634920942
1493392862
-52268663
-435563347
1159836861
1987941465
1530651878
1699929703
-1870999216
432634477
-1886035938
-286827930
1862192645
1283274144
1296104667
1413704717
534008615
1772129545
864165663
-163174451
51968433
1769138469
-1541154168
-1796880093
1191541812
-403637014
-692459563
-1407396923
950637053
-1998361571
-910365016
2146145303
-1125656458
-1358888224
-1904531571
1997320932
1845259980
-1320922482
1424136762
850579530
-2124470318
-1422014517
-1866826728
-1936696844
-1954777564
-534213162
1463120642
1523191950
1892578959
773444384
1914617931
1317531765
-124666704
-737721566
-1451190266
752841134
182961626
2077935979
-37607296
-301116646
1425225277
244773368
1327502865
1537500390
-409451453
-454001977
-1807061228
-1497758136
458094141
-805901650
-450929613
712002151
722671167
-1263582872
1613369575
1623783578
1281622087
-668920592
906084414
-1498686507
-1472418140
-527978479
-719545889
733877599
1141155989
828245566
2003243851
-1437636920
1190704943
-334131042
-516947611
-830626022
-478116732
599091307
1795049011
-1996630194
-1306752767
-408931716
-303229210
-1661105663
1333455639
-1231769569
-1736958441
814125671
1191720222
-941225684
1349582419
-554029440
-1724185227
-752475306
443283673
349708424
-1087890195
-1756521788
260684961
1448700851
-841060505
789721055
73441696
1991092249
299965115
701873773
-148384694
-551214609
269445083
-1532685858
1013658968
1937848311
-1683408328
241117926
-927534645
-1236816583
-1826582173
-2104309173
-1089071312
-728964621
-1387331337
1898534143
-131094492
-1351342131
-2001714505
-1428986511
-1467878118
-1041980080
1152468722
-2070110689
-839631525
-2048623463
1412785967
223449455
166911054
1441999177
-697721083
-826551617
-171276551
2128038335
-1575489719
677741754
-2026152505
-1931262071
-1104457873
1792473325
2072303243
-940076265
1379324201
-1101646695
-206060860
851470001
567859796
-396792118
-164891102
1461208234
2147326228
-598025304
-1429515959
1113040085
-778955203
-254977780
716977364
-1813150408
1416333812
-1529425834
739352731
-1641819649
-180562283
1215193469
-1077443783
-1079125837
-1196536361
197765991
-1749680696
734935723
642393134
233162106
-1282498578
-507178302
1915893360
-642924942
61005853
571359817
-356907589
1460253812
644043797
-66905793
-1421210219
-700523933
1182494125
-940454465
1688197203
1773796979
-1285177389
1810921145
1842378175
-236755461
-1047457839
-69698076
1873360885
-650898802
32421585
-1439515405
526703245
-1582185397
-414771293
-1750353402
1416198142
-1049080460
1916349628
204126051
-1591348927
1733036861
-1214877055
790465125
-1351898188
865769446
-937643578
-952734284
1326172481
-1425274357
816017040
-1275575626
676150975
-1491577542
2129329954
943781444
-1119654761
-1539727418
-1114140873
1137245344
459480490
-309485094
29528971
1569331367
-1137831822
138764752
36794784
-1049697726
1722510951
-1218190909
1541955518
-2083536862
-572140125
-1623092638
-37961414
-463910741
554555592
827563783
351961851
1665351216
1919555873
-1458346233
1684290617
377395809
556556039
-1546405813
-720496760
1274305793
-1311419259
873897759
974112789
-782888485
-549009857
1188028233
487198510
-1935916554
-1774285169
590178909
775984647
694043655
1811058416
-1388288177
-674160710
-235790298
-1188537441
-1502175414
-191015025
-554009915
-341213825
1165845439
-921911427
401849053
1654615612
1461993920
-635403536
-1699684503
1165013683
1818695309
-424988211
1238087703
-630540399
-64202385
588949426
-233605827
2031768633
2059251396
2053284738
-666909943
-168880149
986585179
1383781152
1910367228
1608762658
88233729
-2134157447
567312025
-811032772
455430491
1460602056
823267929
1886547552
1098617846
467854101
49629153
-1889837669
1447444124
-1079069954
1612550262
2104563532
574026473
386562745
136169648
744342466
-660891619
-2088673448
-565063059
1280298531
1210189874
1792167503
-2040309240
496931727
-1065289167
-1613546701
523844299
1340629124
1410645440
1730409924
-1290520927
-45588349
1716755456
-920003539
-1869417200
-922131469
-2115571307
-1432490615
-310215323
1076142150
-1468836347
-1316290391
1090494512
220843610
-1276419002
1446126356
-1312750606
1126189857
-890373999
-232299442
-1096234731
-1178132861
1080686460
-61238947
372767003
462687362
-1211174329
2061214856
74265882
691016863
-474792843
-1553011359
1228625767
-919469188
1380796062
-2043071226
-748946287
-1816266046
849826435
-754818397
1057826705
-1564798140
-598616990
1963549754
92828991
-423723676
-892725876
205021094
-1544187130
417186741
588246068
-1602457636
1048636635
-2138041375
1178508424
1032155764
828032618
887140813
1152005893
645310823
-588106862
-1347225350
-1421604857
-1168558822
-1207786477
-1963290578
1713237151
-273831269
943847046
147895123
-1475501912
-7714263
-1930934644
-1300645986
-1645323748
-1282958855
69855818
1711025651
1829782947
362113335
-1991290092
-1206040697
-1387612051
-1980858550
731759976
-1481875258
1629432640
-1308525732
2046762013
1765922423
-559394092
-1349933031
-1819931941
506693918
1005709662
1367001014
-1395682355
-926698847
-2046100118
2098142260
-48651115
-659230162
1290656237
1685532645
1190268544
2025370203
745921434
916398639
-1361031686
-186954354
-716388492
1349876879
832558404
1717802142
1698592420
1146868704
-1566060957
1892785082
1710943116
2016000477
-1239906213
-1878855287
-1455676389
-1716600092
-1242168419
-280976237
583417186
-1255627780
1427788221
1314765535
1494072423
-1930515175
-1044267929
1397948380
-1514598343
-1377557602
20834195
640633988
888119620
626475298
-1921228041
419540414
-21364250
990567030
-1495245123
-942338813
769397825
-242945305
1219917686
-735363260
-188008110
-1617117249
-679162547
-1914724853
1894767938
-857284590
-1779901825
1329041120
1065547004
-1354314570
-2116567798
2104073453
-213040897
-1764178798
942466980
1481246948
-392730252
517454107
-625054226
-2057964768
-1846065277
-1034485988
619536361
1782875146
1721233377
585090997
-14948184
2077734590
241128109
-780229211
299508807
85764589
1261274236
818782923
1630920987
602249988
-845216590
1145809385
-1767325654
-1220153459
-1870883565
790251691
-941397795
1450897622
1167619737
1044844008
-1586773004
-1875763761
-1434312825
-1588197338
-2131791431
1170749240
1886830269
722937955
1267396472
-232101381
-2105139122
1697156370
1801003054
-1296745514
1950926671
-165414557
346434687
-2147279300
1811763442
1704328391
-1453593107
-682177667
-374311726
-37646669
669866311
829149732
-210487665
1109074595
493460574
-1153830241
-773841763
-963479455
-1749622018
1860055845
559775833
1198697606
1350563612
-1599681068
1499482973
-1743499967
1784623179
1953324313
1809692180
1075148630
59008628
1010625107
-94905456
-1752678550
-356852794
553108154
468596378
-1832391811
2022658539
1921726077
1850760202
-1431715658
-307904901
-981621206
1534166617
-574199450
1951486645
1770357331
615564916
1743075142
-1518810516
2124292461
2064838098
-1117600253
318518846
-705064965
-1603762744
-1644117508
728806668
545046251
1074489371
-1255876790
-816197467
-1889160129
881118423
-1989604096
508522948
-1013866001
858120542
1119883443
-2047172804
-1630337267
346700995
-1584122308
-1799193487
-1893318870
-73611944
-93311044
-777635062
798303224
-1817388155
86819296
693629924
1954587952
-911548965
747567205
-646472887
51477173
-1212130712
-269050146
353141857
738153721
-1242988212
-59440715
-1940969496
1257254815
16428172
1369455471
616309281
-341333406
-1009381083
16224819
1350867977
391679028
1545792868
-1863210612
-721447984
-51850070
-417806220
2132118637
1644345476
-652542058
-1056532680
-1022635147
121687311
-1919590667
73849435
262499188
1949746787
-773148917
-389084764
581550126
-1844438797
-699053876
1746526350
152457054
-1333925532
-1358391682
-569286633
1603659773
1711543428
-149770597
-1781098024
1452677571
-721796486
-184403717
-443377579
1925552366
531527999
-1205665230
-1512245098
2116983361
184148556
1432740151
1677330678
-3380401
-1502627947
-1255222459
-1646558918
2007747321
123308981
-2121371131
-236181532
-258357708
-416063126
1427777516
1415575753
-1638064881
713901634
-1880570142
-985161503
-458066956
-782277482
1483695396
2000642910
2013517101
-1590116169
-1823169430
-209798145
1096304298
2071991655
-1240545461
1049580197
1132492800
-108952693
-1769785120
-699984858
743558325
-1132787427
-198939992
789218400
1108428474
1015346023
-948622165
152673681
2135168312
-1789738899
698803169
268095718
1983105935
1587291050
1098531539
188546129
-841972582
2126848511
1524656258
-503158369
595293752
-1000900376
-1907062392
-1890309431
-320292600
223266032
-238778499
895379337
-1292941197
-1386472602
-1453253989
-424972240
101351150
1700596561
-1458277979
-1216566858
-1077898624
-1853015648
166226947
-1010981102
626382210
-1464267611
1603523121
822019020
-127090779
-534046012
-67620774
-995372081
1571750713
-579514265
-288344256
1988476035
815542956
466747700
1500039006
-744420581
308197968
-840411006
1329400399
-2401237
2018521696
25353480
-2031075728
1885120636
-1310569148
142474199
161880260
-228865245
1295115796
1142935178
1935991064
1667028175
836629338
1969852603
876260455
1823522915
51667483
1762031800
965826943
811818180
-396157672
-276633738
-5032989
-885161997
1358677073
2108826565
-281255693
-615590051
-218310454
-321383227
659782474
1842604401
-2009374576
-1315983464
507904103
931273843
942950142
-1967256488
1825272974
1082971792
1534917948
1517114955
1593598192
122948401
880746248
1080691541
-1489465335
-354563693
1136861112
-1926218067
-1928713143
-1505648489
801784703
308138707
-758536970
289795030
-2118620945
1069145793
446725456
-706978312
756180670
1613804128
-54040075
-2027135930
1910374860
-601412035
398352519
-1968242820
-507723932
1300193916
-570196597
-1479946781
1785403329
1221830924
-1648892781
1133675167
1185008852
1443671835
1945108127
1312257605
-1578145468
-1412816436
1902033601
-1959953232
-520344650
-732106201
-287197953
234703892
-1375018418
-1685232559
-663853188
-1063796397
-1246922124
559308284
-633419303
1589220751
30165210
40020000
-786562344
693917952
-175419970
2058360811
2040270914
1723582214
1938356588
-1266167051
351897867
-1672231039
-710527738
221913783
-200614477
-240340640
977253255
-1660974275
-1838892306
-904879496
-1296249083
1464342810
219771526
-375521130
47740470
1876761245
1382649472
1155037143
-1823674828
-1765230527
-649596291
1511721526
-1244435324
70918249
313798499
-278723483
1475661140
500447820
301198652
-1642796063
1178135044
-750775251
903778141
1725545024
1846957031
935035088
1794930378
-624690739
1792833353
-1662019544
242058969
1372690262
-1527878988
-1075703980
-1834954732
1389919555
1933897327
-561013812
-215906973
993610730
-644718521
-1427319337
1381736298
1855243042
-2117359727
-1712435648
-42151376
-982142698
-1970971282
-1978676408
-1648576256
-1901430182
1422177616
-404889378
-845063020
-1893298365
131590589
2139379725
981694319
-520789390
1891774803
-208201291
820518025
407745714
-519864309
846368893
326870065
2003651076
-297494335
1206629895
315884335
1406295030
1710502643
265764710
903802920
-756458181
1701460168
-898458420
-1304265914
1452991096
-1930272428
-1926184825
-281215977
-326187941
1919920922
1545068846
-1359251019
-1028206862
1398700754
821865239
-2144603865
-1979411910
370369131
-642083573
637738503
575875061
-1150233518
-598717379
1581492580
1371996863
-986822924
583166839
-1118903575
1668487779
-579892094
806744469
237332542
-1506539158
1393779443
-556324041
834690734
178712565
520912974
-273087567
881992457
-953471028
42508073
-148639418
-1266183221
-2143595082
-2015539348
-229969770
-1680778883
458933258
-244674726
449856340
659476827
278590085
1444901074
-1972705733
-1863680458
-879470754
-1018343727
832107074
282207131
-706982504
1798985530
1283087629
712175413
197299350
-408130343
1387449511
-171682705
-977926924
-474896987
-1041730962
-1057849763
-2040908141
410773829
-1319034546
-1675396132
-1940696075
846820309
-409070799
522226167
1616955084
-1238613783
-202763850
-1587601268
-1312626227
1675535057
1289025056
-1233410770
895617992
1987283486
-1798130544
-1242437555
-990244867
-1066057371
1189308023
1929236628
1005535143
1936564546
1099761733
-1018111854
-324656931
-457244513
-171516314
-1628487012
2088855194
149251382
-1526614674
995239664
1262898714
-2038712237
-998805102
-1508261859
-1512506009
366543838
-1348492966
-764569182
424130354
-1932133480
-1488058476
1843299541
-1825245210
680220324
970674315
-260540410
891146234
-723665591
-1710791048
1710275556
167448454
-743158026
-783804103
901712670
781260569
-134019962
-970060480
1807124557
-1918148151
-341675324
-1682627123
-1935823344
2143165578
-1367166672
1240784479
412261752
1782144707
-1302370045
2130200423
1643867815
-1149315042
-201895824
-825451969
429418419
1042548639
170497580
659593306
-918012465
-164081673
-394264272
-29480517
-1116945236
1592229146
-1646999363
428535466
-2099204068
-1824092401
-2060490592
1792260261
-78296072
1805770246
-1897663049
-1185800555
368660036
-293540945
-1632323917
-1306877887
-726128752
1124431305
-1586625250
257232135
1903392160
244358648
1567668895
1946689992
411991119
1525824219
236957309
640455204
-784480080
-1441552803
1181288289
994767079
1049322101
693149003
451700063
137046978
-131977324
1321600039
751511607
-1722577347
1173974567
-418929349
1530942935
-1014988820
673409171
1730886640
-403577565
-2011336224
1116784620
1999135071
12939513
1566224224
-1513346920
812789288
1981716335
-1694300711
-2016946895
-1515674237
-166885026
1206876178
-49165392
1871527316
1213763108
-1490653021
828403911
1111955714
-1800175708
-1030281305
-1330866803
-642202167
-802913647
1396256688
506704736
-713910961
-1463451924
-2040308229
1996980742
-1310072395
201727178
1840021988
1350454293
-833694608
462047578
1155243931
-1440111211
299860503
-1141012442
-7036392
221210851
305164157
267621529
-909526964
440081879
-1295002622
460527553
-775368296
33304361
-953537242
1934587476
71298434
75993616
-823396514
2051209976
-2130038106
809092139
210083883
84598974
-700251926
-1960819804
-499907225
-757399057
1295741685
1488971154
356586977
-1600704757
1304560352
-1417695585
-1504352468
-2019790322
-2030877138
727060970
-1041443660
616874485
-725224199
1557183022
-1567785967
-973870464
-571232146
-1972551389
1753328287
-1406882760
-100451205
817592612
231379022
-1445373773
-632282938
-903336687
-234173515
-364679403
-1372134176
-1948681610
-1903877267
548011226
2035047354
-269211156
-683868004
1775158995
905556567
1295231423
-1727299889
-1232175506
1044264387
-1640722735
-833280755
402163514
-1695349693
-2039758915
-902194136
-304148311
117185997
-2050838978
769128022
27822102
446007226
-1200405806
-1579721729
2084022025
-1700628551
-314286438
554512856
1733271994
-338707961
-487450748
1830226991
-852608557
951699164
479924907
-867171448
1416477050
-1202046168
-1765891843
116276841
1994201742
1711777918
1089307165
1754186866
-1206067665
1368256592
638153099
1363340976
-525117308
-745234851
-1408376318
781453617
-1808567113
2079061606
-14775519
-282658341
960312644
-2085574361
675196237
-1544355719
953119859
666985605
954085333
-711203818
-69818078
1073787651
2006449494
2091983246
-1436765240
277929594
1515143776
-1114050719
-1283852362
182372873
-57707943
-838391094
1080575134
-2010384567
1894594209
1598915088
1545360473
1972841157
-144397322
-1076662245
1137893604
631661481
-1684827622
-1546003127
-1068853589
-1404298568
-1166782030
1134000514
-751540470
730659971
1244200049
-1476910199
1962409744
-1752526121
-1246516363
-1726287467
-1669175675
-1140158090
-1804869648
2135928607
-1582232786
-1428571638
1071041035
-1844583427
189512782
1558481750
880974342
627882160
-1750836624
-691064914
-1847378013
-1757131783
1662730084
-528916823
-466535484
-292139599
1446224518
-1670240748
-2144245677
1801777882
-573342395
-2077569495
366402145
402429680
2147398627
1861700864
438190737
-2010800507
1310033529
-136446652
1150578615
-872845556
-275083714
1746897962
2146424763
-1133604876
-167458041
226185887
1631537859
207440120
258376977
-758936128
-324127599
1660899765
989464318
43526799
872484904
2046977660
1412527133
911612130
670233014
577689193
-1627963666
-1313580642
-456701267
-568303948
-1096743964
1567046693
1374768178
-1465850042
-252785556
2075492108
1055165371
-1357253489
328007214
1215449105
1111018994
1024123542
-181437806
1703552844
-1367008288
-2017510063
-1883196795
494967203
2146731591
1449249334
-544755076
-1189167486
1759066958
-1388439791
936667832
-328518452
816370275
-1718902248
-655247412
1947095820
-1441336740
1295707964
-1995378852
-1899680017
951170527
-923918655
1926952230
-239523850
1991602692
315349264
1016011846
28895591
788775736
880059339
1515739317
-1985276028
-679213980
240120866
33916178
1466047487
-1276013491
736596580
-707149660
1316734380
444501309
-1319296295
-1812584033
-999379080
821547747
-831592498
-1741785178
-1265458535
1015126647
-851570448
1261320849
1578133510
97636641
1398418397
1005371759
-1418150615
1111491739
398100984
1674177998
-745971757
-1386696172
-1853378692
1250850617
-1616747152
-249815209
-1222369325
2049860354
-841133701
1928274476
470096680
181711936
-304439501
180779518
-1142873798
1655412763
-1485720945
-411328579
-1010610829
1917096518
-1933941650
-389795835
988799033
1656253901
-593060334
1664308096
-1351120509
2110715408
332773327
389990791
-233027410
-17122290
-307065089
-2018019057
-2080115312
-436900890
-746027208
1488956354
-69089587
93157019
1766517440
-465086612
1224829289
-1694624745
1670209089
1320753560
506690974
943120754
2128829368
-1811363462
-834368272
-1240948877
-372774733
-587283441
-1398485635
-25111210
-963773509
-324446589
1484277401
-1810474033
1575830798
1083173586
-877909350
-739961777
-473543023
433707696
1143437807
-1604890491
972302084
-1135276883
536494967
-1166037465
1202785399
-798572652
533730832
-347182351
1517734396
-1330436076
-1709213843
-688294675
-1634026339
435078306
1993962540
211729141
1299231632
-317289571
469343527
2124185974
1673469864
-1736812622
680003081
-174866570
-251509233
215430785
715397412
1824835543
-1381799374
-2022343296
-1354214270
1253491420
254026492
-1156003553
-1125891015
-1994474516
-2071113915
768494125
770395651
-1828501610
-1770758772
-880278150
2068587021
-1536817707
-69149980
1798957500
1907221775
193758356
730299692
806870966
1955424156
-711571853
-697361277
-1998440298
1495662267
916845003
291983354
-165667170
1572262325
-1379931153
-1258315382
2080238599
963555632
1306584245
-752251577
-1619031007
-212481156
1290999348
-1382105131
1461013182
-332541396
-1770963762
-1412937701
1587787217
-172595992
2129824624
-1317359562
-1124764335
709678465
936058904
1688613297
-157794973
-2017748666
1788918935
1448704242
-963363145
-1199637611
-1668561000
1181264886
1115666737
1829365172
190372320
1878108224
-211381044
-1276194847
-1778426922
-1022252018
-1307040581
-1048694873
-1616513210
1689247438
1777039568
-22218894
1926619489
-1283232560
1529667873
1227553638
1963606280
1353919035
74287080
1689931627
-103205559
1574433093
-1709685333
1700131468
-53985239
-653643874
1681724316
-1815651455
-1045030493
-46770388
-1648967614
271563402
-505401615
142288382
-1947940265
1761805437
-1356180983
789576057
-1519548940
-29353182
-323789462
-1369399081
1327165419
1771218622
2066337815
2096063186
707187571
700478701
-587225629
2137336475
1030825482
1938649268
46985199
893587473
-1520058985
-1721858090
119861617
-1490571473
-1962621746
-694873754
-887503690
-389152059
735285719
690063773
1843842153
-1861044630
-525221070
207992557
-1829079787
765993904
-1696020780
2037091414
1176242920
1844473497
-343265386
989289719
99788729
-1141344950
-1416397617
-313445145
1308523851
1661306622
-107726785
-2096469179
-1570373678
-1814882756
-704803282
-826162803
638366903
1589434956
-267336748
-549870547
-1367234152
-1629154329
-1798033413
1144610903
-441460846
1177413933
1842125282
15426328
-1491405118
735579355
1085481572
-1057499734
2048361991
-1912068932
-96593063
700197637
-334165235
-1265130656
1855287612
-34245957
-100807033
1487735051
-1200518386
2034009349
-1910531909
-1679638544
1986905209
1460689944
-45796797
-494729313
856024631
-2011418947
165719313
-237853766
-1991753548
-1658052576
866302387
1556824559
2092715250
1931253991
1826327767
-633222367
-2003306580
188587398
-372893422
1451496424
257686206
-1453017647
-660168484
-482566085
-1567495997
293419474
-390994721
2049076844
-1997746433
-351266852
-1723698576
1961229651
-1850240641
389638111
523621981
-1238629938
-1517656706
-434937858
195278824
-2022080664
1072893451
688094814
-776134637
-570673065
-1705918745
-925893567
1640132894
-145381204
2011613619
-969875886
-1595747762
1866334405
1143699786
-219072958
-373287953
574083845
1095941995
-1511364205
-1820438630
1877240007
1937021083
-1502834254
-571029317
-200019313
2142325321
1497647435
1964626253
1202456450
-70787278
1002404569
-335300889
758261783
1819117063
622331003
1174731772
258947087
359249484
-440122098
-1860279970
1987847074
-1873461374
1268442743
779453444
265757690
202942088
-2101839552
575607564
-870033692
-232229571
1122678118
1650975234
271818180
759455850
1364096112
-682206366
-502204470
1248356319
51034307
-1473112229
-1518089373
1710052571
-1578871244
2002229973
1756680945
784874160
-1425338401
-1074101579
-386293571
112123303
-986038474
1452842847
-2076185044
1373709344
978606172
-1098595204
-595449296
-1296697859
-1958617165
753422589
1532099329
638332481
5350579
-1979272354
1260168973
-1801026829
-1646176771
-327258577
1570281773
1820559176
-1309490513
200761551
571110424
-1833882624
-456958727
694573178
-972855012
2083349008
-910110224
1460284806
388089354
1633403776
-393295198
-775491351
-411570575
1437755030
-192992662
-188224002
-271764465
46022452
-585146748
-275151736
103760516
-322850178
-778923293
-898097418
-478014903
1983267007
-1818632127
-324941592
-618162465
1755605389
1000916856
-1991497230
1672977483
450047530
376802832
1505290399
1649641409
-2138909140
-1554362344
1778301367
178843550
-1929586080
450157369
-1967284284
1064386203
-2114119188
-1027561721
140058323
-1855203777
-1776894541
-1010336102
1891330167
-659331947
49901052
372944733
-1890532334
1965449503
455196245
1833947429
-65357993
1101391114
-1177947211
333020037
179221258
1651331746
-711030560
1447394400
-118732790
871923719
2030834959
271541182
-1619842927
-1793763039
137525455
158300387
-945718855
-1625740080
-689736407
477850781
-1603847871
436279656
1322324226
1466916062
-1933329519
-892842916
-1720553275
-278200951
-259095045
1203112248
543949886
-1940391280
1920796995
-1542411308
-1666044215
384558910
-378863520
-775808570
-1771319893
1292455633
1594062724
-1890756840
-2012462913
1187560011
121945946
-1841548742
-1804412588
833339273
322556046
86457145
1415041877
-1794544236
-236461167
-2081850831
2033007787
-1008424394
-48807779
1404344576
1427926750
-632138544
344624119
1859220540
388955906
10371690
698880627
405030758
842811344
968582924
-607331779
2018175071
-752684526
-562249653
-1430684715
1755235866
23600964
148493606
-586872997
516660882
1791761016
-1554325742
1954707980
826744830
2029958010
-302649262
-1639348212
688187716
379299891
73902988
802930277
-91906646
138002514
262627481
1928020303
-1223229485
1843232552
633315996
-1109873999
705054696
2060095443
-1638814891
-464401176
-203085548
-1279438946
-1885659209
835935686
-753583562
-1337451865
-717551177
1802227164
-606816814
-106545470
409738086
-683814916
1447216455
-636438371
-835219647
-752528135
763415367
-776003804
-1803208248
1892286384
1668899202
-1535024857
673357900
2023118155
-533922396
579156281
-719050483
1052454340
1827631490
-1432060967
-1918846844
-1042601816
1795209871
180855767
569987068
-2106447331
1017042068
-1782955792
-1629257370
-1865866202
-1084914784
-1417335621
-511259538
629583908
690768188
1413261769
-1637205815
720452767
396490979
460247302
-1779383856
-486550714
1516806064
-431951515
-2047318190
211991348
-1546931367
-1106197060
-1390872667
-780305548
-1462387621
1465427180
-700651778
1625293255
-1427509386
-1226567612
-467679230
1969549732
-421959076
-1605090266
-1998374500
1685544831
-238876764
919252715
665083409
-1839039410
-846725628
1435070979
168374096
-827198136
344899263
-256355999
-346143602
-875426833
1513146204
947827989
55762194
1984604752
164059800
411672889
-320191411
-1008666743
622220444
-31537135
269935405
-845205364
856919666
-313779602
920949426
-780482271
486311093
-589989294
660407232
2102204721
949171592
-159878183
44716087
-1789715904
511076809
-1070063530
-1515648704
1487731003
1780014469
-907962436
-933472534
-1365344141
287177645
1377539135
1707867380
601726441
-1994776310
1717185594
1711102188
-1874032181
-1876977042
1664730706
1161145720
659640638
-1386163669
-313349156
-943370509
-2832034
-1497145143
-1614226053
-981433029
1494167170
1841755378
-873329139
-452708664
384365508
-723630415
-425334840
976335105
-132479296
-1786279461
845873055
908992970
-1180824678
1649742796
200612586
384276065
-760064698
1978542167
244296517
32150378
1390321155
68887031
1247388855
2138085959
341492775
1399810377
-1662643690
4272045
1362628386
-128520258
673647530
813971316
1692582076
-2072764021
163509265
-599934547
1314191009
177636069
539893601
890791161
1440194590
-1755222934
-1978578797
228942360
62295085
1681758946
-267945698
-1584575296
-1743203410
1017611814
-904116510
1570203055
796861431
-1466453153
134057031
-1154919933
930983310
-1058965900
-1911423322
707984329
1415559988
-1623730499
989349607
-2019596333
650065190
-1706063108
-414416790
647795917
-805661538
-1701822324
1997292074
-1113999470
-1172829281
-331963942
1859098144
-436442949
458024178
-605302764
26182373
1954715513
1263296619
-370260959
-1944515686
-112175708
686919536
1899186896
1809173003
-1090137837
638318011
-1297641389
-310278382
-919925203
-1118899618
1814589166
938898745
-1861994560
132134151
-1774783254
-38800989
-1648715759
1291961221
-570370608
-281153749
-286027981
-216509558
-1301628205
1340174285
2024807068
1712782514
-1249204595
1043116100
1776599540
-798652732
2142789614
-1291326987
2112027952
-387524554
2034571376
-2077896949
1487562719
1595492598
860537231
-637459230
-1463200316
1570954599
-636041864
657399976
333028516
1077390761
-742713600
1298688577
1981785952
-2081882851
1183567063
-429594261
-1214306747
2093991464
2097069053
-1446723293
-94768990
-772948426
-104479372
1476599110
-1818039398
-1001646591
-1756116170
51754618
-1766323652
-116426222
2089255017
-1171902386
2121513680
-1012066425
-1271494448
-1526680161
538400115
-1377523433
839293829
1067808574
-1221238810
1658835027
1537842404
1294004431
-740574558
-501792978
1433199562
212408307
-578090193
1772254655
1398480383
1799084457
-393611339
1453267012
-1070364688
685607409
-856160302
162079082
-797938783
-379835983
-521322834
-315788086
-322823455
-949573924
-701447603
267687351
-1811752770
2081782481
165815332
1742439990
-335845829
1727286016
-434757906
193794637
697771584
-2123206701
-1272914497
1450052480
1872891089
1989838282
-1487593383
-1944897384
1578749314
55536872
-861876035
-926941786
-1631650518
1582258765
-1864049147
-1227292602
-1926620458
-2010914780
1869574256
-31044568
611562496
70258623
551340734
-713770036
-1849812991
-75752961
-233542466
-1310807668
-857583933
703599097
945638180
754986207
-26655046
497399253
-1411567456
-723818533
253062676
1209229817
-1434149845
1635100923
-1060099282
-1739550105
1940500643
2105435426
370272330
-556362141
-1784018534
-455258656
2064819839
203840089
1679067498
-1777006605
914115568
-1897501700
190411916
1983661583
-1388895936
697998514
-133140951
1529301985
1098658373
-1370954194
-523687439
-2139611823
1071678971
762672478
-78321876
183229959
-792239686
2014969736
1053034766
1033905457
551095211
-405092945
456417358
1064520066
2063515768
1744693819
-1388185095
-548476547
1765527618
-892338984
498435971
1297888242
-624486696
-865410915
-467094498
-1592412984
-196656348
1535275121
-435553458
-1457346051
1984405992
489457066
-1611737923
-1776016149
1696751530
-942652170
1992051019
-983794740
-537365011
767743358
370885993
933089152
1495185313
1339418184
321862823
343189901
-588599077
-444684836
1792733834
894432870
-348041784
-1451093974
2068348066
-659038225
-134972193
-1048725846
-1238969892
-826717120
-1122221995
-2106431803
-44008684
902038697
-1402281258
115888755
-1137428242
110479605
1883456369
-895836380
-1009667354
-2035494157
1045654739
907181796
2049541028
1465945649
-622531657
-2139605063
1421948564
1416071178
1765251229
23248207
223414966
729668579
1230162105
1305788630
-1275425102
1750048689
1241782830
-987735253
1212443183
1073681597
-847097989
1649980725
-134682524
1591124139
1268641333
1066095249
2127173614
1160958648
-187656970
-1619991951
1819775972
-827262654
1763130517
316652225
-1369486808
-2072835187
999479447
1464361354
-1910254849
-1861096509
-877786396
1831258267
782773732
249775420
1027464893
-1764155547
1145698200
-137852160
-1510031635
200761127
-2109706883
-49227127
-282191042
827651402
-1097346524
-967850292
823423278
-1266143219
-1247410396
-1817751686
727362530
-1989586588
1179545645
-1826387838
-616493221
582315037
-147295396
-1247103525
1870471911
1663004485
595405520
-823337089
199708377
1675363273
-1199170692
-387309126
-59235972
-547676065
1881146686
257375652
1520463684
-1934854234
-1235083215
1436298731
1896268358
540681356
1413176126
1671480277
-1150825239
-1151911697
-1166249991
-1772646268
-1845570595
-69856634
-1353785430
1765252732
-323599540
1639225858
-965333592
-505823390
833610576
-1859465104
-1531319571
-1896451578
1740070820
-448114976
-1649645849
340632739
254351005
-1994154933
-638903924
1976686437
771908442
-1118798415
1345526448
1644454698
359651130
1276159106
1987394202
-1509365620
327227022
1494769470
2126155732
164768543
-1712239473
2047291487
526618177
-534061834
-1905366382
1131835254
-1940325515
830545516
414754425
-2098308973
946295872
696497696
-1432949652
705834473
-663586932
856442177
1949579209
1362775986
-1363629464
1405221899
2017789784
-1447203248
1748584804
93622928
-309108541
-1734853964
1925495582
669485499
847451972
53819651
478181405
423753873
-502838880
-2146657930
-1895613475
-1932039750
1671252819
636369793
-1378176214
-243102400
-663720692
222707511
2072853425
-99433835
-2113054629
-791754516
775915731
89767642
-1841106264
-316155109
-414236228
1198969694
-616957081
-487036278
-1129255756
-240019356
-1582573175
-204861269
-1326400588
1930297384
615795765
1493368901
1822101052
-706734556
2118185655
-193453997
852147299
1178988175
-1210261576
-582258388
535330607
-959280602
818260911
1617502179
1451756070
-602099155
1327151767
1144515568
939829797
-1584328520
1976477922
1899479823
508067183
-367589082
386798509
-946620568
-1891198712
705434862
-1504825292
-2107984913
1919004484
1443997853
157869703
1449431821
561908634
1332077855
-866950275
-1558217856
202831805
322935100
-766028311
-656693378
664591853
-1557506203
159795979
1491728928
1189264521
2028446641
-190718391
-633075970
800505577
-1926857183
-601182178
-4558826
2066419562
1169345835
2079545426
-1525629455
-405719351
-1982698378
-558643349
893130248
1182506164
1251861473
1340918627
2137813859
-415367778
-847312183
1429384090
1088308610
-828446254
1222646667
636555278
1626118529
-1082547766
-88474809
992585672
2042245494
-1640963135
-430392857
584204953
743058973
46694023
916033119
-1953607162
1095184055
847560083
-1135226059
2026571136
843189038
-1140063650
-907884732
738489816
1210027132
-1275584786
1824921276
-1318218767
-2063677618
143279536
-1438945172
1000066742
2019032292
-1693605237
1512549187
-562912178
1840129594
564261169
-1160101869
-2070244722
254512492
904438967
382081944
-1617814865
673454422
698643559
1348930745
2015284288
637415290
453272021
-535211251
-959476899
-491958234
2085653551
-2013458016
1772127777
687329494
-1757387559
-2091406858
1743031640
-495757098
413604153
1300317007
-1214331783
2142897195
245122510
-661847508
1253235922
-1760276301
-149666169
-2118208495
771837957
-84788853
406632530
-1714883699
199773618
1515201712
-1004077070
-1929705353
905531509
1875543784
-678172139
-1137309575
-1304523245
-1829936670
-2058307419
-822805550
1449834223
1216020636
-1245236898
-1725167017
570472642
-197683708
577208736
-914426694
522745994
-1216503326
665586565
630152718
-1547651133
-1648803852
-1411092426
-1759008374
-661808940
-1457076902
-1644795014
772763788
-1503234356
-250392524
2065192079
1000527073
943522893
-2052838007
376592445
253113155
189896
236206442
-154091481
-1612449246
-351126806
1403297111
107141988
-1485133657
873515861
124817632
-601400243
-1742915083
-74659182
-768999281
2137014168
1430814897
-1324521658
213860101
1752535205
638858948
-79652444
-1371003806
-2125488361
-1540438689
-1970084573
-124043286
-1499039321
1182730559
1561657712
265420772
1699594804
-177760463
-262234460
-334695483
1868640029
-61127464
-1654867783
1446481038
782716371
-785712722
-2048053702
-493027471
1623546537
-110031800
-1408201158
85339834
1480081902
-1040273443
-912895610
1957870829
800333373
930362888
-1934167267
-1908560342
1707919378
-1837815604
-313353248
1344289753
970934944
292913369
1187140997
-584335742
442323426
-2043839475
-560662319
1224593916
756606448
-241838019
275794694
1178605513
-1254094957
-1356433868
-1109262695
1194802112
-308477413
1932372219
359893799
-1037361428
27887215
-793332390
-1307635542
-1083421516
-1571822748
-304462434
1509079527
744037947
1427566418
1505482141
-699182550
-670617591
-215320860
-1172088073
27656757
-1856238102
-763673296
-539841122
-40605579
-710264554
323950855
615150743
-1306689417
2023091346
1766464397
766155521
681119130
-329825323
629189643
-250179242
-562397948
2057676717
280597763
1724243696
-670338343
485664099
-420086140
-2110928945
-1977256278
1683526685
-1328172608
-80147815
-696945877
1493412995
1371767259
953088737
2001403177
-1675463003
71233029
641432491
-1314875974
-1059802596
357912778
1606262319
-987145291
2120096878
2125344936
2056972509
-570171292
1918155191
1488160225
108104353
-1183247496
-354909308
-308803181
-1872495000
1781103164
157065730
931848709
-2124619039
-814078451
1281921879
428425282
1062341255
993402377
-1539709617
-801914132
-497416225
779104263
-107649733
672576073
-237520386
117202118
-106894827
-2043582046
-1607230130
1486312296
-343073560
-545619508
-2066553711
-1555714016
-815209618
1373868294
-797401564
987492906
1861112058
909677574
-667063928
-851747589
-340573800
-1822141363
-888241890
-992003910
-1608121486
-899391550
-1385358287
1058612718
1818276468
-473143937
-885822150
-669878153
996420147
-178123803
-1347108770
-980169278
1257615882
-849898507
635600442
-1410117064
-2039953530
842849762
-1938286877
161311222
-1253004541
673424097
-104064728
-1129140029
-525626730
1978464324
-804980199
-294550210
-841767122
377712582
-783003444
-120548521
-727699467
-366581464
-725382562
-1223486976
1474531323
1092643068
-1958127048
695642147
1528363542
881559744
1922001555
-1582945067
-807469309
6575150
54792509
-2137278772
1611291088
358393809
1145834652
1246736142
1877909118
-1780128549
1592036595
-818291989
2117119713
-1308684747
1241910756
-226193107
-1387193909
1976476376
-1721973707
622956173
1432012905
1358252379
1714660310
-1124917913
-872112660
-444686132
-486850014
-2093775695
-715461269
-1507669310
-1259988891
158331433
1089464839
-506035534
-1364727138
-670346291
1440773455
259315329
66999941
1603327120
-1125322778
1425232987
-746271025
-1234898870
1505488995
1263190466
-1011448145
-1042328849
-447282056
541831145
-47902304
331806467
1783619669
1127711042
-1626162335
-691194035
-251748274
1701557333
-1056187327
-449067062
-1909456710
2130085843
-1945457252
265603556
-1700483042
-993440789
342188708
-1625067548
2083594123
-1263668005
-1954641564
-630266972
476017988
-9780535
-1993607166
1952998535
-764705373
-1260907821
-2125936060
-238497619
831190588
-2057720477
-1372900523
