709019951
1217045611
-1915563959
-1699230418
-1062660511
-370541866
-1409342854
1262567762
-1020352918
-96429373
-598045375
1279183316
1661080699
-171520005
501088766
-278735616
874753067
-1260626063
-1180696945
35924472
405224691
192530343
-99168284
355809719
108736736
-204823727
715385297
1261501523
1300093571
-583462345
-371431386
-605954430
-1631244757
726420575
61869308
1288405854
2123127382
1094370154
684806225
-1159176596
1971188579
-1171098050
869684439
1897425370
-1807178100
-1721738523
-1682713080
-355566329
-1932023788
1776943796
-474979459
-1889663159
1827098812
-191177553
-1946190464
807613161
608280187
-2126988756
1360619231
786150514
-1384805267
-1836484171
-1814183933
975620651
1435989514
-665977806
249315136
-1735970847
499644827
1075103815
-1761600915
-559281431
455216618
-821493765
1955591607
-933096860
-1769455815
1510509721
-566400078
1559656388
953436020
-2137611046
-1742962000
-212249713
-127175255
552472899
-1928551594
2043779683
-1502766921
298373836
530703467
1122033209
-1160027835
1873350594
-1321811981
-1225957395
1668050678
-2117506323
-1749318276
-1682098947
1604091098
-728160011
509222327
542606736
284844327
-150288383
-1084624055
-1045616966
-2143628248
-2092831328
538514659
716838142
1228681844
479710956
1739383951
-303721709
960999011
-1833208084
-821172147
-444665621
1857004734
-970617030
467111902
-91144464
1857161397
-2089971995
2111701983
1411936656
-1719592171
-1148685416
-1050062312
-1715029765
-1010573126
349661435
1158056725
443617579
1543703617
1047462489
-942365450
-1431941596
680414978
174451330
758921091
-956028803
1387349309
-1752945166
1247700355
-1550709218
-1915850350
-1667595470
-646412467
-253641910
-680920138
-1168427651
-1119917409
884072415
-1483397533
-100362841
-619824210
197088476
-1161383792
-641264326
1542613885
-1170889180
-1506044446
1775202274
190785393
1341650049
-1715543455
-1736472822
-1813498331
-771263509
1953402222
1474745286
1611484539
1390217737
1090424820
1547014899
337393139
1826607351
1482336734
-789311588
-1346285761
-193297847
-1835365688
729395103
-12367338
-17953201
-851226120
-1162500465
-958387384
404743066
-1911776881
1763013340
-74519534
143043263
168722683
1668516145
-53851213
893418074
1839295151
-1313156579
-2143377858
193578837
-259038954
-644751884
863888562
779916649
1203918532
455799543
-830875065
645114853
278509038
-628860494
-860445942
82170542
1170535196
372673445
2016139179
-95855738
19404572
245639206
-1461409131
-305103984
1294627897
1060754309
886850111
886257939
-1860240723
-1247124367
-1248533311
163836286
-344399789
2062943129
163432618
349682603
947294112
-573496938
-366698736
2069637735
1880625620
-672504057
2003643111
-2109197518
-1042978708
-1109589251
-757433962
-449954494
1658620378
-829490279
1964675271
-527328050
1541797239
-795777804
-205609602
1711406728
-248900936
-1525505474
2115448941
-1786542230
552652704
-565111511
1573680005
49458357
2128097909
-310452345
-603896624
1535051830
-1434070346
938318641
-900255107
256421067
1128426827
1331899435
-1526180804
-639647963
1983776766
65474821
1908170188
-1977723186
-1104259031
275371395
-1694251311
-1429148819
-1210031951
-1516336256
-1682105366
-1709059512
-613319886
427322894
894815491
-369061877
-1267515269
-197324062
-1726411545
1208353479
-813628356
-2009215505
-1529571816
-1545426884
-385558530
760294224
1866754274
1484031067
307579218
927966058
-1909205331
24538117
255086413
1298459985
5467795
-1366116327
1632312115
154768235
-1935106254
-658529107
-2000306063
-1089556910
-495640126
-261365606
1542252496
757066238
1270973033
1583747390
-624229913
524171555
1805081037
1053970044
583904465
98032344
749538283
288152327
-1473560288
734566009
-1358028761
-1299604256
1524611601
-694726195
-127367517
-1674307044
177433856
-814455446
1280859859
-120848918
452019230
-627158185
361829200
1496738260
1075408992
-1526152205
-144974099
-646146235
-1808218438
-142873322
366022408
1345621322
1662794893
958449525
-1817012447
-1449595236
-1172621475
-875514294
874760624
239150046
1227531206
-926579404
-1780266446
-1397004766
-929691728
1991303259
-1972794236
1902013873
-1258617919
957393623
513766773
817940747
1274476563
369612626
1510338710
-1818222548
-1094860762
-1973836053
-312438957
-1092425711
936098328
-1533054371
-1065188026
1409501817
-1252750061
397369696
-654404150
366626288
-1372364027
-1834175409
-1771059505
-1750185464
-1036482154
-1985969142
-166073107
-1059531799
1409003095
772021277
67003578
1116393228
1226385974
-2120985823
-193819296
124763715
1899237434
-1319664286
-1945446295
309063932
1400763243
-1456073279
-2054782244
-1565374267
-1457481711
-1675650852
-342537330
-63810798
1475675169
-4911509
-804144463
472365886
-944332044
-955069203
819973808
1721784527
1402499130
-186973309
222896703
-77701634
-32678355
-2092173798
-626204755
-1563399563
2079615753
540760016
1844123004
-281967014
-362014278
-192780400
-1520943053
1316964748
-963100201
687649534
1316953457
-267078869
-203396401
-1057643622
-389800891
-526617250
584853089
-1057015265
-1822490947
-252331697
-729407919
602840108
257196220
2094178170
-1985623720
1818318886
-1100802032
344457255
-1460995237
1777894235
-1150082621
1325019188
-164248352
749016683
-246673231
-2062889448
2117621181
-533517341
-1504349861
463985444
-230172911
217580842
-1723607303
-52648694
604795000
1247869344
536806869
1732854691
-1626346375
-77614077
-250614058
-965890324
-97669053
93479445
1572491354
-1853771439
199096985
1355594363
-523300791
2053323310
-1920885239
395377896
1904321382
-2034707310
980593251
-396996486
56366568
184436293
452049257
-1922292637
-636319415
906861323
1749996227
-1407158580
-1028637859
-1139335126
2049448757
-1245108747
413493925
-836824022
327664403
212774816
-1914786844
2134904539
-2058491917
-170327377
-1635547917
-547527268
-1192600156
-307935476
612589777
-874442791
-835349921
840286152
-1309331202
-422260779
2021065276
825961350
-725659640
1935582121
1419439591
103368474
-1623033499
1889845899
-1535096685
836654700
1377561219
563980883
-60616403
1369429922
-1480589027
-174784197
-1091138859
667731070
2096098000
846614502
-1241118583
-246938109
-1507706386
-746924125
-1884667869
-1364984226
186610576
1156057330
-1500751739
-681423612
1284565745
1147166278
-846256367
1562980631
-2075034118
2099289868
533352543
386018829
909444888
77582060
1279934505
-1479813485
1827969109
-1230484146
-456971126
-515710546
-1019554906
1818552607
-1097557913
346353188
-861080447
4517076
157157677
-449734631
-612213069
491153070
-448994372
502580476
1980089967
-1687801537
-1210669918
-40941149
1098401193
149520429
1909581708
-27177292
-1769999708
1630336310
1234432504
-1714677945
332450762
-2115927692
-79710929
142020041
525864123
-547383583
1817082738
-639747293
2048868519
1010658844
568964211
422480922
-2002934304
-1210227604
2142278918
-422147848
1032042154
-1619675643
1745583640
729310060
1232464725
-849143670
-220569889
-1403748690
1005128077
-1884554797
1382712915
286381542
564368624
-1867356433
745773020
-1187257138
965555425
-529604756
480417612
-618400107
-106028133
1366202581
1932869646
-1202847994
-1848771959
-143395205
-1416160352
-1955634711
-1337823276
-834651784
1611991870
-1551348567
-1384916676
-1040601871
1876113631
1023837750
-1532590038
1611780762
-1635998876
-1888822996
-235580666
63132542
-1729971697
299400244
794484678
74955008
574012209
-1383588694
309101511
853619228
1374538279
-661753984
-2092774177
999614706
-2047086458
-268407711
1211697074
-2018071419
-1088323947
-1937926375
-1561438395
638513855
-121012485
-1983186125
-24628784
-1527744840
447689145
-2018525725
786388695
-1880950985
-76823975
1643014694
-381840773
1063049592
-1620267673
2101631783
-756817395
-1657949137
853969184
1913317604
1425395171
2044200652
-429972119
413940497
31460463
-1640455935
-1079691518
-220731844
-1155677556
1035894401
-71630341
1820440369
-2136935141
677255945
-593709210
729239711
1247281102
-1265139037
-1222477235
838827771
-107797181
-241786327
80297958
-1296013660
548047956
736730120
-768803067
945287239
1953906349
348202310
-2135825711
-203155580
1781464222
409677509
-813599558
1232011217
375913009
1425563336
148631978
-770903138
1950275967
-1576984906
67976826
934851002
-2066881
-1366867682
492318631
1490857205
173430431
507347963
-81651643
-1086447099
2004473174
72250168
-841755597
-2115426387
522672377
592473973
-41631345
1644895515
-778228594
11328779
-254321300
966466193
-644428450
1771880269
-1162446910
1854294088
-1368473073
1362969617
874328741
-133152880
-1700901135
-2040331410
-217890630
-327820741
949197720
1023080390
53090021
1961038907
1984699818
-1506512378
-2011232953
1135797130
145382649
882871852
-57578649
922364489
-413440813
-769659895
-1990493266
231548716
848393881
1699459144
-1852882408
62982164
975098254
-154463826
-1480531416
-1440644355
-892034064
-2050165086
1994539037
2070714650
1219983692
-655792400
-40662686
-635115459
-472139250
252892617
-1055961014
-2110968196
-1479405481
1589872654
1007693564
-505027567
-1682651629
-794518835
-512154197
1886392194
1348759625
448818699
560539658
1728493569
1418951604
1512732611
1022725631
1720883732
673541779
-819805394
-1873912938
-1900936584
-1688210499
56336453
-1077242824
-1968639165
-2017918217
-1217640573
-1047917285
-1454639288
-1863402871
1944286703
-1505922308
1765427134
46841359
-1072085671
-813926644
283256867
-474206580
1829749987
-1407363289
739548253
1133547460
2040927683
1249916235
-1113858781
-1991954742
1062867014
-118230457
-593875302
-1066410537
-2146388713
-1669234766
2041380162
1867979101
-971116863
1774574878
1898603795
1874782811
1145595761
-1051577202
-1936881949
1324423666
-66160896
1284295204
-142061558
1658620472
-1589809871
1082438430
729258055
-1550792628
993836086
1020626947
-933185051
1595419562
1786955641
1691846169
-76675047
-1962666304
63003288
-1809066983
1381091246
539241665
783551664
1685839397
2001571299
-82145096
-1269099555
-868352775
-1256838765
-317947425
-1139716863
-1933517727
447380118
1271916849
-124486715
1138906346
397794151
-1913934787
-1845295395
-1964135204
-931331834
-1916151492
-800934769
325612646
1591637280
2111307877
1316498293
-1688964837
48107116
-2042409344
-59819136
-2077539
-1429927081
1774402745
1380987713
-1092093289
794211042
1925114294
1308542307
675351024
-835477557
-1438224405
1279476347
383669564
1367611882
-400896724
-895014140
-1164327306
-1029430818
1804873603
368729508
757735916
1544688360
970963779
-586783308
-625603462
-141885674
-1542775203
1397337599
1070907642
1984833955
-672824079
-856908856
-421517062
1026769821
-819805400
-1883318767
-1669116752
1523928776
-106510272
-1926546150
1923829290
-171029822
-1616072984
720721447
-1196399671
1109266535
-1075970355
-2072301690
-1561360913
697892726
-2119961740
1080230096
-94059529
-1579064716
-1371153334
1464601454
291599461
356035792
-788207112
-611418273
343454814
1755576135
9895164
-527538121
24111706
-877568374
543639925
903997034
1890074647
1122117661
-417536963
2009807050
2068924368
-1885875839
-950760132
1871403598
1627668654
-442471019
679234299
1528444948
-714428801
-1721699272
898935671
824034216
-1182123867
1348626483
-8077769
-1815517818
1333462096
451999574
904600480
-404515875
32308719
1992980704
1294437768
-188247659
-1506556445
1925967395
1610493192
-619341421
-1495780235
-932976280
1609435542
-500958661
-248927990
-1417019633
1986178386
745006390
1899534485
-1688623878
-1551297889
1765078900
-1337520308
-1770970068
1392893685
-224477836
290658717
-1793359700
-2074872076
-784877629
-1456846749
173439919
1366278077
18719681
-1162558379
-902556683
-1276862083
880479402
404333758
304687219
-610820278
-1683855148
-1522172558
1959862577
-989652943
-496548043
-1015588864
550027893
-616233585
1235112232
-955806684
-809464287
-962442593
1123361904
-1277219969
-1308010663
1463216468
954157436
1095627913
-639374232
515125353
-1268397588
-1369964346
453442275
1888171701
595274580
-881614281
-2074308081
1727215555
1682821694
289612819
-1372919937
1243653538
2033127797
-597859658
334643713
1996162040
1967483264
1609789145
-1048301893
552394845
-1599816596
1934667779
1282827408
407534565
-623937073
-1676264897
-1739195961
25229822
-2125461752
669600527
1394986990
436807805
894035915
-2024267360
-1426236932
339096818
718695132
-1741183426
323690677
-1683365053
-1611079910
183473418
1250994514
1857886584
1530041534
1666326505
1453564512
1858393299
-746639643
1308048319
668629736
-1224156125
-653915829
-1646064420
-1320630321
1640153945
928364120
1992435382
-678290560
-1462692773
332061024
360551128
-685755449
506704152
2098454823
-1366043878
133407232
-1138507045
1071081122
-960277742
-283881104
116050660
681260036
-1033503542
-1105621006
-1061050316
812005368
-1583029070
-23626539
725198504
-126359254
-1499053864
-1682308604
1061088073
-2045518325
373759830
-1774994585
-169553438
2047384789
924160010
-534155127
-702410799
1686431693
-329828980
2116617339
-1213485022
893323719
-952929956
-1849360393
-1770308391
-970594577
-1781031077
1079777735
-1904367218
-1005857339
2061440124
-14261913
-1733438657
-1321761687
-2052074309
320335849
1941350753
-641241576
-367512499
-1849474280
-1620683720
93889782
294180888
-698112288
1828514920
-1221987315
1175046501
-1109765907
-1544120373
1459658133
230723795
-1947266415
-191225981
-945538699
281578638
-1244674838
-1802349741
1268480009
-1585580607
-271068349
-1352020438
757845286
2087668040
1767606202
1646653440
1127892826
-936376406
-1630994909
1874272485
-808708232
-1316814778
1126883628
-1195265705
-1618375598
-1795056693
-2076748351
1436806099
512657096
-1882662419
165132465
1658006446
-503338495
-1811155371
565973649
-1762456284
260819960
-134747944
1129801184
1688668849
-126522822
-1806551829
-1630520468
424680351
356001517
1341176918
2084770035
1391273952
2107281940
-1127249624
1986694668
-1821481699
-1354972400
-1100692758
-560225465
1144582414
1723369065
237126423
104986515
1519992076
-177200178
-1911063350
-1779742752
45620963
-1804271526
1503505337
968269061
1536137965
-71327464
1143176802
-1729725470
-795231397
8835529
1171042179
144929737
-20641579
907801572
938296014
-1829851367
652179526
-829507107
800020701
-2003146196
-513678864
331010730
-424817053
-770149262
1402164678
1518750082
-1757603164
-582148131
1570562298
-515924505
-809557722
1352090240
-1046767405
2071386086
1291184808
1797533298
-699924796
-1583539043
1645508947
716227576
27726266
-1788180739
-980669393
1296499170
-1700093771
-171816751
1720215000
345618485
1626059418
-1043769345
-806262160
915816714
16979782
1533291532
1575659735
-1377934411
-139364890
1234456549
1766843161
-1822767576
122252421
58117083
2096622120
-499609447
-1629252378
-382686225
-1850023734
-139778205
1661829779
1093084751
1269119444
-504029399
690097717
-642439648
-744495720
-1530278079
1787462182
443039358
1885954715
-1639242162
-1861387196
1743473088
-1488804469
905815342
-1438017272
-748340992
-613544849
541500439
-1949877290
-176760871
-87174880
1403471356
1273890966
1718257778
1490202359
-2094481867
333439618
-1663747141
-289230905
-1584083874
-1408990143
-1172821514
-1939123187
-715156866
237897013
1428623225
1171360357
-69850773
-1645223920
267317681
2091199040
-1518889107
524766893
1593159786
509928916
2073300257
-431157475
-1786058932
494593875
-1968665440
630580735
-144251992
1265208671
-1414832416
1701343763
991736436
-1079838020
-1965032615
-1857805039
-879719788
152923463
-888191509
1151235511
-235661477
-480145370
-630503682
7905056
1776183120
-638632640
-114048533
985760092
1043170100
-1314364945
329469338
463238972
-71569085
247003892
-1358769301
-1528875667
-1764448070
1231969195
-1355048871
-1431959865
-436979303
-589351809
-182569891
-1040254489
1745759402
577309855
941038607
1101124602
-1971724351
-333503759
1584373907
-642523941
-1424334268
26339910
1875151282
-1342973856
1250498029
-183135025
-330715577
1989918961
-264038450
1596023504
1527000796
-1827989671
341161365
1623763091
-1483000173
656792544
1728475921
-1461076066
-134650294
176260249
1001874420
-658614489
-386445830
1748665591
-384770598
2134628295
837392479
-1864222042
428197514
1583992430
-9188130
1990087576
1289224826
-440429929
-2136290398
1771045213
-241776744
-805725252
614492167
-987066953
1290328135
1693071883
-2078030533
-377084819
-342824281
-1211062696
1914198306
-1087052193
557498393
1140628821
-696272518
502110682
2130948353
-483132927
-613378241
1338018861
-2145799986
1454572382
1106742353
-121603972
-1887957450
-2080939674
92577619
1599244243
477721542
1427172671
-2125291051
955629181
-1721045863
-1875717971
845401268
461597334
-540806809
1458743495
-1266598208
-1192269857
-1117535807
-1437949971
1600209312
1688751313
225742234
-665931015
-1124960014
-1423649548
714683145
450139571
554196918
791485552
923964492
-1638864246
-947406868
-1841069852
1725286927
1294188929
-1091055494
-8766602
1734129134
-256273817
1682425171
1866467370
898545976
-830134710
-1880810026
-394301833
867668982
-567663571
-1372361357
-1257144553
1818144811
125252856
-1672815980
-1640096994
1932615004
-1387662673
803057593
252778574
-682180526
-983165209
478370533
1055708841
850164510
804035700
1672052536
-331867322
1809273180
850839655
2102525149
1854817384
503532732
1755598391
-389082331
246819532
1826825662
170591037
874316020
1108689985
-29952836
-697707163
-930429093
345627518
-803311827
-1444415198
-765857146
1081110831
486225191
-985365854
1897368792
193305168
652997413
698998339
1978572884
1897328574
1446075402
907795524
1582754366
-1498750197
-1957019803
-1091681345
-360143615
149982353
1612988406
1260200150
-1035432877
-1685731639
-1798115727
-1994440147
-1909620842
-944559395
1536642177
-1453418089
-508336511
-15547781
616430607
1460237331
1367686143
-2129689877
217751235
-341132039
1134715735
981001571
-276092470
371638384
-90068084
-1639501670
945172954
362619170
1150723334
1398949786
47412083
1669854515
658779505
-1643769382
2042501990
-243581330
412177892
-780349301
763663258
627519937
1776551750
-1181158094
-1671309299
1718813163
-917042963
2145209718
457742361
732766579
1123503495
-539256774
-494360584
539570139
1217309245
-1505830930
681281162
-1796012523
-1505731563
662173218
-385025195
1405195830
1067319191
458787932
1900089548
483103337
841080499
-1286543830
-785846573
164302629
-513427231
-1094479751
1594644866
-2023975774
1027303818
-986576344
598071337
398021512
-1539370842
2116774360
187418771
361984233
1691394469
1679756549
1891689103
-556360335
1960639634
113419354
409661355
1283353564
1421669750
-1931726528
139901762
-103343449
-1527583238
-1456093001
1226604217
1637139722
401990991
1552559977
1177046533
1031286564
-1832705454
-1013538052
-140621713
1291297144
1591598058
107963559
-699756133
-740980841
-923368524
972675335
-995535162
-638204385
-823552286
-1354215117
101934158
-983696413
543168864
599838989
1121980279
224141931
-1655038153
2042193627
-1374324629
-174964322
1066272822
-657856491
592210050
-530765123
1829589454
683419520
-2114105148
1962372755
-1370873027
-150931333
1790979243
-1642528022
-1515784209
-1105095784
-1688122068
216484673
-1788081120
-838193042
-2075570184
688945339
1083469765
1686366380
-455686402
354973017
765387692
-603899791
-1725148108
218943083
1454171362
-985550885
-1562493545
-159886781
-771978668
-1417238050
1930870128
-1991879380
-1888479048
-1537467306
-1200057641
946917786
-1516212051
1888867678
1367053948
-1378625630
-249185504
1028831714
1836537765
-1670119508
-1114376206
920443250
-2025061006
1051513958
2002735831
1700162393
1826236520
-1836619781
-894016895
1368459502
1786638380
1304987780
1134474748
-395462359
1774918030
1212762046
1367495771
33137016
454209737
1696844285
841159316
-261853229
1510749192
-1385590688
-1747786840
-148188659
-342894036
-1464356282
454985478
-2053075347
2095579596
206617088
-1828046543
1588269437
-1055126403
-1884612409
248924832
1664517409
1979132498
1088316912
1262207204
-1157839638
-1783506522
-1287070370
1768908304
1758905260
-1689444584
711577911
1513876052
-1706674611
1662695894
-1182465319
-1318454293
-294742048
920508446
-1318185201
1740077367
-1802380559
564400130
-1877304961
-770891479
513170466
-483483541
-1668529305
-978033178
-1369380362
834682463
76315016
1766147495
1176958444
1537471110
2077046113
-1692512800
1502233295
2080754410
1150471584
-1900598108
-1198480308
285107453
609046997
1547727943
-744512572
-817982496
-104895128
-1341557436
-2117263773
-1831295262
-1849948723
-1420864927
-1907150735
-2005330874
-2107439115
-593054960
-1610153496
1731759176
-2040981241
493074456
-1550366651
1565374562
1090330191
561649268
-397373021
965028555
-312881034
-896959365
343059716
885670463
448843252
1667802432
184796146
1651770885
-689971007
29605435
-1228736186
1471495726
83389266
2106131240
1705353543
-1430303718
-538169149
-198659025
1130850038
-451180736
-263066544
1180420676
1902572199
-759750099
-67671031
-1401483824
-343022125
1683610572
2019435206
-2054786160
-1499709396
-654311192
-518363817
851895229
958169586
-2112585233
2093795072
-774713491
-1631117435
856695033
-890222300
1312307257
-1015997894
-2117141497
825184831
-982184418
403362417
708704143
-476274663
-255785048
1861314278
-1307194056
1061988664
-187017140
1042691399
1483850465
1704927637
-75699946
-2094706681
1030508007
1330615955
-1702758525
1179450738
-808704345
1952405036
-1272955217
-531262464
108040257
-1470491283
-123531597
-59095059
-791422817
-1130755549
-160369080
48807432
-639150923
-1555600426
127984303
1511421899
318528777
689606646
-421078571
1341680811
631377526
1487344980
646951601
-1626708815
-1952984276
1533661907
-1378521103
1540941898
-1888421894
1245347167
692854996
-1348871846
1334170063
593312028
-1933480871
2022508950
999503741
-947942942
1306995353
-1432395246
-1540271168
-475048215
1908650097
-547327975
1314329471
1947334080
1500033379
-989631684
-1800424367
-1391693692
119266237
908200109
953956162
-1511163059
1512739579
2022223821
1746058197
-599995157
525626473
96003074
-1389754547
1222299345
1414418956
-45615154
641711144
861329489
1218080706
-183673571
-1442052629
-1819186935
1796165288
-696965411
-253903579
-1188882787
1143653051
1082167251
-345618515
576201126
-269250879
-196633940
1445771565
622585321
418833001
-211017902
804517860
-97609269
522000049
-1910515327
-338171482
1102254340
2061716615
-563852135
832695592
-1899399533
910021043
1631883445
1880433530
2043097585
1245802483
573988091
-503886380
619408264
32508519
1909515061
1738752916
-1183652762
23538991
1826443425
2017346695
-773515987
-210406574
-995227644
-1350980761
-442513330
8775393
-1293489916
593413284
-398089354
1327415131
-894289737
-1053110938
1896305735
-903667117
1157824374
-1113760045
-653896629
165530192
1581182967
2042349965
9140261
1825880051
-1632162918
-1263524482
1874509321
2059686239
1173911555
154343895
-1542385811
-1994222636
812693992
1960550741
-678434304
460405661
678480171
1423986373
-465165349
-1666185684
-1267797461
168416714
103038710
816738947
-1109411754
2050939870
-922877988
2114888660
1396682242
1443714454
8534946
1522616939
-700287619
1410724905
118296853
1054652107
-104317086
797075250
-305659598
-1154516201
2071747118
-638093644
-1211196710
-65978700
-938170606
-117425825
306556358
-1812289493
273877002
-218109167
1472084151
2123858259
1835473709
-997447778
-1659074830
43284910
-832579770
-588673580
1288646891
-258200813
-1690182236
-478081351
-1448545216
-1089649523
1850774830
-1731957482
-529819928
1445855107
1986355898
-681791176
-180270676
-1774238952
387027614
-421161739
1816477141
-367781420
301778822
-198890515
-1861000666
-1409786493
-373620089
1004489745
1952611084
-100942499
-1905092492
-1453819287
1194002963
1885635174
-1587828624
-1064017903
-1945061220
1600108056
1789388740
1385696132
-2132067891
-1707438274
-956639502
-541556196
782686152
1019955490
-209210358
-1518180903
1015291934
1701693674
-345260485
458208097
675373957
962245950
-2093965652
1315757127
103808201
-865737682
835455628
-453066353
-975006976
245056339
1848570471
300896881
-113194239
1879023155
919065275
-62991523
-945808362
-550705431
310442443
-713813697
-2075608080
1758979333
167564978
1707476227
-87501349
1992781489
2036311482
1161669467
182944050
1252233236
-2145972754
1740051647
1965828884
1183139066
1644528621
1788146101
-2029623465
949332148
-1652521471
376053586
-1511170884
-1433026500
1491993967
1762719744
-91406236
135676573
985567504
-438276992
-745761661
-927399023
-1270409952
-970249934
-640016814
357295211
1289110613
1681214356
705677130
556232503
-342950349
311520264
-1769611890
-1690730465
1834108574
-1180827687
796223400
-1111056113
-979852624
-1998039169
423591800
393411484
1455681228
-892682974
1339746408
-976354015
1164968435
971994972
1221088484
2141866283
198816341
-491080637
906039049
507311638
332992299
-1439063898
-1285883748
-711520265
1214571459
-1722470507
-803727811
-1446744644
1617090524
1508595238
252123611
-201661294
-1394032333
1146732406
872259690
-1392097914
-632751523
-1959707410
-1932781869
1170477422
-829631785
-1602652473
290880044
-699660534
1855810651
-1067409201
-377723096
1989209957
-158557836
-2002045076
53357777
1779911809
-294350508
-688650015
-1095510412
303418930
-444691227
-2113073456
-570007333
539865418
-1660051171
1490410495
-714436927
1982295286
1611426454
-1696292258
176164994
1325552231
-349086115
-1716841144
586085138
1902903988
-1544104951
-1685017591
403212847
496951038
1379998991
2047871136
-1471133222
1727321812
629030229
-797079867
-164347134
-1771161383
1454381316
922302252
-1551616126
-717067868
512437154
-999372021
-1364100786
-1618303769
920722527
2141860826
1624312040
-1384829742
-1976581202
447740761
217884439
259099577
-1331530217
687118295
-2109288997
-39007245
542943307
1493057712
1547748507
1329515013
-1799208840
951125782
-1034861664
265815296
-958191394
-650299628
1192057542
1037144359
-1787496542
-1331411760
229412720
1148653780
-1239498782
1263061520
-271817284
1367136155
-645373943
1950504958
1346816247
-1626170449
1088414051
662053167
-1943926957
1210407300
1671216371
-519979039
2010666199
812207542
-932046460
848665732
681576854
267331881
1239308029
892385403
-29552861
1217782640
-422085895
-1131945693
-1116262077
-186855566
267997847
-1384214765
-992459292
-1582311862
1116953997
-1833437787
1745903694
-1979581329
843175555
1437271733
697140120
-2119658220
-794923874
-1207144792
1891076188
925616081
373981786
-452080464
85469613
677858435
-2107767396
-735990963
-1094554295
-836730513
576926983
-1545077482
-1312040181
-1117438035
2126046862
-203480647
-2132985950
215552451
-1296424119
1118943039
1359459975
1447866511
245574796
-1514554476
442947372
2086005354
1654325
-1059732922
1155948913
-1638115190
1455137350
-1271577971
-637061797
-1376680280
-780539469
-57851510
989127175
479293666
-791388549
-1049174829
-1729546276
1934785506
-18283780
1238202671
872040959
349850430
964735619
-822437475
625120011
1331632673
1635071778
2054791835
-1407569663
-2032960981
1325557958
1287523748
1175678077
148151446
-920540792
374001913
1708916523
-623801959
1345344323
-1552810076
961006968
-110892528
-149493146
488629689
1642137484
1681475420
-1557124598
1300571359
-928717450
1853220231
1737243974
-1834511090
1012101801
-26698836
1830664642
2065296793
1965825190
855199381
-333238390
1050049135
-2141718278
-1347292763
754541092
-315006563
-1008863637
601633272
-1263567132
-2133115626
-2129891986
1814835144
-1653087107
752159926
1778828251
-2095912430
1772441563
-712850300
-287500317
-933674887
982352432
-2106983625
-226548159
-1756450967
1755821133
-1472299781
-1355096145
-1444599169
-925996238
458671732
2022334875
147175719
150045159
1673440258
1945912858
-889210490
637435021
-1707691705
1077706524
1437527450
177371311
1028838629
787689697
856864416
2070564573
-405547892
1200766891
-1420614987
-121980549
427961651
-981367627
-1646874432
-1545366314
2055363492
1722080867
1792405134
1418628215
177086782
1463193530
671634750
947571132
1912000758
950248209
-1558706210
-751011933
1443948702
29312008
2134923350
1078996969
-706119062
-763542343
-749390204
-682646189
-1557517650
1270039086
1085271464
-250208438
-31930900
1063459858
1549784066
-1837589843
-286543090
1191752618
683921593
1193190370
-1434663441
-695196155
547085311
-364495314
687355423
188282226
871357809
2098097223
-1698841113
-1057106383
-182743869
1334390310
-427416182
1583354478
-685426532
-1802565600
-2076197170
1894824298
-1333815362
895182647
1849201850
1138822651
78973033
848983725
508908448
1619454006
-696458751
-1173996838
2071997789
-1369899415
-928924434
188351807
-1670693410
665995599
422171843
1631622618
2088121319
-1041565826
-442439519
-103645765
1446986255
-582441948
729103837
1954518742
-1184654322
-349256462
38775008
-1403542245
-1904999365
-1038908585
-1435975601
-1152158525
-916050609
-1907591951
-1537499541
2030111213
1075049582
1745479488
890819769
-1022708376
-203049112
957264540
1839363556
-1889918254
-1680520389
-484587416
627333602
-636111903
-1563732260
301330568
-846593962
919059712
1714492982
340224527
-1109019339
954496797
-710096526
-1248435395
-1626154069
903658177
-1214294919
-893879128
196576063
-1892100000
-1705127242
-758461512
-93869259
-820502030
-1198906592
1247875159
753850419
1378286018
-342249353
-1652157975
-689250266
-119113083
-758515251
-1037019270
653070438
-1271001939
-88694969
-1622298826
-117108201
-1744798465
2059204388
1606105373
-102027054
647194722
-711627010
-2086213386
221636485
-1937698566
575356240
-114117756
694212503
-1633030027
-1908463816
1040243447
-1071018417
1397529508
543841917
-1177284955
-2094482314
-1569731763
-2048738350
1306874361
433374266
-693920193
1475467611
-667099477
-1987788460
1221355685
1092931953
-176523727
1608085357
-906320737
819111330
558683765
-2040294723
-226961394
938709499
-308329017
1236649717
-1770945617
117690504
226454036
-125183905
2082238315
1733333275
-2110988456
1602227010
1854138348
-1967773364
703021392
-1115622006
266846579
130203841
136748148
-231682392
-1731382296
-1381958225
-650806748
359487927
-1977097166
-1352501856
1323498529
985517535
1660530376
-1585846666
-730416322
1613652222
-1718876280
1387363247
74931542
-746104700
2000618183
468296682
1584404096
1030341790
1628920744
196164265
82872705
-304461418
2146831281
-1936717225
-809124990
-1956340871
1727612827
1256778381
857870082
1535676409
506459496
837353104
-44729843
-1697912171
147189691
441309214
-921277523
-1025882378
962636387
35947113
-43051871
-808532580
-2100753352
1715452259
90834764
425287353
-1753705942
759419196
-69967120
-752091299
-714272874
-720694744
-1172636133
-801516334
2114428891
-1777496987
531317857
1746233929
2029034797
-1851545476
-2003322038
-211780427
-700206936
-5572666
30106254
-167073546
-589017176
-1836512975
-2045353089
-632661958
-284411305
-704625084
-720256058
-670200160
640339847
1376197728
-1702949039
-262766563
-2126165567
1729230407
765734284
-1932390493
2071280029
-1589327390
728946126
-2009817985
203673939
470367806
1196316437
-171195902
1970656658
1003662807
-1942378762
-1535513245
-129677424
-1062631143
-966595634
-314905117
-180151199
95149347
983627325
496952114
833394060
810091213
835345877
-1650774511
-1197142309
1775942124
672478477
-1813559496
301880691
-811715372
-802584453
789946489
-2126062557
607377438
763370818
704050212
-2053742336
318026410
625615560
-1848072531
-1996040143
-589762073
1337314220
454368908
1330688006
-258288047
137298423
1719088740
1256112719
1618340923
-1451578736
-564122265
807372523
-2019914546
763243509
1202829816
1562270622
-328602799
-1486083032
-1368120687
-2134313688
1930375850
220903910
55214310
921849234
-95520989
-1051306722
-79326390
2103813066
984252529
1032358561
-1580744622
1081172082
848211954
62920469
-2110574409
461042676
289048374
-1187789521
2001019776
2041184729
-1308585279
-1950844128
-2037391264
-993366693
-1706902259
141962063
-642323364
1516903224
-1699590699
-1909547959
-349739856
-1171227448
-1074128496
-233554955
-2092915725
1237006417
-60971717
-1554091508
-1149266567
858555034
-1153416613
715924935
427907832
827129277
2100520770
-702780711
165161069
-2014564031
1331414928
1964018079
-856196544
1044901736
-806293252
1711920789
-450164314
-722191420
-476876716
-917959412
-2049039546
-700283120
-260980030
1123819801
-1867561954
-1866443716
-1795909808
1663220944
-1641668440
609393353
1412375725
119594162
346061368
2096396887
-1831299279
209338211
-1167300953
1735725947
-1201677538
-1666671457
-1236472266
905550294
419120936
-1834363025
-300932181
1489367906
-72750282
-889020521
-475260224
1696561423
573867882
432354898
-120954691
-1790792562
2107141983
-1628222912
-1526736029
1117648747
2133253553
-343073121
375992844
-200226975
-767067199
1012153
-1253956337
-1508926487
1416962489
1933891229
-1953466519
394451220
888672973
-848923119
-127840615
1564439450
609302980
1389587142
-727569206
1414908465
142485942
-1973080883
613214519
-496746461
1869997847
-522534839
506481354
1071672602
-524632845
-63202458
437594374
-735906242
-1445092741
-357664887
2023372583
-751868799
76805311
391086537
-1818305144
-1024291783
-1211594564
1213505180
179815747
373774830
337467801
1132836053
-1901200866
12261493
1742952237
-1409666099
1639171749
-1274575811
-2099111740
1298942176
180924050
550125544
1738635299
428177435
-562549899
-1402569187
-494708536
1368362035
-2085286000
-1082723173
-14934155
-1641016904
726512387
-1744606062
-1910727185
-1903963767
-644657368
-99711955
2047375107
861077130
-1768870848
-1790610061
589315785
1366166164
802587982
-1192954289
-2087265492
852383405
698369603
75728364
1486743721
538260088
-1436678054
-1901937850
-481482922
1723260654
1432350917
-1376884482
841298981
-624523186
-701409911
2032773741
-114421143
-1993118894
402541733
-919130630
1068911001
-812213853
-106919558
1101746352
264215380
-55307891
-1848497050
-1540628726
-1737321051
-1614209802
2110482609
-1832218863
448955783
-1611846772
427435180
1388611496
-2113958485
1734974525
567343127
484608294
-1045633672
-465557012
27077827
-396719323
1120765010
-832639136
-1373002376
1238164377
-1522942690
-1199819136
1827589912
923028259
1907658246
-1987868995
1827536899
314659495
-1482708871
1830856398
-1084692035
-145809893
832140661
1502381475
-1039400754
-2077722462
-1623156216
1921728147
1970077417
-2016307751
739033107
-993415977
-592649392
1551635567
1139058513
-1262730693
1837045110
693114363
-904543593
-1610083054
-1588752923
-57769975
1456596316
1671059817
-133420702
-1183991179
513525116
-98453120
-1706325426
-1865187588
-28093128
702562677
1464740942
1931709967
840907137
621007426
-219640274
-192652054
226549877
807292905
-1340107262
695734501
-474678231
1714814701
1057395598
1354325002
2035967401
-864434940
