2037457440
-340194703
-100686205
-2087783146
2138636473
1825994360
431435567
-1294591369
-1339210151
-2090288249
-743824588
-1533635796
-1024939966
-1022482060
-248065158
-1341852266
-128653885
-1788100774
1063479526
-1562087425
-84201690
642372270
865927132
1867388873
171546315
-1226075248
-565282811
1967224810
398192788
1802109539
-810681263
1913328279
2023277444
-1336923489
-879982785
1730464319
706294178
-1673546011
333637467
-1409325638
1765603875
1044525651
-745797624
-916216894
-646317625
1054640921
-212565377
1426887073
-1253519998
222276172
-813450473
1610881324
1745255263
-1941293830
-880603450
-177866257
-2033367647
-1313027459
1485559015
-524508759
-748352469
1044599828
1670199613
1852741626
-611459039
-469026385
1107767863
-51744422
-705843762
885493769
-1649928331
497712461
-1357635385
880907260
-816931702
1091085268
1251354193
-1247475952
-605408253
-1167186394
-260787713
-1046658732
1691360936
-1963837792
-1139234657
1901137009
1773906689
976591865
-764930730
924359675
-1995151077
-143076423
-1240003318
-911591670
1400723084
-624072725
1989731327
-2110822647
1717323443
-283481071
-985884220
276676557
-164033724
1823954263
1867095888
881562857
-1580719869
1759486476
-241149081
-1796591553
963437775
460653645
347345218
-2070651430
1228641505
-1850932222
-454423186
1610178811
-716987819
1017269262
902053108
924427889
-848357654
-980347198
-604269895
1913374765
1070338821
571043217
1041293095
-2087340523
2044831739
802762762
-98501107
737089560
-603876721
-2045045246
-2060222781
830422402
-1600349767
1979130128
-1844893038
1337601424
-843606615
-311152323
501353810
-1033523897
-1141153014
-2004766468
2131289171
-1362604415
1706706571
1130073175
627840896
2043796552
485065882
349824875
-1217748799
728610918
1907765618
174147606
1182631329
2032467516
1481145688
423569134
-691222735
775913170
-608632544
-1249240204
-599200725
-219157969
-1972384010
-866379895
2110818649
269007339
-312652966
565208608
-444896201
-1367559934
-1275522452
1620468020
177949655
1120339178
989031785
-1308290308
-1063508988
-1316715546
-414573451
715863645
1542233770
893930652
-1288079206
1171933856
2109288308
-347346203
-1165020656
1516416612
113952183
105115108
-1871434050
421656022
1803827342
698305369
1981238528
-1016860642
-1526214331
487138359
-268759381
-1538650084
1749063674
1969864307
-1018924979
729033811
-1457437055
-1491285986
-1517719368
-1151284699
1764033928
836777909
880938177
850028608
1916557307
-882877001
2011607877
2141879384
-1659709271
-25494664
-621578900
828512278
826322471
480015157
1421309745
840132943
-1983588108
1765238119
1120691233
1458997625
-1907114018
1988644700
831122530
-1742253990
-2066243933
-203686142
-1685746186
-342811135
-466175270
-106369019
1081028161
1886965754
-196246765
-868686307
-2057353272
-694921796
1430846525
1268865184
-692867013
1721931878
-730848952
-593591458
-102483275
1919789482
-198108918
-1697763155
-460801471
306998793
456222310
-2029743934
157165728
1171797568
-1200720213
625390146
615576904
-807535615
-1284623815
1922789400
-1284587344
1910126054
-44731542
748480648
998377418
-1396083038
-189495378
1354879364
-180452399
-2096673927
-667410697
1358380606
-724745660
882380273
-1368437416
1670949374
1140046129
-607019830
-1463975192
1197300789
1887525814
-1490931670
395943404
-575702575
241398468
485735708
-458654924
-1068345390
-166248922
60660795
911976645
-410852580
-1926323775
-935499862
1184308920
487993743
1461445405
1600865350
-1657593247
885493844
482163491
-649262561
895989682
1126736761
-2123808728
852426787
-1383512863
-1732547904
-1731630038
922754843
1885883465
1994866611
-1579138216
-1594159141
-371695475
-168353540
-1251156265
-1348183883
-898648318
-1486823694
1085661123
1142517294
1136852046
997850487
501354099
-1456235788
74927948
-21471488
279259649
-1321405682
-1128364493
-571863820
896248840
-836450731
-1502600714
-609177286
1654162607
-1151056350
573805548
1631753485
-1290530074
-962899384
190233011
-1841546990
261872879
2012782916
674607954
342547115
-180957920
2097133491
-1278773347
1915320973
1395259110
712139524
-1472935203
359610511
-704239603
-2075481235
1486191535
-1673062203
-2144941507
-2012384990
1397361196
307660237
-25241401
-175298364
623254858
530130024
-1290211679
934767383
-1174246783
-3290036
830189743
-2122363912
-141364303
-1317422537
-1535895484
228699277
633913154
740577095
-858037785
-2111832899
-2100007283
348057992
-2046385063
1159798754
1649497722
-1437474354
-890612778
-1884329795
-1250492823
-314565947
1725707675
-423239510
1068050773
234982726
-494762072
2072923668
-711144138
1314147819
-249077561
-1680560598
1204460711
-690321435
9669836
-1697901102
1498285769
-870037236
1980000541
1804348894
-589704858
-1233028297
973374836
-110248323
-1604734632
954834637
589761763
1105198579
-1217755860
302783132
-2128463080
1723307660
1531516417
-2139802391
-289054238
-1433167923
-2039381322
-1126102585
-569687309
1241761517
-1725449916
1167528620
1045545447
-555810173
1153671783
-264367296
-1513344380
-688935552
740418435
-29261960
-1932146877
520574302
-1304143162
-270618909
807265295
-2031482983
1396423049
1283551555
1577081164
1419053662
1093001467
-1585653665
-671626470
-1251218302
1570956544
1000753943
-1690777382
621945013
-1310926506
-1708771912
-1486333712
-614033418
1247595769
-634197103
273218762
-260436151
-1968597047
-912290362
-345673439
766510248
1028873833
1651641187
493923967
-1312454858
-1848053655
-112161100
277278208
1366841018
16934054
-993530925
-588007844
1530660426
1948162032
-915282815
-1780665052
1897010758
-1303940626
-266644167
-361404341
326449544
-894757826
-1267228798
-1755980825
982989273
571889632
-1511004795
-1296891847
-1422643290
-958448429
-437130530
1835031530
959774962
1863593984
17542838
-1301340521
-1081713778
-474002601
1600000785
600102799
-1993826680
-681905097
381822308
1403016411
1053845217
528972819
-90055574
366931582
498512769
-924342446
1144938295
674546173
1924322415
1778663029
1462446476
-760307167
-1347970756
-982184578
-899243667
435994362
1139831488
646968720
-1544687119
-2022618585
-233669624
-993725230
1412644696
-946955435
683712142
-623359847
-2051372958
-1816880891
-629062230
1587154374
-460142370
-1372231279
288838985
1707934571
245772672
-1776963472
-1598597156
736383924
1916111095
-247669832
-1330833518
1683654404
-662697409
891176420
-1717233976
2095187294
685397043
-2027147305
-1236231232
-1143879162
-645120411
603051808
944915345
-1204343449
-520706254
1438788735
-498315170
-1675630281
2013237008
1723657896
1321805514
1966979800
-539749079
1304702278
1747562154
-1372108799
-1242224339
-1491568574
541887228
-1441781347
1534920292
-403554492
-1168351976
-1924382477
215534594
2094212473
-178092251
336640774
-1894594882
2092060055
-1373691442
466052670
-1266729052
-338501091
-1451353804
1475296839
1701241898
-800825889
-502487771
-1089514952
-1620632702
-67086143
424775822
879716600
-521020114
-711861054
1964901422
260835293
1792793816
1013876540
1880344716
-1989034091
1904287587
434764393
1727607594
344318793
-554349251
925917993
289551099
-486470146
1496733174
-2076371199
1840853009
-1245570497
1605187862
1468960359
1135194778
-1369018375
464652330
313081660
-1466301171
-1493250907
-578456032
-2003887207
-775928417
1032186283
-1283225644
157923533
1513265916
-1280269051
1769486826
-570334554
-1969651661
1124438051
-214421539
-1770283281
-1071227919
-73135858
-1926447016
-293608134
-302000399
-2147401264
144962244
1166642911
829990322
1667488274
-307609054
555369284
1434237291
-229839099
-1841481446
-1074764706
-403960772
898090373
-1945945262
362364790
-1688634203
-259558788
396759043
1022297648
1008167995
-1270078076
749928906
2056180680
-1746725480
1199569360
-4413509
-1236057441
-1491415661
622162251
195537852
413423094
-864377936
-1699742207
1338843663
1849015288
-1877076518
-1312735810
137512496
-1764185091
993839951
-3421196
-1732333344
-1835604724
-956069157
1441189345
-514368639
2141229218
-1186340792
195796209
2018903204
-739308111
-1862785772
-261541024
-264648224
1528489963
16310372
1292844835
-35190043
-1811710145
1456190008
2080177928
194636240
1187718051
1753169376
2147372571
319814847
-359487212
1480247215
1669562700
-459078488
1334556634
1758951917
-1698235570
-1034437274
497638672
1117029649
-513959231
981539604
-156590237
267423535
870147730
-691435362
1404247066
744892079
1528306850
-1216808044
-1218318251
275786815
-1508014427
-655888063
899117721
1125541898
-1256998580
662481148
371097739
1620164137
-953048666
-560910403
-277453573
1788524122
-1408596797
-42594061
-1085892060
1089227503
-98609766
-55656301
2127948849
716190472
1553270060
-910028172
2138226691
321461252
-432197400
1791644377
-2058190287
-2008906188
1125176145
1502991439
1800045136
-1611319087
554883806
-1847458119
-417022349
-722829008
680184608
-1270322263
1635214069
1253552435
-1478112214
1360395248
1426981493
296653058
-1550922708
280679032
761252385
953595899
469014369
-1140248496
-2122435017
1030684902
234818091
710422024
-174322999
-1584034451
1386398075
2014293566
688166080
-894956342
324332918
308831608
1297577762
1389705665
-250140075
-1501295820
1180534935
-2089565231
1156416396
-1213265858
873432360
-163440730
2031027502
-69323200
-1028679606
1442167505
1950580623
-477068129
-1956445413
-910676294
1659330858
1013290628
-1295424790
-560296236
-315045179
1496821304
249781245
1290296851
-1625341486
-661096012
-1166889843
148191131
215065880
410358904
-1508250603
-578267463
534005650
-861744485
2132966091
-901502442
453203351
-2091538141
-46963346
1519871529
-654579654
931022742
732709186
-815248659
-1065850125
1252013776
-1392294824
-1367207724
-61130882
1469419799
-424272365
-329797382
-345207805
-1832573076
-548318234
-1892778851
343883638
-1140512733
-972413342
1192638413
2030164032
-1209460042
1218658927
-633623713
137881886
-2100083499
957661913
2088624679
-2102273975
1963904192
-2064366066
-1292008091
-27822889
1840852185
488774693
1944128639
-1044644256
-141112204
1628229922
-285232144
-1883733276
1884803569
-1372809352
818966400
347322092
-1785757171
1584158414
1830374325
-1278432274
468828276
1330537222
-1246825847
-711980811
1922008474
-872996998
-1436858532
1513466241
-167486006
-1238887800
-184725973
1490994859
1544832382
567946576
1197724162
-1305801075
1482323697
1557023676
-494436689
-1594012192
-1952514830
-346607424
937451960
-1230073883
-227401989
1041269474
-253884786
175691913
-905315710
1835699452
88646145
-1261380413
1699732878
-936720576
-1429929738
2029542720
-1529858420
1702718589
-451137960
663291714
-1139200670
-1573609568
-1551694772
1448214469
54606276
-1349130884
1647123624
1927314659
-1257223481
1491007181
-1405496155
-2018635399
1859867571
1605840506
-4106286
-1099591927
-406105572
1196627994
397600331
1457103329
-817487565
-563879240
-1936405973
1838582653
-692015527
423934938
-649482178
808099625
799498997
-462137664
-754558981
2037867754
-477964410
327754729
1994247856
-6846818
1615602683
-961348390
-218519042
1078192994
-297443006
-389724127
418837896
-370891469
-320851938
1576065432
-113784857
839947479
579164477
1074074342
2139402976
420014077
-324150647
-58455989
928547545
585880995
334427581
994946459
1155793287
1428962487
-1482681284
1315065738
1988014060
-275642111
-673541091
1014816043
-1542149248
769753663
-402599286
-1253456462
1584476846
-1870272111
955975498
-553161087
-364348287
-1988228841
372098459
-1364621983
1373296543
-1383097896
2081896005
-1654082801
-684309387
-1968135195
-390242581
356282875
-1883570509
1105476797
1843989155
-514519733
1926932987
-558217229
-1999755319
-1668805595
-1588521516
-411558386
-1686393072
1308724526
1251003620
-1326826065
-2022021159
-1196337587
-83041442
-297964807
-1482482233
-334324557
-1699956552
-1304436436
-425059438
1096403231
1045274785
2052160147
-1452867812
2130951262
-1526618318
-564923744
-994231615
-2106173423
-1191582621
-2107988396
1618663410
-1273344078
1476268736
-387221788
-272085244
441615832
-1757782693
-1382501735
-702707643
188053946
1967626500
-1982453769
-1034069424
-130971407
-1159635785
-1083586783
-1309009502
1376586113
-1711231659
788166011
823856492
188710937
1397305495
1950742417
602135978
1253144218
-433972417
-156166857
-579056012
-1245399339
531844751
1920162800
-997729133
-1637945959
-2087560961
919741331
1470238550
-456328724
-1116582359
922007851
946705318
-1913295721
-119231992
1058395167
1980855384
-1061880857
-2107067551
-1250641518
-1310653502
-374870094
116003200
2007675404
-811578736
1196411288
732334375
-1204832935
-1482682408
-1179341430
-880929597
1998811313
-251015573
-996782448
389008353
-350352616
929377133
-1439145018
121195999
756960263
-588922329
185788839
-684350490
-471791540
-1263970021
-1133595763
-1359753705
-918030034
-1040460712
-2122641032
-1404276732
1714708948
-717784817
-135164403
1698779233
-1734596890
-1725082009
-1758918430
-613900294
-1696187276
-966072435
-691425032
324090856
-1392144873
-1989197042
-177757304
-475242753
-308820651
926116712
-278777086
-1680050550
-977300919
-2054253347
-809362862
1330646585
-876062077
205026442
-273604508
-1911879846
-1726254548
-1799820104
164229098
976195399
-1913830546
79014514
1428629340
-780433121
1384843282
-1677490089
-2063276736
-1345954120
1771567466
267045553
1832408235
2144758996
-770499984
1282050245
-839582201
-1314619758
1777139759
1949882220
311418901
-2087252954
-58246047
235047138
-1955818187
245772492
300764761
843486685
1262553317
519343097
909196835
1582728161
-2019524217
846758355
2052343272
1069964498
1686569574
823430883
-205116009
489425866
-425047558
-1137401079
1930181826
1320629037
1759899755
-353257553
667608773
-1339568135
577530451
-98822847
1853592877
-683983262
-708906040
-1465910308
885666902
-1156811875
-1341479016
1606394693
-1020500395
56459516
1168721622
-824654308
-151093224
1737339962
-949455723
-1424282544
512799948
-312415976
1562536435
-537335595
1783698302
-588128216
-1587583399
-1267712363
-639288572
1517465319
-1486397440
1994023075
1808853021
-1795449583
-1516259146
-739671626
1081393623
-1126563023
965278433
2033444564
402851889
-1328152969
1835852484
1599140173
-1128396544
-771813939
-502450176
-1637329942
1370390294
1308421163
883440478
23258982
1346256800
-1578943446
1672457419
1525666333
252041679
542890199
1323019683
-1819805949
-1344140103
-18554934
-1173159118
1539629015
626014082
1142737014
2050391414
-1308649833
-580966474
-437773119
-1351252438
8331830
1836313081
1323411158
1991121919
2042993292
469270754
1212098618
448445996
-1375336563
1174709794
627174941
464849961
-1094942787
-1385235988
-638855438
-178512458
1728395747
-1447607151
-5857983
1127864098
-1880717828
-635392407
2014608315
420658633
-762519182
1264390649
1398701711
1155535069
246913677
1704512594
-1664739845
-582210967
-1131956439
1791537079
285523493
1755671699
1976177321
-1223558014
509464618
-54771935
653322027
1614709831
-1110192009
-1402674883
-1434438147
-1414702279
708038232
597562236
905167694
777173964
2042538190
1944706588
-597911256
1046479004
56708260
1198913421
-1671477859
-1000941428
-303415356
1065717554
-2078586816
-270984910
-1883501114
1902542952
-1323867433
-38218894
1969318345
1364734406
-1948925618
518164072
643897734
-194337626
23997677
-722088821
-1896022623
1036024036
-2000961843
1342062350
1684589378
554100965
126797192
-1291695223
-860206364
-1079836197
-1238707665
-1186871336
94253164
1749261382
-1486610304
1045041219
33153149
-847521603
-785461672
1169349599
-531384566
-2013125395
933598822
-1901497549
1734386476
-664007454
179634721
-1448727267
749677621
-889234299
670254843
906122742
-933940220
1387615589
100418262
266527988
822545050
-1626014535
-936621129
525247440
-1823234323
391497125
1074513592
1569500328
1177229564
-997450820
1349040707
-531471835
-745436893
280334790
1278922621
152454624
-407742289
563263682
205616895
-1135652607
-1347668043
-2003246290
152249547
113161001
766002207
-718907259
2001721213
1079778193
106661383
-540558072
1343774400
1532686451
-1640800953
2097525185
739185923
339810472
660780112
136179908
-1438777235
2087598994
-1089532869
-1032099400
-1047949554
1425840955
1949939229
-712043
1108763222
-1026364226
804441502
705945774
393993674
-1873751323
-383203124
-1172644367
-1543213836
-613032173
1614852396
-762311058
467121306
1123892324
751852050
1371847189
-604363981
1340500242
596977714
1202155203
-942631786
-1920622054
-917029258
640978559
663616756
-155392738
-2112740335
-848626176
-304328952
-1381454707
-1615251501
2113845106
-1032777332
1511639552
578782399
-1856289415
1968265198
-1394081049
2062535642
-1641780619
1250955843
-390114460
-1785014459
-24938489
-879957892
-1631323274
-437294451
-713811244
-664202026
344439386
-1691327422
170630793
-1513426537
-1148396499
213050566
-656282082
794832374
1463418326
852987494
-1359752099
-1441145254
-1628722398
2110730926
-238403419
1495063495
1962883887
-345210632
-194341909
957621909
-209416434
390695494
-347063807
-1774567326
972723876
1839279697
-781184230
1565110601
-548094000
1185531361
1615491469
-841733037
1590014930
-1354785185
-268914727
-662501587
-1766979862
159586984
124756713
-1933903589
903069247
-1778938589
-654283624
1648907564
-1779314686
-923984107
-541756810
878195631
1107100115
298932531
1472298188
1851145957
611174755
1067917688
-1424801315
814618359
-592112806
-526368200
-209723026
1022001450
-319024006
400543349
-98888567
-350497200
-1599239933
1024325489
930878845
-1978506111
-1421277607
-757389436
656049192
-1169115125
1676100324
-1256622545
551471735
-328925274
652245047
-638531216
62244141
941096940
712262515
1159936087
1924117732
-690796025
-144398355
1302102745
-1473332399
1168615851
-1586751474
-1646218525
-534157108
1014496838
-678385542
1151023794
-943055346
2136732534
1607782772
751903841
-168016325
143740091
-1628937599
-1303501117
704949539
193575021
1635945546
403551090
1800566212
-133276176
1412965574
417223208
1821013267
2119277349
-298874472
-544285364
195491067
-447044317
759547061
-2133167152
-31317083
62783526
1699665737
-1086245831
-1161710854
1112605383
-1168814373
-313977601
1459514469
548788333
895191214
1048800790
745192669
1333835523
-295483542
-1469511732
-819495646
579746795
-1683587332
-1830305067
-911836602
-1691474895
792099513
1385835940
401506926
-1002122237
-1478180407
-1655530757
-443745831
1975083360
447438274
-1842836027
1235041313
-1481828848
1694525331
1372622371
-737260095
1414831315
953876131
-1611416636
-1428971049
1723869
-152170951
1270722937
-1388971990
-1909174656
1694467358
-1305702905
-750413971
860911659
-209132672
689452607
-2017499196
2074294930
1362641688
1940071500
-1882541688
1153821998
985087375
152590411
-1106410425
-1046199320
730813725
1264533024
-101578226
-1770005744
408535923
862428295
1624722153
-2146693485
350409435
897376617
-1987304278
-367816595
-2000214628
2123456368
1394309865
725381724
-862744670
1401376989
-2099453108
-1818847530
248931934
-2054769768
-1423093240
367770940
-1373934869
667701896
141003431
2139594062
-1464225167
491753509
-588490485
312591841
-538103602
-1537096118
1132910258
66728656
388745586
-985444529
-512147398
534040111
1564478090
-740848553
-1958535384
1955549382
-659425696
-43877147
150588388
-992987715
1453883137
-422593611
756583431
402961811
-252405729
-2018773815
1664995545
-1597047724
1067516729
-554227519
2141149717
1835339531
-764397064
-1702407825
-1269350162
-1326181260
-1050404132
-451396694
860368726
-1507658506
-2029962217
-207705502
-1166588035
-49642033
-1246099272
-1790830859
1771995031
-643255408
-2113139700
-1950244160
581072354
-1372102708
1050414912
826150391
-138215193
-1104746996
1564732747
1705756601
-368181249
235371525
164577546
-1228051618
1561341976
-1582571252
525488556
-1832370413
305662137
-1887235895
-774315696
1281984425
1662707011
-171053781
-1847541269
307021225
2114780792
-818867301
938366063
1417686955
276887617
-9285261
-1698212311
-1606025753
-2035546197
1781820337
616734826
-1134142708
-1808272078
595275239
-2107523479
-479261104
1453096770
-1477643146
-128746137
-914672952
323870970
-664394245
-1890788588
-1443983367
1652982066
885411848
-216533455
-1137350738
-816968257
2082855702
1712252278
240307467
1723893493
-1742829126
1832032437
504682722
-272892051
750794519
694954046
1869041476
692327431
-1569814381
-1568065915
1957857883
1431724082
1232832205
1852459010
515751543
-539266454
-870428210
350500184
1634265958
1108608258
1906599038
-1253827655
-1962668281
-2103804125
1622088536
-948473977
-363959007
1292698131
-1388940703
1053824319
1954676848
-2097903942
1562717782
-512318318
-964925183
230805346
-353245916
-1004848684
1800924095
1476473278
467376540
-1751680615
215766860
645037357
648535654
-868570467
1884873236
281182527
1126937654
-1767699996
-1846192736
-646449033
1506252606
446020898
312089383
-1518478510
-275615773
-1955002532
-1770783382
567369608
-814327118
-164977714
-854477887
293218193
-1120044139
-819565809
627477104
1532454506
-1799598015
-661674381
-1193362370
1454701464
673854962
-1343113808
-1503178424
-481834131
-2070931878
1773333187
-501967086
1835063177
-1254068266
1249820692
-1255176738
-1105536093
-557110046
-1952789288
-1373395135
-918654327
2048065231
1751915446
1162629618
1003816805
1884368819
-1616328788
-868659484
-1893525695
-466608224
1678508852
1978678167
-934902068
301195543
488697250
422657451
-851570594
338405566
-1558521137
1058724790
-1863643591
-1428290479
116912379
-1175318698
149890321
-1144189738
-728416017
1318118537
1851495117
-225507308
-852902814
1884240443
1027614095
839593285
-1072714083
6191136
-1954275599
-441351926
-1407542431
-674607676
-179075182
1522531486
523347976
1541263071
-1727023408
1079407694
-1429933335
-926056211
-2040917290
322826536
-1405715199
1669082622
-138654504
1465872882
-290092594
-1707503414
-1931371107
271664989
1251318142
-759747064
680052285
1512144762
991453513
1516302079
-1181820628
2088178797
-248224230
-1693691556
-34664586
1552601695
374873460
1640644678
-1449906613
869542073
-943474541
232057519
2107392190
-1990894962
1074920913
-749458707
-8934967
666223192
-1154821045
-1505209464
509137556
-2096096026
-681548348
-1231784619
821688566
1466306453
-1490945336
-736202045
303227451
1242127806
-809634540
1519154292
-2026867160
-933330578
358517813
-57896177
-1740863941
-194798756
419639406
-1743992236
-1641790154
379710999
2096281566
613845360
-386911522
618616959
759216610
1549956242
1233682432
-2008513675
-557663048
1559112637
630009524
1948497621
-1921509020
-1641600289
609841893
178751908
-1775126058
349902627
-541190385
-275783290
343217484
2135887235
964094282
582940018
929566453
-286996832
874214536
1742686120
-313943337
-389176363
596347418
-1512650015
1591037169
-1892091511
702308216
-1993693496
1764636323
1567369924
-1160559551
41308073
1741665870
554199556
88552576
-1659902617
-423027401
447427409
-409810128
-48296525
443764656
-44838001
2127845634
1728757114
2065548153
-540438254
2018648924
125150623
-2094890909
-219985545
1563758501
-1035454742
312936246
-599091023
-349421889
-1010667201
1347044052
744611170
-995074859
-2021723630
1331554205
1486204523
-238704298
-638323174
1162601749
-1764256314
-1433928896
-929676732
2125385156
-1534516078
398214561
-24303638
-1951508131
-134499217
1062690906
-1624893372
-1600166622
-1189451252
1537349926
-282494178
-302442874
-1726395139
-811675430
-1575371573
-1616444397
-1017280303
-1160435475
864077657
1373276302
-2004866205
-1913879237
-1778427131
-2030328744
-2138180496
-1463392763
-1525351951
427561238
-121894294
-162144708
315513620
-1152029804
-336418677
713140734
452171889
1847957478
839653932
-13457056
-1456567157
-127220784
1085773654
-678902930
439685911
-661476505
-539699559
390886767
-2004213517
463930359
-1156159460
1364431468
388228950
-174378713
1090924021
99874547
-965446071
-1830967205
-714570310
-620284648
-1506438570
-2012109223
-407898280
497974460
791654782
-1677976786
-151225054
-1690942447
-146844817
-1560743854
1094629676
-697469859
-161797898
1627131146
-1412912166
-1178853635
412139186
695450893
370851763
-796787028
-1240162550
1637375338
-2058011014
-66762491
-891412640
1812951976
-1935441025
1975424070
-367637370
-1970891986
-1233682638
-1168714410
572828272
1028437221
12673016
-361186808
2073803563
-801708773
1421374529
149349281
-890076915
1904700330
780638682
-1000553065
35090478
559731289
-343880065
-1210569573
-1900248298
1621126529
-1012877900
155562457
335767223
197282547
-1234950188
1567268478
-1658064483
-1442141415
1753161321
1284178810
1649826403
2082957402
1764069822
-168621690
864936296
773714115
-1215554637
1568062824
1617420739
-1741638173
-447777840
-982786955
1993244019
-372164875
1708071067
-573217449
-380806949
-811202236
-1636255187
246477072
-1213589140
608076491
365378050
1137842239
-1426482269
-394007781
-1215212527
-457676640
-469887946
663901825
-361675492
1049669337
514429065
-140406937
349176392
-765814670
-1687975321
-1857506822
-172763664
825750053
2103935726
-303210995
-1222937163
1434125911
947771593
534356796
179037657
2086526950
1856982436
-1602090156
-1224163891
849638693
598142684
-969447694
1368629768
-1710751964
645748086
-132759447
516491033
1986658612
-287084205
-1212147479
943559167
-1531853655
1196577697
1116263388
-1281316424
-1843442463
239643795
293926035
-10613225
-1106573435
603320403
2005635617
2025949146
1639562510
2067683127
-1073142393
840762875
-295664245
-335401677
-1615948271
1453505606
283952544
877012110
1121593342
-894822613
-2115995695
-444489768
1934504294
-617637675
-976009728
1446192923
-106710696
-1546849414
-1657981132
355105872
-1255840446
2020078836
-1346898533
2130379541
-1197385579
481040273
-1091571503
-1644138597
-1031345495
4967462
-1731272606
1166733541
2089768669
-2126261910
677210765
-1335408082
1367264002
1579953280
1643246411
-716533846
947746809
-548956459
-1294018673
401635953
1532922010
-1229228756
-541943602
657885112
-500882729
1818733558
1834007744
1450006337
-1066019040
695657702
1750230376
-440599276
329589257
-2009785915
2005525842
-1039123857
1207559210
1732475010
41210907
-1010445830
-742067130
-1323436916
-149133514
1269197630
1029517231
861411684
-1935928596
-225396392
1478601960
2033971821
-1400719452
1765071081
312079500
-1395713018
1707269988
1834162512
-555326355
-1527819814
-1540698217
545367323
489758975
-260501898
396718864
79674810
267532535
578818075
-1156489138
1414823541
-1176510673
1003149013
1133215745
1877105311
-1349656884
2000646092
853481421
1182255883
-515002975
989929945
-1700446899
720953023
-820854570
-1813786789
1572468058
-1211850009
2117404612
-1781325493
-78806132
-1741384180
304460067
-1088893042
2117905920
784571013
-1547133337
525245066
-456984229
-1450370003
291973478
1786628604
1413882127
-1263772331
425140285
1186415879
1395281885
1443831548
1572543348
1401722767
1939004570
-942794691
-1905290656
-2004649785
-1108635851
1079046408
696930761
1193453320
1834136055
1504359444
822622411
-1479529244
1656517389
1056369684
664756225
1000760187
170678851
1850662952
1298796255
1776698892
1072289554
-344874090
-1048501409
990046926
1314990812
1504767161
367185887
1722496256
548549493
-161487047
1634521929
-1024191425
-972891675
-1491044996
-1367371916
1108796695
-423417493
-1002531493
777101769
-681785637
-1553116475
1846598680
525460009
1275656888
-869523538
-1068483184
1114631182
-6184952
-1904829784
919114412
-570321425
353853923
-1319637253
-421096675
394132201
-851318276
-1626946308
-1732299193
900528795
3157161
-1428185454
1131917181
-1653320879
1462297155
-502663178
1806989679
-229000605
975749552
-347590471
-2111232800
862164703
1248940093
-202473205
-1144398181
1534607973
-913024336
-721584327
1069211815
-2081033134
-829068387
-1340016265
-1339473223
-1220822239
-1703161096
2031888351
1979440618
427698189
-2142956821
-1321698631
990001065
1187549433
-2100247063
131893501
1043507186
1471548564
861688323
1640293141
-1192743233
-377779016
1035337082
-1078931994
639872191
1804516115
28588180
-1443812847
-1663339707
1540062216
1157050547
-1201140875
2141151106
-1414251561
1774715042
-630471432
-444140297
1418160634
1095373362
2145938567
1707223844
-693713198
-446135035
1363614554
1602019973
-1720490109
-2093830487
-565023108
-1370475330
-1786014693
1844971496
2042891146
-1485040620
-2105154567
-1750787235
1067396538
-1596527073
-1390986132
-655865526
876117791
1997030845
1229428122
-1799457623
822854186
410941514
1345563042
-730534528
1736707955
81732109
-266866171
741289081
417573817
-1464543756
440637249
-1848364111
2042935847
705961092
-2091370818
-365909808
-813936936
2015161866
1361421038
-682099623
-1304582755
-1948443626
-188808785
1226846786
141787389
-932487639
827911411
1245257671
312604029
1096414637
-682198622
1796813434
-1954339552
-1927602908
820332734
1023874206
171290416
1273018020
-790165816
1546175157
343660607
103017858
1474887009
888530520
-2122928536
-1080508595
-1412392139
-1191933370
1379446234
253534206
133043732
-1518044226
557820310
-1452364435
-1835758751
1995369744
-459408265
-1233967611
-848739665
389361009
1687635571
-1767172421
613545640
1416792591
1777678879
-1146850245
553928753
189967461
-123912584
565580644
-1044987957
677317071
-1539839777
-962710282
1352007996
1945843808
709333861
248617098
-1591274131
-502186765
2132513609
-2051781950
568979093
-2064898432
-1511926850
1389667008
85822103
-1949267280
1206966512
1658069723
599349161
-154683470
-1736413367
-718196592
612745013
185315151
-1196979473
736090038
192412419
-1815134405
1473911697
-573633291
823367831
-1426142546
-1886791581
-581229704
-254390569
172726579
288966758
-427464223
920193521
-1214464320
1300269804
-1177279875
-1306832517
-1910640379
-1535663013
-146978120
1889299675
-1881809400
1559384880
-72227373
1320675816
-936192015
-1137331897
-888750381
309422545
-1617565150
1401955673
-1168976452
-1883908035
-271471733
1757440196
-1146426369
2052485299
-1559010757
966829458
245687344
-404474308
-1358803911
-11079501
-662378245
752402759
1850352020
-1046698867
513904472
266569676
-1602018376
-1010671690
-1666488323
33620914
884690434
590261248
2052568084
-2072814731
-888570985
-294547019
1874145582
1829400835
-154364303
-588801245
544026742
-1214022937
2059805626
-175436710
2074242345
-676951127
1264632157
-130395341
-1824369083
2009770867
1063807192
-1683557483
1773453184
-1613797385
897813335
-1953467405
-1558106757
-916128112
-1575396610
723717656
1195389239
1701479591
390256006
512370726
-182286648
859550296
1546216459
1900206555
717155143
-79809708
470754339
1153106454
-642589172
1182310920
1953115698
-2138197863
816955676
2096861438
-1505923844
997582864
-1193210656
-24689021
-1368466821
-31654830
253201176
-1033957750
1686386162
-1753607962
903925006
1860519632
606897985
-1043563576
-846900978
-1515615936
-1248984197
395513963
778767125
390371480
-1212864843
-578906366
657016007
1509159755
-386197728
-2122451973
-437909338
547434665
1208395098
-1276722229
-1153266559
1545571388
-1100186112
111505136
-8433879
-1205058699
958947463
-1551107533
2010635626
1600432520
1014132555
243734318
1705079353
-1221651053
-317657880
-285918963
-1716066775
-188608763
-1703413047
1825812888
-529554908
-918070211
1074670845
-147711376
872843606
-1831938191
-2113534127
-107180392
-399438228
1285500369
-123095142
-1842251721
1895163901
296807659
1559732562
975173275
869668936
973242961
1615040101
1117266049
-1538114528
-1522921096
-1082549939
1225172627
-1627302621
2096382946
-421714852
1527355953
-670203086
-580028545
1039102552
1965317235
1178493212
1176825680
-909200308
-1558906514
-1308624740
1005578830
672637085
504198070
592478597
216843401
845211483
-398998492
1903059003
2065991315
-1274472487
773034457
113448805
648775454
646237054
27846274
1243554016
-1174928669
484714973
830169821
-2027560458
355454661
-215737853
836614011
-1844957489
1570539574
441496849
1929209286
1637814567
-276305959
1824771593
2096827717
232769089
-1598547351
-551312660
-1243363042
-759355366
-1830927400
-2139944189
2141479388
672789986
1976012987
2126886525
509040498
-1582125145
-1690076700
339759930
-1915025536
85784915
-1732764080
842377957
-1733463084
-211437352
2122831683
598675016
1709141298
917922729
1777953457
1992270298
-1731647912
2113744747
-2054783008
1508335517
-1891208389
1209735660
1938438730
1774445094
1524709527
1624636499
-897311033
681200893
-1833644122
2063343001
1187096299
371648038
-415407570
-1207306184
-712825172
2144613631
-1829600575
-713414879
-1210652600
-1589331380
-88308416
-34427406
-374365595
-667445872
1950899104
268570728
1516874873
1719774110
-1640629520
1884417297
-1723558549
911876718
-1420194662
157028166
-2004025222
433210932
-1492652056
-99996584
-1081283490
725494702
15421386
645382153
739690668
-86727747
-1822109482
-1785676738
-1830683266
-1692249033
340564879
1790902257
-130692782
-78312965
892454633
-1216099988
449419570
1092720709
709879564
620337075
-1081065707
2102909250
1720206424
336473921
-124409211
2069734374
-485949783
-1005865481
426575745
-167589123
-1825791781
-50128303
455567268
-391284352
-993990512
-971425318
-1767286394
1409253418
982238768
-1445233951
-1464331679
-972396471
651286833
-1143485075
1568476663
-2127470631
-1374557033
-167819411
600393907
-952806706
-346212418
152686644
558856206
-1193753168
938239831
-2063298781
-1835080396
1531856237
-1559383376
1658589607
304008678
-1266843542
-2037874377
-942777242
988049314
-346530598
710370368
174087092
-1925439232
-482697133
-1319016187
280323915
1432362334
-1511785314
-1947728146
1813957947
257812159
-129657394
1810837011
-1071343585
-137010704
-665234029
-130467330
412615825
642453740
516595663
63491253
-1772922401
1433997185
-1415758743
-294201866
72489470
-425675214
175671906
-1756673340
1644674238
1620641631
1460293669
1194021154
-1685427649
-1200338269
-313148126
-1973951458
-1752536925
-900105604
-2114424675
-1385942000
2103849220
601122865
347642306
-1627699421
-701079640
1470740976
-1723038467
926981652
-1582566541
-1536547018
-1870845304
1074782522
105812124
-2066573453
1405784644
991680965
1129298595
1908213485
-791535411
2083339082
-2080163454
2067813860
2099519944
851837310
693902882
-1747229194
-1741216898
-411670975
-1076815344
1869228484
1694300078
2054992862
-821944720
-1301706026
-125407842
454653841
-677087695
-1762047557
-60810893
-40511415
2061094786
442055796
1394851010
-778955346
-278271869
160534290
-1050729370
1863218020
-1935813825
1556867742
2108329875
-1358883695
2063008986
148743736
366343211
-2140173412
669754374
1608607362
1035318352
-1658117576
1047841467
1589694270
-2087937735
-1514463840
-372068569
-1334498507
1201284937
1123058467
-2051676190
-1160761766
-1120821411
1498620131
-2042871963
302790191
-852541083
-2024808743
-165492036
980790376
-521755595
2131532827
24524666
-1871351859
1929262749
1078336609
1780843758
-1856084124
-1638318666
2044774853
-1184195437
14590926
863167614
639454921
2017426892
-1709788431
1738682535
-1007792994
-1722945328
375392727
1357377707
-469978717
-1556941598
1895147733
-1050347740
1555854379
-1580311098
-331325969
-123193511
-1496599165
-1276488593
-1648735877
468293403
770871602
1728950012
779323651
-1572894254
-608559998
1762087909
981216367
1546307794
-1695196609
1156586609
-686433949
-2018198286
-402708802
2068048491
2027012326
1628597599
-870555616
-779492076
-840578237
-863565907
-2086547752
-250670757
1615732275
1583240494
-361655703
-2068465333
-1795268293
176730503
157030004
-552642876
599286867
-605596032
1831654385
-1558317715
-1806431032
82907418
2112578236
-25870359
-190927774
-2059095066
-832725165
977448008
-2085214519
859822740
1231022302
-179864641
-819558108
-1157246262
2020916079
1648787867
-380176382
-1362379210
-1656935799
-938285709
1379735421
66863590
-2103443482
160191645
-1591979620
-820619562
1249739380
-1347922206
1518903033
307236810
-567662175
1164950133
-415582813
1782540382
1523237080
2027047712
-1061305787
223899994
-347029686
-2103293761
1859981191
1076981323
410900465
-1490267918
1312440243
913487950
138544593
-151539699
-1545929572
-1872659922
1362598016
-813281965
-1257815621
-867067471
-1858796312
1705682532
1421845658
993813038
-2027651508
25005555
447037300
1165935715
-187851896
-1637572165
-1465703907
429604741
1966967964
-1556763725
-1891406561
-1744255081
-197221270
512909952
1922595622
1708735743
-1021822274
-715440854
-1656439651
1234651477
-488887665
-472953326
-1431164520
728020350
85422212
1356486947
-147558924
1885310201
-1123045959
-848193209
316617660
-1293573512
772772546
-1292703459
747384782
-1565308494
987789039
-494845208
-735914819
-900507017
1739562961
1469369290
938332153
270782724
-1769865987
1889787441
787002669
-1718378600
-549364721
892192656
-1414366232
-1535933113
-1684383503
1070017874
796373886
1836908045
1955761757
-1470935797
1005687088
567255077
-1204630880
93621232
-1245365110
-2074707301
1629047967
-1057879671
1734409740
-1794356960
881085727
-621336156
103494668
1882099997
-576366528
1844267404
179384794
1675426825
1796356938
-1254157189
-2034078427
346260223
-2060416341
-682087604
-1136222820
2051227530
-691731392
-877980812
1130607320
-1627982397
-1281338925
1387438386
-395131784
-911365218
284618724
1633898757
1351704717
411492735
1737112748
-1613478818
-930161608
1635860499
1705309022
-1557211753
734759570
1560661853
1045272495
-2005993693
2040135115
-435746033
2016777624
661508613
-971983211
1326213147
-99346086
-1890363515
-1455626814
267919240
-1886919742
639810081
-74636245
517886601
-1584685394
400622018
-1974123308
740416458
-2076412465
-1374408913
-642079411
1484546573
-1318389841
1363976902
74096730
1205633013
-127237386
-212747672
997394134
928912674
135513064
1017502389
1538179795
-733080451
1949500977
1386567545
-256440058
1869374420
736321252
1472655205
-513033118
263430312
1055126209
-860107007
-567547902
873979462
1292164278
-761770271
-1761512629
1898623252
1352497320
-1962024682
1049719889
-945546452
-338291086
-1219370521
265602169
-1464521170
-2069145299
2010398657
1991424864
1174566481
1563543218
430190187
1221735419
-2106490181
1225018204
294672765
-1164754945
-1344921837
2117121554
871582226
-1637470845
557912659
1671524483
1777595324
416989922
1937471202
-919341133
1426955448
-2079533850
-1839792159
178247863
-1355704990
1606523682
-752042044
-1505086020
-1542950166
584803998
-1335278555
2019432269
-1241530040
-1258316103
-1868686636
1094847956
187457645
-1901778869
-1434577870
1493690209
-1176960838
-1468032247
933942974
1744534954
236679861
-744625875
1200592880
-348004270
-264061446
-2532010
988679749
-204841107
-358927505
-1197731156
763359387
1910979140
-1692078405
1993624391
-698313026
150730325
648837879
-1269020463
118984514
-1593072996
-42168666
930384745
1431715474
131173144
-1713696030
1047042762
1644682057
78848136
-185407016
-631980628
-361473088
1652693109
317663350
1451574122
-2094257945
-68023947
35895138
1447969764
-1048860072
-1407907923
-160788691
-674956890
1015218089
-949549673
949748680
1689393737
1409252097
472382724
-1787047114
-291057383
93958381
1447109732
-421794941
-2053881865
1399075188
1945220165
-2007950348
-740316543
878984808
-247201511
-974838401
-34885777
-1413541122
-1458311877
167042685
-1078905793
968593569
-1619265740
656432541
-544676076
1014064386
-82941895
790519836
-470779173
838598003
613705464
-425500878
1764032943
-459744395
543486611
-727709489
488507774
-276947313
-989722132
-551415930
-754229524
1789876064
147489571
1297974729
-181298569
-505153545
-1871489188
1007958103
-350233637
-1745619614
1239639749
720616433
-2063902793
-495686012
-818349865
1306141267
-1186751632
-1720226772
-1401914149
-142833054
-1153651884
-83947934
1402490543
1927937953
-1017487614
1508227842
2012578761
1511546089
-1831165942
-1308483185
-600177540
1078994521
1852993232
275195968
187463034
-349729142
-875834955
1141708383
1764144537
1393302279
1758532215
-1305309229
131593177
-262300676
-861671976
2006529531
1627627941
454322988
-18507395
1303052732
-658061991
1410868776
1826538521
1708305117
-1467911932
-2146740291
-1151011894
-1759334255
-1592106642
1856226478
-1974671678
-1475618987
1513032028
1995329442
-1190143446
412954620
-1272804078
-1554470817
1984158530
-690684921
-1591578088
2135571000
-1696233780
-2027224262
-1923086527
1723403716
2037635754
754069099
1428801768
-2051108400
902102470
-1179092068
-528464515
-33849450
-410705359
1839832908
1534477887
-656847314
-1799428722
-1637226743
-1050394550
732621124
2111755185
-484167350
2062766548
-1265262838
664399746
1423904379
344215475
138836336
322528807
1725587288
1203480354
1745319570
-1723084703
1157104765
1883445187
2030785650
-270621130
-347638978
90081767
1073603558
40421584
-1560984652
1476494605
307369683
-2135341403
-346223592
-471397719
816201115
-372523561
1393368403
1107679525
-1238751277
2039873756
2037445845
-942187732
-1350951879
-872881823
-2016381019
696764197
-350430235
-449297045
1688160952
-511036675
1308763325
-1342379329
-939991929
-2039242711
-1170053330
337935492
282784731
-1263778837
1832362776
-1496654042
1098504170
1689685971
-552427511
-717105540
723936679
-725631352
-795937619
-262510036
1894753878
-47847224
916164997
-441078706
1487846238
-2015631700
-285949225
-402078129
767898466
-1571585744
-1492656667
261779479
1556290705
-1256540174
-1622667935
-939641490
480995389
199302970
731836703
24391067
-152931414
6724154
622527756
-912651954
1664862760
186971542
1286144862
-2105238849
-413567900
-1181080027
-1312508404
656882710
954231034
2083598329
232844161
1247852557
506131021
1361312156
621642379
156997843
-1705304677
-695169124
1230881177
1818886451
356288331
1486920778
939552037
2036560885
-158984055
424286142
-2145496722
-99799676
-1140749804
-1306758115
1135293291
108786640
606584918
-302134755
1688231163
954761333
673076404
1961871817
-2066270112
-329389796
1374937127
-953388159
-953307410
-1942246879
1941822219
996597061
352665343
771438454
-351001033
1845266482
382270761
-79480890
-812412595
11012683
-801770317
1179700701
-1680739758
-334622596
1558485828
274830406
-742153600
1921645788
105466844
-951111883
-1153731494
-30431950
1967979784
-1489528665
-2010417407
-1622411846
637445713
2098956999
1608391366
1158052905
1190201589
571387027
1908706047
862068461
-2032152615
1915446463
1324372254
956007608
-311280963
1765177049
807113983
264761407
379635889
2130497197
-964391296
2130678846
380016071
154672618
-619316138
-578116672
-172072951
-429051899
-593513442
-1678204260
1383491501
-1090447267
1585422258
1736292930
-26894713
-571433313
-833832002
753538743
-1228940610
-1016623765
-2045056110
-280260643
-940703550
-953432265
587707960
-1171643656
69884029
833242483
1244479689
1733558381
-126844472
1320314350
-98952708
-197774901
1813232672
-154260873
834775807
1997216783
-1656392296
-1712566585
818045321
-1460116957
855725329
-772056930
1293674288
1942612904
-764202071
744687147
1363212791
143660020
-1371621007
272350896
1612036651
71517534
945262946
855239014
1680114030
-521173832
-2037094256
-667070819
1365284627
-116477668
-1776931681
1909647143
-831564371
1340111851
-1119863434
217693686
-656042526
16473363
-1902803405
669108228
1617982084
188876687
-1415990946
140891762
-1262634527
1142759987
2098523232
-646969612
-1704353702
-946779991
420212277
-1316333973
1635551282
-1664771914
1705325920
420690387
-178457944
1963937730
-1907379937
-1146592929
1875308102
433798294
1695435232
349702625
-1348757893
68553062
1074724083
776700015
376469607
-1304387054
854294400
-475808701
904917238
560872104
1180474554
-1335151901
-1919363024
-1791116755
403227476
1292782209
-1015214642
-474444387
1504278067
1929252515
344177423
1344087855
843748454
204933894
1001217484
-1287934500
-115233710
27291839
1092939978
359637282
-22360527
1549134244
-1832204977
-844532475
-1315204675
-1305428503
1570431479
-827889066
-384548057
-200593395
1394211527
-1481824457
931294030
-427609354
621893250
1157485533
287778605
1924128347
-309119685
374652823
694616724
-712030879
650546219
-1697328625
-1976546790
-1456958584
-1903023420
-1700311856
-1675622319
465081288
1932303621
-2096717560
467477051
368903671
538402576
1643797902
77874941
-468359571
-60738055
534083877
-260659502
1656097769
-59457056
-1915192062
-1358387902
383041462
1081449793
929911691
-1397949806
-1362873335
-1786798711
512409441
-1253312386
-1692009299
1765869805
2016001696
608036389
-93262367
-39725705
1805082213
1406838596
1698956672
179783009
-619593072
1040196262
312230498
-781945690
1841784266
-1930159141
-1148842494
234728405
-818162231
-1591905241
-196535200
2035125287
1048932306
1197213373
-677910999
616065236
-1123294849
1954911277
-1120263916
489382305
413626818
2013360409
-885269874
1430917821
-1669507543
-790369233
-450815848
-349770291
-688547741
1904582482
1513628912
-838889403
-840216574
-2069749734
-1457330578
-2043172103
1694512257
667730815
1297214641
845303539
554224521
1891723472
1236406778
-1999457402
-686377105
285376489
-1669867689
53135779
-100996607
345292452
-117317885
166670443
-428753022
1354512783
-1333909236
-1769119996
-792246798
-710552609
513013302
-71690321
1591882898
86194853
-418482913
1406892058
-611821658
810475327
-492659293
210975474
-1550355332
-514808560
1974263425
-1967980868
-1877349971
1154692723
-899055298
1814930917
-791769182
-1153092372
-1024137143
1261839383
-835740327
604027040
-1936782497
2012040397
679253353
1462162182
1332729392
436565801
-284721341
-710670113
724585795
-623113468
1749414074
-2068973725
1369873686
938888007
-1406489660
1381603516
-816744568
516944248
1599394945
-1762862153
995189627
2059366039
-890371203
-1853521224
-676011339
94168363
-1696548815
1507491311
2009502215
1628844183
-1096486961
1534866633
190490544
1114344881
1215882303
-330599768
-703892478
569751700
-4704412
-953816363
-433403834
1418695605
2103709347
1346537397
992503772
-200627148
-1441602908
698808634
-2071205978
1450651508
-358152358
381892252
1805819815
-1350752787
295120961
-975771831
-924282138
-1936849088
-1518045978
1200613146
-180522600
965933963
1603115436
-1198499386
-194700931
1630363134
344432844
-2005007973
-2073741175
-555461458
-130029667
1982057834
306705863
1140036008
1097618453
-1823878718
988136570
-568553143
1546802831
-1401478815
1138148741
-1810044467
-931806259
1007958247
-271688948
-360611803
1957481281
-2070154803
816435802
1454880268
1577487752
-1510723436
-1700444156
1522197851
-1081731274
233226817
-1648874929
-87180132
1804321752
-968483576
-1907556914
227823838
-1704768202
332462150
1939753039
-690161465
-1794307368
44232628
-1841510920
-877443857
31270347
-1087396391
1256279212
1547282795
284411044
-2002183744
1525612978
310095015
1966961605
713630699
-349125224
909356920
-1680126498
-100577657
1554446933
-1046699408
1405528246
-2137817888
149489581
-1407632268
2054965803
709432854
1978679769
436176524
-189306505
1394976529
-229108122
-1502555910
1812267188
-137547855
2038014813
-636263027
-277073247
-1742368950
-863560541
-1459320010
-1485780826
-1153579953
825074594
145665755
-2050945771
557642572
1972008233
-325532309
-21985870
1707501849
246059408
755055410
-447393163
1918831692
546980640
-2073557907
179713165
674492911
1601971889
1196466977
68387240
-1838610062
1182112403
616445479
-743078031
1762792419
-2051491919
-612833909
742335322
-798533029
-1831716621
-1320337385
-1054109029
-487925829
1742992612
-1016373718
-334840199
2135542168
232443285
857005517
-1115715381
-15606669
87636672
1294339079
-13116231
1494247213
-553790929
922210160
1632536519
-458921543
-574655906
1557997571
-167567599
-1849998573
-1399917729
-547858376
-1431014184
1051677296
-1480031747
-380564654
-791780804
-1584990282
-906163932
609619189
1025763659
1871685421
-1631695488
764044795
-2076511431
1967129719
480157539
-679021945
1721708273
-1021626179
-1856026901
1484178777
1571148748
45545515
-581497245
21359715
795102367
873982621
-1211330839
1478453917
-1942483205
916417434
597042001
384858901
-1990319441
-2063542912
1141613897
-1686867639
-1493361263
-798766079
1953781949
1521339064
1290573693
-1086572083
-1847744132
1256605110
-458138978
129496464
1726848795
1855525248
282448876
-1490206177
-720491751
-2058916977
-566589452
-957047315
-864242364
-966181328
326275039
1456182723
664504922
-1548708780
553411244
-595226960
-1281814286
737146532
1533505215
-72697027
-480581476
1684080088
-1971632224
-990597147
131684167
-66460087
-293770245
-1466217789
1157212387
567627972
1660872686
-1772363123
-1984142009
450518176
2104186756
1179644096
1887338579
-393324782
1898384763
625453852
1448798297
-546554945
732062285
-240107437
296490680
1396875922
-861638803
-1303073796
1032029898
1611806415
711965393
-2117904947
-51955969
-1837888664
176658096
1326575625
-1291610039
-1709154161
-1224394356
-2107881161
1736609723
-375148916
2044187251
-1343093484
1042181740
-388429361
-1422189183
-1410174774
-2003696735
966669384
-1956365144
1347741280
-394973910
547811318
958191795
-1001426060
-1247311348
-459643202
738250375
-1527466200
1407267680
1828633469
-1718424404
-553833638
1494982522
1982077024
-861829877
-1740681961
-855436468
-1065234830
1857804025
664623184
1908622860
-32679306
268801395
-1285125426
-427287787
1077699318
1522929067
-1147854237
-1506437622
-85982309
-1713065533
640780897
-412586687
-1810302529
-732099625
-1682543536
1476583005
92898880
1204837697
1457035226
-1667258052
1877153943
-1845793257
1775302154
-1921034988
758847272
809193720
-1032455243
-316529704
-109881125
-38527224
2035633976
-83666977
397943786
542699576
-1110076061
-451891257
-371276292
54825930
-1250715212
-289194857
-2020796045
-171520748
363677127
-882051549
1757645826
847386755
39853069
1688252852
-555189631
489831650
-1534580292
1003511527
-1441991164
-1602999076
178758662
295153365
-1827650007
-1284768577
-1276205940
736594292
1204337841
699265154
-591546091
-928451268
1236119121
1117513225
1704278650
984896781
719824074
-1195860058
1479450340
895754319
-2039931337
-645483805
1889286970
-1512539813
-1761383003
-73326722
757016532
-1972156903
1687195880
1192743604
908737652
-949309719
-1769730132
-2080728382
470046581
1825187782
-708692022
-1734259032
-1880398780
219703208
-1782691108
-1528287697
918344975
375058986
1138061587
-1786528211
-1036024899
-275376275
1961198919
-2097175289
527838749
1702006331
1098649167
-684700808
-1423900319
-1885336465
-1175783022
-1307097713
-1526208307
1344176531
710273758
1219938302
-1643211862
1141757897
-727435913
1834003856
-1481742719
-46244113
812700275
1297207547
1552010117
-1833286146
-1731008444
-302858536
-464546224
-1759328590
1517205398
-1985805330
1102868178
-1002313873
719847771
-1511744586
531855237
-975440029
1657551395
1334919963
133604069
-2133186329
-1650712912
719041408
777677855
-1583747542
1040285129
-117765625
-2076711160
-1430062064
1740065614
1871634192
-2133107888
-675276969
1249333388
296669696
1432674039
-116060165
-1432220206
-2139058877
804496383
-1349611812
-762666684
224102035
-900993694
-1410426467
-73808146
1513226105
-21831866
-1786580786
-1776794084
1785399828
834313838
289451084
44195816
-1764649448
1819046644
-690832921
-2041900269
-1896297959
1592123957
2009014854
-879802088
-1581896439
-1151798261
1084307463
-1146732418
1633051647
1806636865
-1682631382
381536365
-684095431
-1005495997
1758661295
-209313404
-1714398876
-1450187499
-1883249028
1348114409
2009321498
-1991377530
-2136919164
-1886311775
262460587
1094117028
-1582114778
374133792
-1659232737
-1030524302
-1286752558
651380771
-815891077
941565144
-1037749006
1579170494
1900157251
-4775206
1033620486
897418416
-1660592832
1923899660
-2090006255
1569241342
-1098079613
-1704606395
-1662149069
1568931774
-1596468311
-795463790
-620205417
1364806195
-1868983969
1712692846
1864998030
-141282278
1635621672
-1330912721
1857507836
537404995
107380829
-233925694
-557229326
1763544674
-622404235
3883674
1556611740
-1642446810
-1514493562
1014107621
-1061944739
-781823093
1967740940
2040798464
492307256
-334490516
2021774056
-395531475
-607760015
619108187
-605187926
-589129085
1351329395
-22165580
-51885294
1694220837
740961524
-1151008017
935205331
-1139119178
201204566
-474442442
2034890139
-185551860
1457504336
-1433785545
499836751
-311639261
2146188749
-1098674886
-1790548069
874254163
-333828588
65877877
-1775062359
-761061435
-1696891096
-924474465
831263791
-1999994333
-1991126927
852170690
-64720977
1853417358
-1463812453
-562885035
1479313658
-335700779
1714293181
1122470793
468373749
-1366437406
-924665410
957608931
-947144033
-1777703817
1504224500
-816826358
-533472174
1749754394
2081062157
257059298
171729224
1753724238
-284375502
-1258549544
335974240
1178972675
2057919593
-1241922689
1180394786
1639347534
-1263310022
1786840156
991466496
1256639580
2031139733
-1075761155
-281257250
13473444
-2002813966
190453328
1182139604
-1671047332
2112743097
1476110641
1283002418
1171515949
1230727909
-1166564796
-139640380
89968425
-175031581
-1157156348
1505110102
-487472644
-71670337
-49017828
418436218
-192835487
-1161699710
1198875893
-626079608
1214538712
677320149
335983759
1289839845
-850529643
-467662359
325538452
-1621535608
1870482363
-299241318
655310762
485604794
178303689
1129832402
1507241992
-600360164
-1403568556
150018091
1255353164
429318382
195112438
698799576
1497781642
723636877
1496001414
-702297147
126334376
1404447805
1651501961
863350011
1871973608
1093027113
-512827161
859531337
193074117
855870887
594409441
-1828128224
1472573443
-1505587777
-1910010814
-333711170
573044737
-1321089043
52760276
-1869988209
1877710673
-1005222874
2014973461
1371952847
1559914634
1318504216
135960106
-1142189965
-697149348
1892940214
801315860
2080234313
-1716197916
-1486486285
890726433
-1687694498
-8530880
-1273698868
-29281372
-1430020449
901439846
1885535628
-676434456
2007072962
472356401
-481910197
496655457
919161190
-867335236
-1043483721
369887780
1151467640
1320845811
1541355542
-368592232
-2109901607
1380172646
118179211
-296201363
-1925476035
809882208
295287703
-651103795
1704172374
-1086403784
-1676898078
422977234
-1265647312
-1658755098
-548226757
-142518473
-1507223330
-1181437736
506783709
673765969
-675514794
389900038
156611060
-956238785
518831001
1735097156
-1162685089
-940886176
401704726
1314334422
-1473402954
-1638180603
1700815952
-1665238711
1350365581
1174447463
460382910
-2022871168
-1018512902
301874907
-542624015
457697292
275039828
1477155907
574310908
-1374811967
-1156656579
-2072380729
1920457487
2122901893
1643234275
-1431128379
560699237
-749299605
1108566146
-1232224251
671763552
-1150694657
938886444
-316760783
-159213583
-1077751581
-1917179956
311014019
1937947453
-802382950
-1408195480
-447037504
-366644355
102887331
-1772414299
2045823332
-27722459
1588335305
-1400217712
-1725767394
1745921352
-1219654727
933316507
-1887141506
1068731706
1881196245
-1001960220
-1108905748
138511478
1870378055
-1041705539
-752590884
2010193090
-1897483433
-2001281176
1913828927
-1013425008
-146383103
363860258
1747665980
199472039
-1208152126
100236130
-1193752033
1953830402
465708722
-1301444766
171215761
-1459658504
1664775639
-1783899426
1360814601
-1844416868
-1304536649
979186715
-2022505854
117341030
107960366
-385187286
1194486382
1804845586
-175613822
-854147731
319006698
-1635946040
82888884
-1285602214
277770546
103899772
-1949547496
1123991678
-454672554
659565463
-230322393
1307236293
396484653
666861782
-1922237292
-1008390664
-393890934
1058208114
1810861980
-490964346
1568147373
93824385
-697471070
1801631366
-1376106244
699995548
-1819574022
673818364
1037629683
-2051229504
-985319676
-1379448998
1836032087
943371385
1606480765
2060965962
1912418481
-24536260
1262126865
-122972502
-1353152262
63218964
-1883461837
814374616
622596498
-412463487
-610570959
-1703428050
391816055
1443594652
170865282
1378239696
1298083506
-77484673
1483759202
1416688036
-484715500
1235513315
-703989600
-2019671391
-2096863710
-463620855
-1803414090
455092045
-379878067
-410684962
-1468764134
-457653376
1052298086
-1533256615
1674363603
1898182765
1224850000
1225737768
951302478
1910634978
-1082760714
-1717371510
2092599409
2025812942
-2096238209
272816254
670991600
-1065614332
-680613952
579489309
-1648407840
1354239038
1838143218
-637255100
1349995145
-1772150685
-2033455196
-1449072779
-2077241729
-1856727796
1226032882
680352510
-1144598797
-1065618876
-1705800713
262561627
1114515014
-963686769
1160585343
644995288
1460730590
1758582317
2066925825
1025568890
1824879165
-1798503777
-334993461
-1932066529
-1220673201
-534034838
-58673281
-326126876
1703865858
-844418790
1076836541
-373233466
-439232996
-1471000695
977192737
-1770298229
-897953976
448220257
-756545168
2107065570
1003222129
-1347480354
-1931333363
-962084407
-1508674478
203490776
-1126449999
-381433042
-985041587
461530368
732967514
132607449
-1847631236
1236904553
770376836
-259251576
-2048690682
-1305584054
1467422358
39086939
1722455219
1557303041
1012765855
-1500945550
990105281
-213965989
-831647167
1575953620
1910675959
164400402
-1227545363
1952393362
-425060101
790994838
-649728688
2045117739
1746207712
2020249360
-5356532
-1936445646
-2107963901
2094422947
2025094571
252157998
1978508566
2050567412
1673066960
-2018605120
-1221327491
1069441516
436531630
1646357259
-498196520
379410620
-244106818
418731599
1566391264
213922593
-1065948500
-1051917097
-1386691466
610015977
-1859181167
75113237
-766260999
556452533
-1065982105
-1519513846
2039005143
548232959
30351289
-1043612949
-356098458
1255977822
16154266
-144534015
-718169612
-1540632568
1761717719
-2131451952
1644045852
352660376
913893743
-1498936965
-1409285029
-835468014
1495739203
-1717106330
772667618
1228233251
-1299423735
-176765667
1096153261
-1081918036
-1974776954
-960989836
222422227
1488163457
835435004
-1667880722
-1784928480
-986911123
115109088
-229717918
-158792736
239249785
-1985479472
795558363
-2115848963
623926637
940227267
-1050608192
-741105076
-53519977
914821761
-150732236
644565795
-1773596982
284762198
2137876671
312456494
2075506601
-1845400062
-786363859
-2114554750
1288093989
-1825961229
-2054716234
606970098
-1517242557
-397904971
2122317918
686705825
780188194
164756649
-1172351586
-65581096
-1161445572
-1157647372
837319236
482901530
808854252
-1527124294
1361336471
-113010572
2101235247
1058207116
532509886
-1254518504
384660654
-1868856290
-2040134559
1785721900
-1761497349
-1974267843
1142250640
1712556511
-668666597
1059130367
-1504454172
214599102
-509559484
-186411205
-1818581277
-303442108
-1679408409
1643336763
1535050920
2018930615
1889909231
-373075024
1370945987
584356145
-200347061
-167818267
-511734947
1796504316
-1787154518
-1057386697
1422582944
602736419
878721413
-581077564
1881083989
1227492677
-1351293086
1160916579
-1753995058
794664620
-148394667
-1165677869
-336911867
-176132195
2130832586
902994742
-1809542651
-1105264143
-1030550142
615886015
-1416553592
1536582884
-552164645
1842446250
-1903468831
-809722324
1929453907
-662763412
-341469924
-1602351027
1013180494
1457213484
479410531
-2118487509
-2032032745
982829169
1555653794
-163501088
-570930140
-141711845
-151601298
662056143
-1460256355
1582593943
299773474
2049281785
390353439
986933838
1470995275
412982159
-569990468
-995495075
-134446011
1535902919
-944584890
95145867
-223073243
1435789554
-1957066291
859541111
-392324903
-966561074
541533797
1340480785
-470827378
-228381928
595918636
1460142923
1560968529
-1318432923
-2081158006
-1147385585
-1020177160
-234241486
-1486385734
1625306739
-1058868413
-1111988167
2073804169
376857386
1838743613
-582023418
1365020510
1835452733
1703791848
-901056312
585939065
-956248325
-103036904
-379074196
-1325561473
1434418222
572841375
-1148383001
663510069
1738493583
-1154604118
-200335661
906140044
2002280826
-1111590294
1008094013
1883347933
-1209606939
752157174
-202768196
-1458310796
594993038
1547078255
-384183354
-971914414
-1670883213
513761892
-1118815426
1503552558
-1670216825
1205413752
1916780112
1702972349
473300386
-2134213310
617917313
-671284685
55026616
-1668231564
-1310544639
845856776
716026189
-1139639234
-1708732861
-343292417
493605416
-1954930700
-1477720369
1696444771
-1823335610
-1728986387
1327996502
342315155
-1660018927
671035566
-1899561466
-340280383
-1933799214
1464911688
-531905760
1360377334
1999448931
-237213186
-148265274
1726585432
1324470056
-1104643542
1017450265
270817711
-563279042
-1716454816
-190489213
-1650832347
-2002549259
-1730592813
1026379344
781376333
-1395197828
-805513737
-364823165
2132428902
-1238847014
1312323688
-198417177
-1548545313
1642911013
1219381001
1939040099
1339605790
741787373
-74016656
1054064018
60693884
1572503032
2141261441
1007998867
1758265748
530950964
-1002450600
-1939273699
1368291773
-1395725079
884020332
1403620565
101039828
315130157
-734443024
530204643
-1280232386
-1941492835
138586236
-1265172798
-49242068
-668646839
-348330260
1205154391
2051023905
-933947920
459428488
1013113925
-668223056
-912971412
590717797
834395519
-1812514934
988540015
417215242
1314146846
-1082973512
-367530641
197032277
-149897613
-97071068
-75712802
-1761938529
-1282344608
-847472035
1742982046
577100318
-2018248733
-681234534
1139570356
1403406219
303115763
-384615425
1534878267
632796932
-561252209
710997023
-1439815270
1732836403
-2132566765
33899457
-1344644359
-1085269586
-1233950260
1914086631
288005104
748329376
1434176463
-1690967285
-689052287
-2022159191
-1668911610
2089504427
-1629484216
1176015619
1124382091
-530242296
1292239344
1930466277
-831967432
-856805335
417569001
-603781333
1240580734
576709414
-186213545
1388868918
-866009739
746813090
1135512653
-402583280
-1018687947
2022295960
93811258
686264532
-396411549
-495318437
1147233699
634300492
140115470
1928555479
-1707747566
-1054275109
1682466491
-1090622692
-1880702898
177607069
-722524226
1013868829
-212650805
611024588
-483700021
-1642292044
-1516239517
-153690267
-2028828724
1213309160
548039494
943165963
170433268
1195582322
-1358565841
-1325628886
-855570413
-1411418243
422967768
408879710
791922475
-1770450770
551999152
419850518
653416004
-1887425949
1055979978
2134266740
-587002756
-1399251138
-1507008489
-270290313
-541717919
-1203620636
-355669801
-550828452
-993502334
2082725889
-279583924
2137287744
-1000399549
106087567
-458865743
-1497865718
1871560433
1752888920
2097623913
-371039097
-260591850
-379568711
-1706954629
-2047030315
-1571878387
-711498585
526856254
-352089595
2037849560
941150199
2141026640
1936830460
-248850640
1988946137
-1356420916
-583541607
-1586205731
-1942545755
1109137083
-1685587428
1866782280
-512988966
2019823050
-371921467
2119104077
1087299938
1599769149
1563106747
-1036817578
1868001050
-355306460
1676734767
-1345881179
1959514258
1068746955
-210981183
554867952
-1210665200
1708025718
1885297954
-733777358
-2862629
734033229
1926924794
-258583873
113625525
1649052821
1198594827
-382423399
469921960
1398483744
1329696149
-1095375870
73771525
-809626618
-1889908740
-1453368750
-1557868887
-1544316779
-1260461656
1506473482
1734906242
880737413
-2007005908
1215838760
578398289
1530554736
-1639853911
-1606571332
-251085647
87172480
103602292
-1596635973
-1273632425
443548009
-1235210250
1863851794
595347354
-1304743526
2079857875
86673662
-2123738827
-1109391698
-996190130
-954517094
458758732
492189992
-1286536468
1837982905
244885420
1666432096
-1764512170
-651245323
-1263278761
-2067444553
532717955
-1539831033
-225771202
-645583599
460897046
742847065
-1390334384
1958463364
597333508
1808227033
1811878835
702358860
-1532767111
2014900240
-1010340784
-84839934
77706492
1441596786
1475844757
218496525
443766224
557391863
-248040331
730297432
-1050522979
651166954
1782959027
-501401787
972843088
2088526336
-1329170848
27859168
1919150911
781542059
756865954
797827672
-604415089
548849328
-41432906
-913154390
1687475161
-137671177
954307127
-874652514
-1531277813
-1758360159
355386783
-1931060233
-1534010740
112231007
1235742478
-1946691099
1830544803
-1401785343
1265858378
1837068478
1151725337
714210893
1410391559
-1145291027
713087004
2083410706
952554599
1982023978
1102588773
263784828
2138700739
-1260205077
437846941
344002216
1466584235
734310425
-1922599940
1436781434
-139367893
-1619585273
2045728563
902091694
-1304664752
356331935
1847109772
1786819117
-593513238
-965093667
679856974
1168287393
-1597217390
-2102882943
398746725
-768874421
848938478
-227476224
436185666
87441939
-1400433869
416020923
447565568
1277172704
-1706235413
-353329038
-1340315449
-77642455
-1559331081
137573627
123731061
-2128784180
-1015618345
-1754875858
-1467675014
-845565410
-1978736343
1659726115
1906204163
2121964354
31200879
917743007
-2094125478
-218645314
-1591572971
-1223434806
1310245516
1247686219
674082481
-866545882
-120557749
1175906540
-560543092
-276530500
-2129238250
1230375489
-791547296
827099799
1471784086
-64325348
1545873507
2138708598
1450153803
51035988
-2000646268
766351292
1668839015
1886727385
-118795533
149728427
-2055512583
285644808
-454753817
-1610978607
-1574659506
80498497
239690651
14887105
1439876500
-1479864395
1723402136
-42203386
-666526785
285087108
1968510522
1344360532
1946921135
934189318
956900716
1727932673
-761645934
2083868008
1125586357
-1847901773
130880135
406631547
974470008
605651289
-2092812925
615799752
-1848682377
1566104158
-1495322760
236082919
2088708504
-1768243428
-435355981
-1417573616
1708756204
-88938098
-753349243
-1066360846
1689879532
-1630508470
367953957
-1830901309
1023579653
-32230739
-884183852
-520101736
-857188523
-121008553
2078079554
-542770955
526456759
-2010628135
-1718165456
-579014232
627441149
1372533933
93902422
-1763284270
419631995
1436681318
1941011846
1883953733
1549665228
-1264406745
-517886192
-2108083947
-603810608
1527009113
-1272324504
1243793001
1932532467
1917498008
1339650310
-1618306159
-355242571
1695944173
-308203379
1549552989
210575461
-596033214
-1030210769
2127578796
316408623
430726674
-613083569
8915011
-360697767
-36412065
-1775057049
-1603888673
799746505
-1078693655
1031018283
1465284748
1205193418
-72631396
1983210222
-1890609609
660410895
1755790665
-25190331
-1106952574
882051063
-203108967
-1579845911
315421911
-788445934
1892745789
1614648545
650944447
-1586570013
-114803606
224108768
1351587188
-32263961
-820602492
1211854571
1980194228
-1837142058
1184480025
-1601676482
586562775
811255080
1478662672
891613040
-1022436316
93158618
-475735775
-1598736939
938845023
-1648582799
-333165944
-722444509
-2130339930
1958726206
-1213686540
-1414226345
-964439172
64833508
-2121636923
-1356701991
554298406
-2104447721
2089545335
-2035140386
-912205771
1972895142
576955224
-661960691
-1265947804
1212128698
377803137
1788201060
-1185498205
-1129999521
1028599299
807411037
1941635955
-198124476
-1768132513
1705682764
-1421159052
570547134
505856572
919669514
-782944964
-504552174
-1799752109
-527577129
-1648727703
1877091827
-36914515
780105596
-231236871
431191369
-1656866288
1386509488
1895601624
-934360525
-607657802
-831151172
-192643398
835641167
628766784
-1197659807
-1125936598
2075248184
1066864362
-2046698503
1867071715
-534614192
-645243394
1841142491
1083653470
1659660734
317105037
-132696060
-119320916
647831482
492872541
-1627465742
616758405
1623593735
17941277
353758163
1335716000
-376971839
1242002911
-1388697121
-1456412348
-1765409960
731474630
-98752511
-180405986
-354443812
-2023263490
2045279420
539775061
-1983245446
-1904520468
-2021094836
-1417069861
-1708294074
572125862
-935962613
1262845958
-353570758
580034981
1920671254
1154936670
-460388994
-468557383
-1838258384
1179707064
-108214551
-1486066372
1872358630
-1453234813
887116487
1177054346
1912377842
784040289
2072345052
20582064
-145219868
-958656519
540706473
1204615522
-24402690
-1634821621
418362605
1120617522
242658144
1566960580
-818406034
1500771071
1459587684
-474163629
-2131289608
-826661973
1872337227
1107883707
280061349
226288400
-582086120
-1785555478
496598367
1983044915
1830080444
-1136527861
652412067
849632442
-1938273678
-882663145
1147220615
520179099
-464357780
424316082
-869233923
-1840761066
908486831
-1060100300
-1033082791
1171153124
-1502288326
1830789637
-1594550000
-871852112
1671971181
624626989
1515427266
-1531493178
-870962775
-1099032534
806622073
-1349530358
-1940106957
-1387557884
1254159923
1638427434
-2075718307
-2008034657
-63182947
76216599
-775990041
-1097588913
1019942433
1797676208
288342178
-1874654031
-1811095518
-400716864
2007396950
918078392
157577094
359553834
-822868507
-1887043578
2140539252
-967209630
-580521809
1622050172
-1653467554
-1659317217
1404891960
266394388
-170252735
2105981262
-756645624
602824429
-463768277
-274226359
-234208558
749209511
-1387351043
1749182536
-1024780584
1521837808
153426290
-39181033
682439565
-1673477793
-964231329
-490583287
1376342139
95178624
-1905749956
-446621396
-703661721
-2077098961
-998422302
1589900477
-1072271438
-997182423
-1246014826
2014074078
1453637121
519805663
-1037305531
1089680774
-1878334944
-1799964531
1867956753
-145996360
280178979
674100619
-1721178612
-1848556297
-1197581874
1468495587
-1827457726
1799439352
1371777334
1484501027
2067047932
57064601
-434211417
205831795
1946686531
-1655524078
-865283128
-121642775
-1913653853
-330669463
608303613
-105012709
-127728336
-1765278165
2001794572
-1204648203
-2111231026
-1614363816
-1661298430
1036211917
1061693612
2107459230
141802839
2135249076
-1292648944
-98001462
-142128304
1501291023
-2033359271
-851572101
-901144668
-303910299
1392235842
260054040
1229535330
1525422201
1952631139
873430275
304270353
-1861661541
1539830269
-1436623090
2015178520
894626874
440003830
-772490451
835955552
-1593990466
1893376290
-1352869779
1681632823
-1288696940
343832771
792120869
1488777335
1183588746
-1398390701
-1989282454
769752295
772788060
-512643712
108690887
2056599776
-82479731
1501876855
2052233517
1900204851
-512329349
666567013
-408030424
-57262774
-1805700691
-316283846
162326355
1636504204
1065665391
-159396689
-854054130
-1678798330
-228407903
958693514
-729489811
1105923655
657439946
722732576
-151766925
-1163855990
311739507
-1481165541
-1371192705
-638065638
1025898930
274075517
-985508090
35535602
-2124514556
-2018760988
1534809986
685532323
-239333024
-66612721
-759640663
358524538
-1077684600
-551340384
769879010
-920712223
-277189471
649423651
1191092468
-566623739
946838278
-122145458
1888236288
754878905
-953785256
989898890
832181681
-600497255
-861935143
-485545806
-501551183
430365298
-1352617990
559584537
-1036188834
-1121972255
-693299151
1727307729
1920626365
-1916735687
389227536
1569051946
1582888622
1915202218
-1121659501
-1937500295
410964321
-1910577506
-1675116359
-345074918
-416996344
-432212122
-692870571
-1543082313
-616028211
696702229
-1379725275
-383009847
-25155066
1962142124
1817613859
-344298658
443407271
1658723703
-914631397
-2076488931
-1135107080
1127990709
479164029
1442401927
-1220744569
-1757980290
-1014363788
-1874089857
293571679
-1517088543
-1080746698
-1368819445
9629817
1669648972
36121757
-433843364
136540018
-778497488
834285303
1261510667
706740862
66160869
-367402471
696131493
758869404
857662154
377758138
-858058391
-1491511029
-1524445520
-56172547
-589151665
-1313927685
-551940488
-1137929393
-304117684
-140064120
635727354
1346448755
-1160155692
1024450787
-920992728
-997789734
1040388512
1469388241
1442931314
512995639
604356273
-15338919
-1842899348
495216723
-1073905517
1142357177
-716496466
465440797
301217766
1212681369
35703804
550516996
-1000672486
-39899517
1410429861
736025481
1723436921
-713438575
2131574831
1732132879
147383914
35455591
478993204
-716894219
-1582560525
84507235
536007558
-100277274
390159231
-81395181
2063437465
2128798575
-104043551
1611124711
1260153890
285428177
482741144
-1026145241
-796852229
601613336
-1632637868
1018390310
703563337
2054741099
-207770440
-244214088
-622856736
-1505204570
1761430370
-1024321824
-1632414491
504046117
-381336025
-586188338
30880692
1418216674
-1815156318
1186075399
-756321788
-906959934
-595094288
333179365
1218228809
-2051085269
814478772
-1084432574
-416800935
-1634622759
-1402175391
548862576
-660379566
1800584178
-418731849
516297067
-949086535
-99852201
-1796039027
-650297263
-119561498
1451865148
1007522513
1832903697
-1449661792
-1168067846
46450893
-1954345885
-1425150461
-1164086237
141424555
-608200457
1163065002
171191767
-1688354757
554464753
381586697
618694741
59063026
1882958739
1738137626
-1318185260
-1286872523
-1278462661
1613202235
1036978579
1135041751
-1951542384
500082262
270757167
814148832
557010424
-2030097342
-1490777293
1606452880
1281546060
1456882536
2139963381
-485895261
-560231985
1877042345
877746591
1835509461
-1165873573
-2099782529
-771533685
-1306352728
-1315519780
1224819298
-1947662124
1861754467
-1074301950
1820426860
271916329
-1725269922
-169017806
287923519
-1176218908
-444302211
673687997
1089765926
1595604827
1385660409
-900508077
642557818
-1680849292
582241126
1193036217
2109424966
794421886
-1130688528
-735726150
1730795053
1497679167
-1495339800
1930307930
1181401739
1947418185
1992149375
1236099409
-1581032997
1279021713
1341490896
779758519
1976663640
-1537539775
-198455773
-1715580165
-1095899418
-702074420
1577975663
-1138113511
-1730798799
-1211209917
1117979680
1454728203
1467452950
-1613507353
1520503323
-640071552
-479757758
604284926
305490686
35735499
749298968
-1417241878
-1077066836
-1989798882
438332376
500442486
508657672
-174041609
1042661116
1910169203
-718184705
598637017
1568731109
111534723
-188566836
-323148481
518321335
-79211468
-1741725321
1804437197
-1109457280
-78558896
1000073629
-1563167288
2069020063
-1990215310
-1381306505
-90401592
-2123296669
-281394724
54400532
-1890915412
-1345447950
-332541304
1268033769
748989645
269729643
-1683253124
1710021003
161945973
-1156726449
289126754
-1059809862
-1578518126
-1968335076
-794315689
-1297925727
105405094
-831832262
-1289126910
-1033526693
-1950774783
777125147
1638505961
-1524996935
735444530
1012299677
1374161663
-323736510
971547578
-981083726
-32483968
-1187740038
950419715
-1955342014
-990676991
-124674457
-886643312
-1807234993
-1037141566
2084416592
-1901422476
52892762
-903445434
-78701113
1968568840
1572722693
859323941
-625690134
1135267032
478962425
-318669024
-1445902875
-1773430307
1554701321
-1517702794
-846303814
1121510385
-517840489
58618997
-22088380
-1599496577
1242385462
-1040231341
1982100856
-469247111
1722185616
1187818302
-743626258
62252175
-678840950
-61145167
-1404923233
-602983523
1172688805
-1081248760
-148247056
1616641636
1434630823
1374624598
1040436975
-1859827332
545579129
1449936758
105403355
-1195198839
-1761565613
-1794497441
-1519271703
-1388674644
134186261
1529623740
-588283067
-887135684
-2016771592
-555973700
-1005068202
1067401910
-563894939
-1115381722
-1125198522
1940980721
1397938724
2127738031
1224534721
-562118763
-1752666439
-2073603697
1708720380
-988987954
1834609418
-476202159
-1045145608
-486853
-1748755387
1233769194
929585159
-2128014292
1197964032
-2023494899
-75899249
836969997
1264734113
-1605624131
545133325
-1060667364
8272127
-573309661
1166608476
-293539230
2019359049
1482071713
-1928417737
-499658273
-425022170
-1609271514
1512232700
-1951234809
-1172713186
2106161604
-1114810958
1267589997
877639991
-1748409985
804485197
695164094
221142755
-803785882
-223845840
666770160
223521049
933907944
-1177941262
-1819307078
1332515521
820287839
-1603738268
155663686
1653134164
-446517775
-1496026413
-1037018588
515501507
663224984
1812416137
1213468802
201902488
-709461634
-1982775910
54345882
-1888273829
948034957
268889820
92196458
490805558
-1054530234
1776916278
-555199830
-916532005
998805202
1651181085
-174037253
804690853
-2071664298
-1541058980
2015035740
-1200651267
1124179851
-1592377581
2119537377
629954303
-162506867
816507137
-2127962715
-1529224868
-285066254
-660098043
908310016
-1472795007
-694140387
-750925599
-598400267
-1270984200
930152916
-1301884095
-1905815058
-2013420786
-989072880
2058117115
-1495264854
199855798
-769450220
907041688
1215809654
-374676563
-1796624959
388003091
-1127671398
-1972519714
1527693351
345401568
1520774678
537816583
766087007
2072213551
-1167272818
-719972709
1307365015
-517631887
352513153
-231538966
1648667501
1919477531
547213505
-1007213697
-1310457983
906038697
-1457490657
57250504
-805664955
187744741
-2030359707
228425980
286732822
587726440
-1289796728
206321208
-506011760
1213468513
-1215300834
1906129643
-147775971
1811263380
97415181
-1776654732
-1950761265
-1005751899
637897349
-2021411831
-1152953744
212793751
-961146321
-200212006
752608214
-1798321522
1945264806
-974250379
-894532742
841919708
-633572571
1218431084
1326020683
-1220743110
-1693440638
1271301172
60434880
1457720917
-1152446373
2124311632
-1525868757
-2020707956
-446547826
1944674221
-274632619
2039374840
490302958
1088631376
-1073405114
1621256876
311902002
1102431278
-679251101
1979486525
563329328
618472026
1889365438
1260284292
-382769844
1128928869
-1161507159
1595917218
2138258218
1863567361
-1368970100
-1017486780
-114198102
-1670425369
788560888
1516646183
-1270441195
313426682
751386875
17150942
-2055677805
-1955270484
201720245
-463807790
973598944
-815437920
2051198507
-675791734
1608918591
-545311343
-1826688677
-1763476179
-911300690
-1686261903
-1543889009
1004633668
66902362
-2046147883
1897248246
-2119341885
-469028779
-642532977
-590225552
-1278749879
1656198533
-1952214116
-1814580568
-442791770
913736671
892640064
-1803641497
-2138459490
-1583524395
-1440999569
1305260327
-1404605204
-201361908
1611219055
-1068063513
391316617
-2040436910
-994780486
-1438801859
1156015917
-419440689
1519721512
-724163663
-1757903082
1738027897
-2130165939
660906567
-1473530105
-767333939
1560963359
336699485
1147880083
1112201915
-2119056164
1140878263
618972826
-1272275231
-168429014
1653653720
-1246360044
57908988
-1510579841
1870983571
1065645837
-1586286949
1933875907
-917806880
1299653616
732765717
401566258
-180131853
1590459655
948991932
895745927
683866250
-880294334
-1298244526
-520484010
1814270086
943443254
566080187
509691577
1718768317
1103360872
1995284212
846025006
231233806
-284354356
-1422658493
-383317825
-1962044492
2032413320
-1765534033
-1898397597
423217631
-1596433923
1412300723
-683870044
-582185088
-509919226
-1003726290
-2041741695
242107492
-1423347582
77851036
-844426091
37318788
2066366991
131444875
-965473672
558698906
1302187545
-1024947641
-1411226012
-1858228745
-1025741550
1812343767
-714046181
-1140572013
1817916162
-208486355
1640846344
1466389094
-1835192254
-1195011176
-321418844
1238095093
519142019
-1822653828
208240667
-1163881937
253379093
-1047847099
271947310
-865057415
1744402278
1709294489
713898587
1255387654
857982152
-1007157044
-1460992966
-264353172
-368910218
-949410920
-843415511
-1808450188
1144814296
-26689779
-1486974677
1797913649
-1365029627
-1423936826
-2061398771
-1288794797
-2142499958
-194551715
1741190858
1967866300
481837417
1383531552
-1556808912
-6119853
-1599776924
-834116348
1595413442
302616344
187583354
1971310553
1752265696
1653028729
1657986226
-528707137
-491379675
-1299123229
1977560854
-410688040
-1875185648
-1911791461
601566210
-1369339330
874875365
1936357837
-1168563554
1043968055
-1225684779
1573660901
-1091605336
-1415890009
1472505180
-665726179
1788943222
-1523874363
312465386
431799638
1286992187
-1774184687
607206853
1923242283
-1270732152
-764670843
31778861
870240067
346217494
-2090722294
1712388544
1341479655
305916098
76409901
117159455
1575111380
-32451624
-1631669486
-364877870
1741405009
-2136869997
224940200
-553500568
-2126815870
319539172
765417502
-1096116510
-2141396994
-1325500046
-1337475947
-2015221679
962710688
855622882
-1674242794
4931262
736423834
-825633193
91663301
830267977
-315319345
-406988484
1006160983
454916244
-1861459872
998850624
675808704
1224570465
-1984167033
1804143010
-522562767
1996031865
-1438460252
1248232366
806182977
124899535
767801237
1394431366
-1169662871
715141349
-1993911478
1800589349
1470304694
789422703
-888701545
-85800031
-1671744839
1954555189
-195579316
1711707312
1115427777
-323432131
-554953854
-893473172
1823228748
1726347304
1732344119
1030777946
-2124958279
634091740
-369203683
-1607161688
-1918601150
1806313827
349042094
342170293
-737468630
-736527598
984815491
852103639
-229940430
26524909
251898854
-190670761
688431697
1957666890
-182430299
316490432
-69126237
1543234483
519509289
-1451741351
110026400
-136034288
-22282042
-144508433
1640863121
1532965893
698658387
-140138537
-592858304
329099673
-1712840195
1799082034
732767215
-1409191401
932075096
1547928690
-1167130230
1391436856
202879414
-1894531811
881326879
-1245517695
1446378684
616976081
69287821
-1066197014
-1693077967
-1862423673
-981803141
1857966272
-1815109607
577696795
320985740
-1829175861
-1885830654
-1354949109
-1789047856
275401651
1187290269
1941582206
467495293
-696608609
-1391740273
401597320
-500282402
625043998
-1411233143
-559869780
1360768906
-1519790774
-1116074347
-1148593247
1750214361
1664271658
-1488065357
-21203879
-10654060
683852632
1698804900
877972286
-1293231637
1297950435
496496389
446543038
1177684395
1065405814
1871514014
963002633
-1613405520
-1512652103
-343378693
-873575399
682555287
1616476663
701073212
-1346532878
-116008520
1317240320
-58771415
-970419413
-378337965
48151376
831982217
1350284716
-1262723832
1446758512
1619048115
-268726856
165636236
-1620389733
1307142757
124234541
-1014183271
-1782184795
-1941261868
-1280588022
-814702042
527939096
-1990828541
-1590670030
1442007768
1852080288
520748119
-486326673
-446615369
1782850984
-926305429
488550073
638561060
-235274684
-1567909599
-878550089
-1946152182
-1813502127
-2028349959
-97888379
-1528723372
-83440678
-1140643419
549725111
-899343714
389755325
859219164
597792925
-539014866
-2130678643
750824558
801572040
1114443301
1831721658
-336815720
-1244139315
-1820202767
-1010446097
-747664487
1829589832
-1708680187
1182341051
-109691260
-1349746397
646943180
-1087234190
-1749484712
-955884009
-383705894
-1497035179
1918235981
-923102861
959383396
-1240462096
-882661264
1433584412
993142258
581530819
-298709647
365307092
168681810
-1980775132
357217979
-348795970
96398287
-1943436701
112011973
-885613023
857970083
60908335
1808142247
-918169236
1603302569
1804431415
-1418396688
-2140048263
651907926
643168788
-44171082
831382037
-424568086
-1128560283
-67026707
-2102986816
1705946338
631844155
669264380
-523109200
-2097553488
-1955411017
1857888653
1667441948
-1686433107
-1659545358
-951337820
-2031551050
-1624240818
856234012
-1969957901
-1149990024
-1290003050
898910951
920324459
752690083
99527115
948892453
1562481430
958087172
1981065580
-59864401
1485856547
415617913
1253325153
-260385399
619570498
1953620659
2102443892
1283142211
-673957582
661415228
-1966518017
1665010849
1552691863
-1321028933
256528615
1364350590
-1512915440
-1005715338
1558608072
778382060
1887021961
-1447382247
119193969
-634126432
1595313613
-1630762827
-104604014
1915095181
-284721314
-1179853046
121848244
1755689422
-482418552
44079625
50124904
897405896
-289119565
1180135059
171309507
621315471
-387255047
870225287
-789498103
222146953
-1121950216
182266619
-638975065
-1448488880
-1053503768
-1868513848
-611424154
1018326492
-1538974737
98882380
386151901
1662016737
-816495181
1151886186
-1523946969
-122176394
-1134817231
554733781
1063173590
-1702349833
1917543117
1116217742
-1982165977
-261453525
1237159337
1329560490
-1829139850
506393768
1067520057
-601281960
-118488332
-1059989387
516011286
-892653790
-845314410
-536691471
2007439123
-990010509
-377206192
-2094811148
-718412914
1362325080
1790747523
-743071181
-1933414905
-2140007798
-834709581
931643112
2021157110
-1242965844
-1873235076
-918046286
1889851352
1064294864
-406741818
1752768185
1734119050
-365973953
-855960521
11120917
462082523
-134036359
-1738810903
86655856
-931599012
-1539857286
-1945687716
-1192626455
1792594553
309568319
1191100590
462160955
-353233716
603835015
-2098092279
195982110
95541168
1600780510
1921803867
-858102803
1364427029
814185942
1629924428
-67317880
1868645779
719763095
-772438419
-1848581765
-232201792
1283288730
-1146573396
-1114419105
-793635642
673843377
-1060334320
-1511499648
1862905903
1297200202
-2068697183
-531350337
1250775298
-1563020557
-1019698777
994079162
-1609492972
-194776544
1592021271
965072681
-713431145
-639533780
-1619916470
-350837877
-688118794
-438989923
-1026808336
451470849
-891828763
-1456918612
1714616643
-1326661000
-1436002381
1560275203
1019797887
-1511535602
904939490
-1363697720
-960118384
-1597955666
-286493959
1254018010
10277133
-815779588
-197790057
-384873383
916125541
1929003896
-1056595509
503362412
-1355602345
-154584611
2102236835
1678576189
-946772057
-219670070
672329986
1397707080
1919193614
-910667356
-457537866
-365739819
56220017
1459410617
-405203767
205655490
-2117816746
-1962507863
1212706327
-663734650
-979328877
-1944105727
-1958183135
1544330354
-1161676473
-1156031960
1737243423
582053176
-639172594
-2017927042
-1870674341
-1432641359
899948399
-1928697151
-1844022852
1339428570
355884185
-966719821
-482059360
-1947114977
-1473423793
-1966847239
1932577263
-1278055972
-1088995553
927487814
-2140434068
-1380675296
-168720679
1211380408
-2092884402
1997962675
1618356031
-154850175
837677583
153295705
-2052814855
204808906
271297155
176789336
2053123531
1688458195
-794892757
1541083192
-772888311
-471753378
-548496950
2142043593
968980297
1427918413
1573038905
103519594
865061978
-1420497270
1693508983
-591942009
-124815755
1435476262
-1812162044
-773854365
299585970
891094212
1849590638
-323147241
1074331325
1080997432
1146076459
-793345575
2111230153
-539043478
-466885463
1009864833
183903939
-1511207808
-248793181
1979063369
-1148869685
-1745917636
-19217482
-363115052
974256863
-513836895
-1631585484
1255343729
1680556505
2028158172
-631618762
-1198942560
-2012741733
225326434
-1123070217
563501268
-1685165689
22446421
-555983776
1209595002
-844135371
1802732587
1702733278
2008632634
1233591135
292532369
-675635845
-928996740
309249312
1018273164
-489536212
-882466003
1751213149
-1159804446
-438028185
1876261314
-1209016701
2117906871
-1612170503
85202044
1071577202
1062935162
-1282449131
-185192979
194088632
1924970753
646390959
-1171924549
-740188926
2028049906
1883765770
-237856348
-1422014258
1734923365
-853654128
-103924030
-452435099
1295367879
632659169
2076187407
1989154568
-1411498495
257682733
-1986312406
-1597394071
-1134092584
-424487738
2131558490
947244380
1186253206
1390095856
-211524909
-2049694258
-1872932886
865063163
1740964920
-793637899
-1963789044
107078547
-1970654623
281030345
-1314089948
-1348843178
1792596573
1743753650
1422100716
-1620506201
-1699062854
2086443138
-1405813101
-314261823
1392167939
608853668
1578027236
-152477169
1185509001
1075826070
-61985881
-1484322374
214066278
-411359596
-841403321
-341415038
963958975
-24644715
1400998324
944912592
1307127112
-619801734
-544614774
-42883060
832498444
1148441989
571814258
2100412204
-1682801810
-229484537
1098524616
-903859315
-1730744982
-776036771
1491684990
-1535905019
-1529853152
350360092
-1804501697
-231953864
-805354605
581460875
-2056644649
-1905009621
1532439725
1476263249
1206782417
-264282346
-1826381434
-1730838673
530077793
-2015473027
2073247973
-2011859601
-379752828
-602479999
-581873658
-236012579
543852389
588016755
886064541
1194281206
-559490302
-427108183
8618266
-1322496865
-1123520241
-540197483
2036773423
807000984
1856552474
-1717362670
974501007
-1068131855
1906536175
574153985
329245687
-1047717700
-326367683
-1929557996
-395432847
-738206973
1559048313
-1301877783
-45917481
1336423932
-720440830
1274697562
-1429048938
236290171
1265570693
-1608387565
-1612773964
-579517017
-1356238686
-1603345820
546826259
-252678416
-1203499825
-286083497
-1810063626
-1956865728
-1951591812
1372549637
-1323142204
-191821456
1995907192
-535015131
783685900
984740861
297961875
-1374471707
-1033687863
-155448325
-1333237117
157542140
-1445258522
566594889
543603211
-557375745
130622467
1309226501
1541060441
-1463972620
35228793
1327686466
793336495
571149860
534132635
2133640440
1611377734
-835155659
-1373949121
-2048434885
-1011931794
2087953015
-1966475396
1929756336
494436345
113566078
818568884
1884995131
-2143709223
1577720816
554998228
-1824846851
812729096
732707231
632267994
-516724867
-1867103321
31761881
-1803288681
1651598116
-555960214
-606600705
-811946314
-1087345938
1968680754
84995412
861718780
-60554658
-934363653
-314640874
1642599632
1106472371
2063189496
-825554990
416381438
1768569432
508773627
-703337740
888556471
1514429088
-2141988582
-382031459
847883996
-667694926
-521151857
-1500516935
-694443909
2066277569
37367776
1462807631
120283289
-1614413184
1503510591
-1385057766
1873757489
2088360405
-883873742
1218372953
-166184580
1661193932
1430164598
1250709731
1207397747
-85965618
231991073
1287933053
-1127155311
-833982191
1808632582
-1006676369
1242462941
1818517586
542153052
1179087445
1789979431
787293122
-87083615
737288498
1225865617
469260605
-1870904389
-222738742
-1879873711
-1818656063
1438768225
-2048094160
1915235508
1638457629
-1048566856
-868601955
1630890597
1005503976
370173504
1680277891
-1002575121
-1201827660
-714956815
1765502689
-1125828481
-590230652
1649004961
644587736
-1602974994
-984409478
862832808
1133959550
2085753343
-1505234220
2057256133
-580712974
-2043928604
12143897
-1749718973
-42541648
1045297159
115525263
-689275305
-1771691226
-710130170
1914627567
975086540
-808920697
-443318018
-536447141
-1463857695
2100265950
79871755
-560647281
1166748529
-885800603
1499577615
1033184855
-1572275116
-771368169
149495475
-642414528
-1979057403
-103999869
-1291834709
-1429667950
2029436036
741990882
-624720067
1710390396
254782078
1023815019
-417547517
-314104687
-1187480662
-502168090
-552962578
870252915
-302494091
-125057921
641066639
1186293453
651053536
-1199937572
-1322147951
458572678
-1546327895
940698225
-1551707767
1549586994
325866152
773696018
1147002098
480730316
-490313604
54932681
772505714
-1952249950
-877304474
-827388183
-1887688862
323213200
-1129825420
6440547
199433357
-1050384528
2026769889
-57579689
25929014
1182269648
-368284229
1528341998
-743028641
-512160794
-1693827898
-2010492570
-882063800
809110208
-682927456
584442990
-1793096651
1794020287
-1871216603
1031751347
-1530433420
623181637
346615060
-124775494
2087953054
1287699629
1883622386
1240857328
299514908
68190843
-1062113234
-241267458
1123568877
-837104172
-498019707
-44955038
1480900773
-1225890512
-2043678808
173279035
683055032
74175053
-2142507749
-230033309
1092546808
433588070
-782227361
1616182722
-379869348
-1864916060
-1135438765
474840545
2129627138
-797603115
-230815530
-1310431555
433677430
1171178587
1054828721
-1856559139
240354612
-1389832858
-65748556
1285601702
-1598472085
-455669147
745261854
669205998
812169475
-1868143687
1420781121
-1419033138
-2024601119
1540299179
-918944410
711338172
-1370660503
333835168
265100525
-2139891496
911855940
-935940469
-2146696520
1927000197
-314124702
-510341470
1706745802
-844974789
1282465090
239450195
1724422186
977939354
-77511055
1601461369
-835400435
-86320957
-1581600945
14435275
-95331021
-917338909
614105880
726525332
-1963915375
-1899064560
-1215031262
-292211288
-250932177
2605655
-789979805
-93938282
-1216993453
1281387541
-940745674
-410659558
-1311071521
1569182597
1672942174
-1650635307
1176451575
-70624614
-470587318
913581631
865639142
-980439025
-1785575526
1201395676
-1401990335
335891131
368776674
1468929197
-952282547
-897268183
1228871596
-1245280279
1662430621
-836045720
1189117891
770403820
-1790473217
-1561478882
761573038
-2016200849
-934585703
-372506141
-1152620934
1482992633
1696575566
1234464715
-1804273987
-449691755
1700234085
-1904966076
1502717142
1300795333
-1686530708
2102096675
-862137223
-1967965258
310327642
1138279416
-1928022934
1438288820
989255667
2005965993
-372280440
2114952160
-157297040
-278641858
-2005974516
-1849426401
411812702
979834105
1681826579
-263911595
-366285370
589641897
-608054695
-77448238
1667811981
1191354943
634536518
1256820492
1465830430
-816956511
-790268370
-1264883058
376082501
1746814654
-1586447147
-1855440
1272875102
-1798812447
-1016099024
165948296
-414023762
-65523894
1462409074
1982867104
302752784
-1936773894
-1229347770
1113593320
-834013997
-735252018
-1197798312
1503629166
1388526562
1423049423
-1067497959
-1194917556
1316091173
1332485064
-1190152253
-1498031264
1918945319
-1710075369
2044986267
-1095163838
1048672249
-784330552
1967740021
118854002
-1775735467
532365791
-1871483267
2072767185
-290177275
346241268
1189578803
1981866322
-2122654587
-2132069627
-1242746953
1322899697
797720295
643596167
1204928582
-1329953309
1148503030
2137630398
-1431360508
1046408462
-349726818
31269198
-1037099525
-1504675909
-2015637621
-1140624111
-741361565
-1645474167
-1188225777
-442905815
1237283619
-56987740
477837640
549933913
-709239145
1870345271
328298369
1962477712
1135038100
-1162462946
1448208856
450669254
-144854616
-257007904
-1732860895
-1489960437
1912674470
1535890652
-1506531062
-17908003
-1503219104
1782801345
363363711
1403947961
-1329250378
-626824381
-691872177
-1738136588
1361724367
-1656322293
-378063857
-438336566
1910207654
-908652818
1272602942
-253065801
-281006136
420341345
-1326264662
1668972805
-1368983717
562712364
-1512383983
-756630106
-34129054
1548202846
273222410
2040385859
-207621314
1213307520
879505957
1728657812
1779944311
-492487155
-565717423
-1235236878
-372511812
-1036816096
-1231055746
-1845841367
-593061592
669831023
-347712125
1839881363
874985670
317548408
9469504
1690644833
614037079
947672057
469138951
159127867
-791571630
-1578698588
1088905015
128280844
61874731
-1635330541
-1767817686
-1360504554
806334936
-641980167
-891303344
71326028
2028154256
1519831194
1334785435
846255840
309589205
1351219324
2075407902
-1183365351
-1088753740
488579422
1470103024
1335004010
-574610613
-2123979415
210849110
273941184
-1692366197
639976357
-296615136
-123741157
-2137901249
-2102411602
-462237869
1053261408
1073413965
122534566
2126310408
1564612972
758004282
806880877
1200357523
-2110475156
86659827
64341007
1564512998
-147042965
737620425
1923032190
337488695
1090641452
1718796989
-247223680
1374326241
-2042013127
-966190083
-1411569430
-1763987577
-274073029
1227491502
1255665678
-1177270401
1697605772
-744096788
-850665871
1665410156
1795728138
1329115150
-1593227071
1341892396
191014446
-1075317202
1333259525
-2037774347
920270172
339835367
-1382718186
2086160826
-539929476
6978912
272878669
-571113517
883574472
-1918840439
468749437
1580157404
-1162664217
-979595612
447120931
-740578852
-190157765
1781944583
-2061629477
-1528325975
-1787432586
1705901599
2106607894
1217395851
-1221898125
992630200
893082634
-1327438305
-249452733
1774834554
-1562457367
-151963778
-1833821563
1663149238
273175637
1678711198
1825417465
1620031074
176913170
913564663
-136043433
1167138658
1391844605
-2141431191
-553557155
-1734448375
-377649860
-1764989604
-104660698
-198998050
-75125322
1880336425
102383042
-1371447646
-290872379
1939511736
1441977346
-1536993903
1577370666
-623508631
-1928275821
1737704424
1550434881
1220086327
906294861
-1944413785
-966087051
2010916379
-1288201267
-1297629288
-1221169163
1108454317
134278720
1595601807
308782503
612813841
1590465921
-1181866766
-2043927972
1008348944
-1717193370
-1923115653
-605325243
1686080389
-1015502761
-398507460
84297638
744088058
-685945057
-1933879069
615466185
384581009
253102598
1892171071
846866740
-1281679576
723300127
-310058238
1917584413
1517745848
-1067970083
1380220872
1494982173
1839877885
-2086014996
-1242375848
-240655324
1345097564
1680758590
662221864
204836269
1824815104
1812126051
-2078661082
-2017168846
-1418478523
2013077533
169922997
-1790950943
823615321
-2124564685
1119898869
-1388866162
-1013008608
402988933
-1471989433
-102790677
1458911576
-981565600
-780939505
-1864803849
702117629
-225147885
1092280764
361934004
681437679
-145078078
-593715196
1165003292
-1669957423
-1311025543
-1620405132
-1115673771
985650483
658706819
1182181927
-1385686493
-1898178574
-1350752260
1330330069
-2012785763
1024606174
827708837
-299343089
1859609123
1670674078
1312428279
1036465608
-1660837233
850083792
-1507527302
1449619479
2036803753
-465439116
-951517354
-1462447046
-421660960
1475558538
-287773654
-1453499683
-1898087113
2038055160
-1841474276
-964573796
402625405
374865841
658593328
-608283194
-832937280
583655444
-812525859
-765351068
990573059
-2011081327
1032865757
1027870841
2039433774
895641234
1194519108
1083290762
-267754171
956906903
1689908180
-1728144288
175856861
1983195299
-1650318193
-1377613300
194284490
41528022
-877485684
606953770
930518813
981238875
1535977742
-989869206
140415565
479319171
-653986862
-560848564
-1298812237
-671761870
1156700071
-1198040278
-1629206981
-1084942727
-545620156
-1284501893
1219551576
-733129340
1177144149
585939797
-502269896
-106602058
1573957846
-1633096141
-2087233735
-243260142
-294180700
324024824
1930178202
-1242874660
1622410321
1437224499
439985525
1798488959
149732407
-765743708
-1180096532
1049449649
-1954837809
2015152383
1221911715
2000793556
1707829571
1845592559
-1845482131
-157705057
-1587625663
411523677
-1570197687
1644951037
1336862737
1858130929
-1958824561
1698823989
639612649
-2124889128
201452646
1832544074
2032391296
798006984
-1497147784
621715108
-765230112
1997078849
1503947241
-301636881
1753287808
844363796
-2114549628
-1041783486
624103313
-599470808
1943881527
104541828
-1994498408
1927896187
-125224767
324576779
1365124924
-1990904473
71839657
-1182212475
306350176
723979302
-1744622735
716147995
582673524
1546993560
1720804619
247975635
-446528248
-1302956221
-1328861556
2128158773
1014719394
50830746
46045727
1666296625
1586244560
587250305
1813191739
-1709371585
1058261631
-958500336
1153998104
345835464
-753525106
975055767
290565470
807113924
-110453090
-1459149599
483381791
715426211
602867755
1929049533
-1858855929
749643376
-968004640
2035042233
1383431634
-1143300300
1512450854
-1151154640
2133956093
-24070760
-1671185667
668961415
-47980608
1504430285
-1115209713
1004898483
-567640262
451608496
605706242
2044575741
575610094
-221155032
912499725
-1740164087
-2017622931
2033020626
1547757773
1939796500
-772212139
1056396768
350410585
-1133730180
-2126742151
-1865283010
-212610157
1078232709
419522401
-176848907
-1988867135
-1034448295
1147871220
888010452
-2136181413
439841616
-938616717
-954151860
859603750
-1107068302
-579763799
-2085484645
907126913
-1131904199
1561424224
1366557741
714571262
1144372890
-1028887785
37543486
2002950964
828680774
1421869041
127108547
-687179310
1368569900
1984264687
-413099126
55965175
1712286274
-931805599
1542290592
-1321271359
-813046139
1421677465
-1975640078
-41463260
-921352386
-2074208798
1266199094
-891206916
1424698245
1859135408
-472392693
927793252
1537756170
-1327318760
-908870050
-1753493688
-399042541
-261897598
352203024
