498111864
1015253739
-772541073
-1899244008
992228531
472719448
473144291
1438396767
-498218466
-779617613
104039958
1503015353
324657265
-1310778275
875779925
-229697411
1923015718
-1932704130
-873867346
404568488
2012804685
-1993329333
-1763003161
-317301831
1871681696
207412363
-1544364367
494514651
-1052670251
968648790
1478619677
1922880585
451170611
-315488737
1184524367
-1308271891
910855272
-1977239051
-1503036304
-1095827893
266119833
68207621
657652969
2014864028
-625094215
1479301731
-198411315
-273747650
-986234083
-2102674679
1572246166
-741055414
2025465936
1224137247
1268395283
-700520314
91281699
-34918276
-539291743
-199296642
-950669559
1903980140
-1552937831
-544973844
-1957119583
1382487731
-163275512
-47326624
1669064850
1933788626
32428197
-24795108
-631996770
879110536
96454911
-1085895104
-1910742543
501542043
-628870155
-949729498
988618170
-789308713
397244779
1452518415
1206692093
-2113224361
1509134394
-982148866
2105493158
1172360962
134917736
187804388
1882116832
-2032895656
1141328025
1937521660
-970387033
-558192274
-490859324
-891993480
20697755
2128262455
-1659567064
595850589
776928791
-183113468
-988452735
-1616028758
1657397122
-297818803
-1730234249
-1843254848
2035433700
179508401
-1952667817
-1704816387
254356412
-1350582725
798655492
-685972055
1934779152
878082022
-1346825425
-1084866795
1978723012
-386630302
1227577541
-474319359
-770428881
878882584
-72219479
-1451023042
467052523
-784646804
-1512802653
-985952108
-1721240340
-1266138047
655461783
-1079929371
1957293267
351410881
-1963870727
1883376785
363400580
-434349219
8842112
175191836
-642893835
-864229357
-1048665575
-265934066
2016461897
1894280942
-2051749346
-179678438
1271743260
1422144211
-1552522297
1937534850
47611936
8723577
747984352
-2074560327
1717279208
169891769
-866747460
-716306359
2027373315
-258866937
-1386340759
-702403593
74022989
-656234689
-2142352092
-255473884
1019115649
-1872976475
-821180145
406480501
-1613092591
-751920601
82147360
1129556406
472519737
919108580
336434013
1900455931
1589328977
-2146101775
-182254523
529068552
1266942050
-410391975
-1483692655
-994912526
412528124
1680064870
310336284
-114372859
2097863750
-1694078690
-1751436002
-1631964952
1522066518
1473931536
858460832
559518975
1338247875
1382788688
987461419
161843984
-1750782345
-1665633345
-1250654269
-1619360216
-1942941495
30403215
-1665244397
-2023677249
993168074
1171547909
1331054825
-1296946406
-975027234
40703361
-311802652
-322175504
1376435599
1966046139
678973546
-320521392
37800093
793332302
1049173984
1717754817
-796543143
590824058
-332525803
-950659670
-165027534
115225637
1225580798
-2144815884
1243302800
-1574479837
-398768472
113559789
1161137120
747735734
-1822989975
-1527853969
400897775
-750966184
1550431321
1129819201
-289246853
1829805751
309344512
727601084
-2115275257
267373568
-700871856
1859028913
-1105124370
-119474592
1278370005
-1318746230
2083843003
496884167
-751386838
1103252655
611888311
-524813842
328967598
954898474
-304719934
509832859
-339927432
250830477
1547594598
-9719773
866642567
853922322
1165597993
1443506224
1999977790
-1712821500
391857186
1703840452
-1067304178
1749389918
1410816206
-968541315
-233558156
878695089
1113071139
185090842
1360375334
2050863946
64800742
430676285
1831342984
-1806327405
-1741966791
54380146
432543845
-2048619335
-2038956425
287449711
-184849189
-1969219697
-612128444
-1332071779
-1251438955
1363117233
54816223
-1415058217
794381887
6602988
-1952249159
2089476720
1968945206
1243688925
-1559119029
-1934190725
1681675391
1743265495
-735053020
1765837381
911208955
-1988427254
343860801
-1180127450
-961384233
460972000
1217055392
1791452281
226705481
298666
1227079447
-1562893592
427787128
-75519876
-1266134175
-716673556
-1662709317
-346400428
956476793
-1855534957
-1165441530
-85955711
-307648470
1451602564
2143146400
-1258932670
-285423897
-18681536
-1219295719
793924268
422253271
-521950806
214321787
1721973457
-29215436
272240072
-870469697
1766668062
1283744469
-1500405045
-1646733182
-229687804
-973542136
1772839756
375695352
1302571483
-952857691
-1012710952
-1465488351
-1520703230
-1785482145
-710094930
-757926087
1761905738
1173525341
2116881350
924408948
1104238484
-644646648
-990667243
-1242545174
-1142474568
412995878
330695439
-1185936944
1645496488
-173213913
-2112656531
1309875432
-878429483
-1249412161
-477080528
-1101443014
-33431856
1452060596
258284261
1684149252
1539086388
2112849912
1709904425
-602093074
580055236
-1833750790
170383983
-2115131263
-1869502257
1221515064
-944831744
-233250342
795404764
656646936
-1710344381
-1792212582
1661960066
306755064
863534142
-35604960
937835158
2044641923
1755923036
862419194
-83107188
-547509690
-935309456
-343684456
2008307990
1365508738
-664550151
416609602
-1134832623
2126090819
-24787289
659131211
618221985
-575464015
922715422
1501500550
-1864258918
1354175141
-989089543
963288825
1270802209
-997725569
1942395408
741156560
1075165586
-1443736266
-293961986
1605503380
-875740252
1607106992
-169684771
1474623644
1925941707
-1257957549
-1585877165
-332390717
-42256163
-2106739493
-1953685294
332033370
1479909880
-247068563
1561381658
728319072
83234978
-1523198740
252129282
-1738020368
-1083580624
-1918535540
-882429320
-1213561606
1455615340
1377945764
1251010502
-1196847307
-555197070
-402565433
220985622
1785590356
2113649370
40923924
-657712840
-1743436681
-236523493
1787461581
1614844577
-1879517212
-972444114
1752984102
994062774
-83258890
1231235697
-636134305
74649419
-1667383979
67065550
1273494804
619708261
-1123202201
1832712220
-378548269
157001799
1716271365
1576287940
-1277981969
53708204
-1334179215
1876673959
-1894353261
1085234256
-799501688
-1727784129
404236569
591913397
-1978959565
-1524614908
736310428
-392586205
-358271709
684952848
-1212114485
1866940143
-2112000836
-2086372859
177148928
-1041299712
-1063783855
-172199634
3838608
-1585783922
77778834
-1785918748
555840356
776681261
2005210178
-1862024910
637162184
-113697526
538926124
74199228
1185318018
-1570005389
-411418537
1488651228
-1400206810
-255740772
1663969144
2046422029
1086790312
827945631
-1936512601
-550548084
-1589473485
801756100
2136931158
-979205828
639355192
892643842
-1975381122
-1006120759
-1189288503
-89493307
1467253018
-181563120
-1823124954
582092786
2100700120
259391166
1466439064
-1436378329
374160398
1426047286
445932669
1688090951
63538666
169424824
-1068773212
1306517557
-1962847251
448328895
629844698
-1258815266
941710490
2121796521
1599891908
1899937661
1308569450
1395725469
1010772463
-915180518
-764836606
1261505192
397843237
737488723
573628071
185952297
1133506306
1366837086
1289103601
793060719
140352710
51982669
-1670097474
-1884783200
-808776085
871180948
777331049
-1004692004
215321338
-516589880
1525708604
325493409
418968089
-1285409367
-1810290398
-1422948496
-2026627863
1633555810
-49221983
-124719952
2008152078
-1620286194
761847558
257873875
-1373525234
-277394562
-1674388767
-2115972681
-1835441953
38020665
542873779
-1132263602
-1367046726
-874490685
-1135851290
-1343860608
-1915253195
-906431454
-1183972100
967786831
1842387856
-722186595
-1961329141
-1613584068
-1624403634
-993262650
1528340072
-2061490967
-1623887865
353578171
-879553886
-693000705
1652296060
-394002264
-573444686
1257313617
723804651
2015673743
-87303056
-2108460223
735531685
1154210123
1948687431
-1308943774
-1645657635
-1211646255
308128044
-546764706
1568867265
820943801
835802827
612323610
1867462862
-2120285700
-871249661
-1567285225
2037300576
1031954943
-2013495404
-864097253
2055995016
393126096
1903847703
2020851984
1057900577
852774574
1679274285
-706558933
-353673179
754663886
294501883
1859802704
-1482226884
-316171940
569053397
-355174220
922031766
-1814205249
1837891129
1607620547
-59989255
941206305
751988990
-924114876
-2130252515
1505423150
230304972
1158709947
-1828241609
-490910949
-11910194
1074628878
-644007981
1503154409
-1245989978
-1326800277
-161697306
641653482
725114273
1714162024
1824758307
-449554300
-543896021
-2012354453
1656178061
555983668
949651333
1295245387
-1721230003
396337109
-73415756
2105005367
-2052869179
-1720307678
1938088380
316548566
1317705444
-1769850759
-218172914
-1066159952
1663071163
1886502369
899290686
-1271116852
-813539504
63004750
-782915592
-1029795175
452483250
847164707
-764978380
-1457246703
768890957
628573687
-1982738520
-97256677
174227583
-158189669
290342270
-304237776
1548960618
-697377444
-2100270777
186972993
1866568203
1346550916
182872878
-877396776
-1132173173
630572071
-223947408
-809767555
1134316501
1881390363
1392563723
1665935450
1820494952
-1491716537
526053301
1338949153
-2127994259
-1371901664
-1816705521
-1243373779
1759065868
-569699727
1112799514
-742276121
1577627386
-1566729382
556876777
-1395132565
-887993770
-771756390
676221592
-421713814
1560522165
-1601018352
-1727462532
1763337297
183494779
1471102078
-1524889701
1253499050
1022315628
-524791920
1400510046
-160385341
764193410
1353743901
-1711527803
-1816971892
-334952192
-417978709
1204022874
1487269317
987506374
705202744
-1668090583
1692261464
-1519820825
-1172695241
141176815
-888383741
658884472
768467160
1137497936
127770425
1206225579
1339999884
-1489185586
-185385142
-1672220389
-799862840
-1086968520
1778685377
-956658072
793214984
-1538122145
-940428532
-1330546426
-41343210
-1533942769
1690234210
1335597650
-1564118645
-2040768451
-1221865759
-1393595418
-1886634602
-826744196
-2015215114
1543353901
47708155
1577413301
-118874112
1875715129
-2087975585
-1072938217
-1809873353
2059059411
-1902511166
1094335820
-1909025590
-503533357
914518091
973364972
874085447
-18497870
15621451
-1097864906
-565215936
782076765
-278240133
-1566136323
2145500714
669677643
-1860341368
1680653279
-836953208
585604817
1088979153
1609323453
1390302792
-1856870220
1442156143
-1193342618
1577600108
750820864
1486352757
-2006723179
-2103842836
-473367529
314615672
1900793629
47484890
-315250164
644699217
664217954
-1824495673
-772202959
1302395425
1046423051
543168869
957565166
1658957205
-603918859
-1664457619
1696471252
791071338
1298695530
1198182594
-1357534223
-556307405
-1013297262
-1306992938
2120335973
321990490
1972163881
432495180
-1066711499
879459940
-2092187022
1099150047
996277342
-479465608
427315306
43483009
629388077
-467372511
-1261793983
-1801678905
-1653112371
1274834258
-142985211
1115041667
1046801697
640794026
766321568
-886538062
1821902292
-1691376647
2104775940
699469720
-889138259
1001184259
1639993508
1804731689
-806510041
-1522846845
-1186444507
-1124885589
-1119550912
-670119566
-1712901803
-380257896
2138936721
1432583560
-1448297637
1795544776
-1545668962
1330336771
-670040272
1345032143
-1015524753
-1374105178
-2037107123
-327119964
1374586719
-1857776636
134720166
-1729194110
-1358111437
-639784450
-1819279658
-526836462
-182408595
-1618448247
-1942600293
193287881
635009762
-1761085516
836279427
1013376655
-1058239606
378156009
1284390375
2001515169
1146335127
-1196458126
853949976
742665399
-1293094200
-1748357057
758671320
-104372376
-1262383874
-1352972827
-540873716
-1725129267
-1181746417
1587377130
969332910
-2121002651
1402884313
205524031
-998208760
507208248
-1281943398
226987533
-520580834
971752766
1199854463
-1172185932
310161003
-592790272
1411477370
-833068273
1415051216
-1859438465
1509312088
925542141
1465662153
1190607957
-197494254
864031005
2118001633
-1691846118
-274611614
1934093528
1508431975
-1375176184
-1071186023
-448076637
134543202
643250914
2012554927
383876741
691680705
360803344
2078956187
167206103
-1720579626
-117594610
-1927100699
-570734774
-841672187
-1768274681
1337855864
-2082979794
-777755976
1375455677
1189833148
1679043057
-1750448235
1663427755
-1435127068
-1795899163
2031027187
-152596628
1942624132
894692677
-1222693239
1285871709
1292443749
869839225
323634280
-813742975
-2057619300
970602649
-1433768149
-1920472155
-4259624
1636223279
1187379820
1286910660
-31915012
-1740595136
214838393
1963215020
1186046189
482277517
-2019133881
-1613575968
398933420
-56507882
2096770726
-2145703744
-1465378906
587910623
307645622
343921383
724059466
-910724619
-1440754279
1555502292
-1065501476
-1941837389
-1986596503
-1231142197
450196617
434239041
163699564
1308669437
1586622394
1903723357
2065310086
-884078362
-1537946196
-1641393059
1653204718
1800222198
1962552640
1015676276
-1527898588
-1970242445
63306255
1502719284
539880994
1028140957
1718646465
-240022957
356955857
-179252206
-943679329
-281040463
1487890622
1329278836
-1791489947
-1058873191
627909645
-1714213304
205380700
-1167984826
-2040638803
1687471136
-1133355096
1893007273
-538922548
-1765004804
-1800963362
785306729
1028259469
621879022
-1281453607
-1041169365
-1728955912
866324220
1717955277
297577747
-1911965646
1009140809
-1187188068
-1147728759
1617194733
-224360842
-1769475480
-232732865
1527199521
446024773
1188104809
-227857037
2044392956
403432319
-161643009
-393805967
-1598758634
-1018809576
-1111761654
983332443
958550504
1064893328
740292217
242521388
-1806050178
1321580955
-240615391
-447216134
1989844331
-1094152445
-1912508465
1302857595
-2007108866
454612429
-1299906144
-1663422775
1330582962
1151156634
-952252529
533201257
-1203813398
-273271984
-46031282
785361801
193230045
1447502585
-402220198
-1756146039
2040252110
-1210956822
1741703241
418964412
-708305791
258459431
40157030
-1830547602
-755458583
-681811962
-1306624641
2017542185
1674186789
-875499759
-546767620
1276610100
607205549
-1991280848
587427379
247238492
-779370552
845136135
-1455021829
-1951558922
1605912129
674779293
2103210879
1899788835
-1230134695
1842778429
-1607574957
-1397700523
1326741503
-1139582047
-422455860
292554770
-320495554
1056389708
286124171
1085915128
-2143087626
-1427894218
251519835
-977325056
-1779937842
-111147602
-830662083
-1751156986
-991275160
-207102084
1123047103
-1537961848
-1370556969
1793926213
1568906132
-1524188499
-1618630323
-309939149
-565703327
-2096694135
-498830312
597735124
-519629612
-1081957217
-1779065649
526582594
-1201861125
840263591
1745018824
-1840028028
-1879107373
2042111888
605930444
1714121780
-1053499618
-1813600569
1533806094
-256930463
734552952
1832299449
-193310376
1250945462
-12898900
138369175
1967568006
121171675
2100389955
506968920
400002104
419205659
-2080849058
1033886211
-1387582
1751318598
1478111429
1186447150
815075687
150726616
-1153249985
1606175425
-1704570425
-537411238
113347363
-1139160321
-383850859
-2090681848
-1382256082
-968842809
-1302012788
2052138163
1192855703
-741836266
-1736024925
1625789672
1808054625
-1152200241
-1671140226
-1255733166
901598191
-1553605698
-1419460056
-855129508
-559234851
-1383793190
-654270721
569622042
-1688066036
-1185124406
1114760687
1398528617
-1539161090
623492522
1700716770
3220564
316542565
-219991282
2071488887
2143151033
1995600374
557609542
-335189775
468733483
1729973633
-456737821
76669809
1675822106
-627502010
340765306
1252459112
-1953645519
1503764352
-460757337
-321596858
1196081407
1868301638
-1775003820
682469239
-1115413287
-1151039341
531403323
551444111
-1062875139
1472394915
54956200
1234037699
-1516253958
1664550272
1463086211
-1528697445
2048292687
-1798076453
-1365137011
-584239387
-1089179566
368609823
-977547543
1764262892
-336822701
405384387
9655518
1340395241
121092609
-432058401
1855957723
-1993738310
1807658507
-1857657854
-686155333
49001169
182603018
-364121022
-1792702903
-525733010
134472093
-1467040365
-1034856443
-449755888
-1632019243
1751279452
1654491176
629327912
-896686380
1874145607
1124211941
468895248
-522005072
-1025365416
-757295887
537399355
646344348
1283933504
97126213
-912941396
-1327098551
2125979123
-694355166
791355819
-1999286903
-2007399304
831142997
-2003797322
-524602571
-1207820033
999829436
13324470
1007242321
-74726088
1141926920
1600992114
4905325
973324002
1382783683
1239155272
321800269
31440801
-1540627052
-902985191
-891245364
951922196
2056942530
1430949509
-1725078531
26997798
77642742
-191057320
-330152558
1539792548
-1254183356
1942876995
-728037503
1421140496
-274007444
1750576334
165459940
1665783988
523957852
-1307945331
169111840
1349946873
1459874040
1083601297
-1191531447
824584952
-1140867810
-1112385247
1234097605
2103990353
-795123484
1828711082
1421150254
1773316412
1245009187
-1919928077
-46526083
-832232483
1014444345
-1408057708
1882203748
815692507
-203612407
866173864
584640506
-886977486
-328559802
-1393759551
-76046435
-1076299448
-1950628367
1001003292
1387320595
798747710
177712927
930885141
231383794
-1214882167
-1306620929
469253596
963865922
1999303872
-403886053
1365328745
-1360339360
265012150
-1420974370
-1993769555
-1262268892
657298123
269609302
353365001
-416286906
-2068025473
-365056967
-248209917
1412865789
1921869383
2087750189
1475725879
-731802904
829584548
1381109315
-49094517
-1694949071
-57472912
72704708
1269959590
2140794607
-868441990
-79517648
-1145580127
7327948
381968981
877672579
-39328769
-1229780505
-1567901331
-763995462
71368410
1484788987
-758688934
189541013
-143272097
973102016
46730616
-849037155
-1333313156
-27492207
-1501386825
-1206933912
1243337943
626466382
1006653614
-2133802214
-1938020095
-688315773
771186422
1444310063
-52813589
-1717099063
-1133065291
-655444360
972880280
42559084
-880000392
-721968285
806555668
1386629454
562682438
1590093439
-737832284
-559315702
-2067411983
-1446379714
1136234814
38820699
1013889455
-278418693
-814931653
-854227777
2124700648
-1506282690
-132741046
37597783
682469201
163077183
1922474664
219138577
-366821320
1429600168
-823199603
689062152
-1838002399
-536911969
1086273257
-673630166
110037650
-1987256829
-363528369
1485258522
873171499
711803892
-522960079
-623058600
481801977
1588213145
1169006158
-1496227425
1664380170
1346301468
1526424679
477185934
-81321404
-932659207
1823823416
-597318774
1073784434
-582429320
53883302
1381051618
-1998106465
-222104201
-1014132428
1566481971
-1199166041
1643991149
181128891
-1288834035
2038957066
513907115
169663834
2080666070
496910595
-868224797
2103594666
1459458286
174138073
1563975662
72087350
-1606861293
1985459316
-6819639
1643243050
1273366791
-162828750
-2019385376
401187913
-1513346449
418680827
-208425329
-755241436
-1612151810
2051639442
347216357
1077894536
1375010514
1368194606
-412141142
615495223
-1045566435
1524321352
-81671261
-291452453
-965063672
129075894
1246752531
-1696127177
-988340525
1458926073
-1566649211
1317013663
1732518976
1705423058
-811129399
-1004194390
1249029425
1524074266
39414331
-355415003
-1117953136
2098444755
-947000502
1241523274
24783982
305804409
1880087864
-507231183
-2136635282
-968954978
992727070
-358508923
58267236
781178037
1321577779
-1423452037
397745208
540084013
2105197644
1514566400
-1975567856
-749643071
-1063735898
-185552079
-1950962770
-1453713650
-654703645
-18311664
-608125931
529631333
-1150928302
1086200691
607539059
1636928994
-1021176973
-746826689
-1668962502
-1185909571
1681030073
-1134780458
-1658207089
126596319
-2035561327
1131138253
491457768
-1807129928
1636023203
1184108770
800265455
220097103
-1510180265
2050624557
-1569213011
-348854374
-383530598
-1328919660
1952436196
-823185393
1330185697
1987575427
373711291
-2017894022
-1443270803
356832221
2078724768
1969523217
474100433
712323629
281516393
42188229
1458304433
-1995227360
1504092348
99921114
-10753077
408316471
-1558377039
-1706913863
-2080196549
-2014548296
-1050260299
892042244
-1325293830
578552037
-577730383
-1652721941
-1154299225
931699312
1209725034
2063718589
659139209
-1134421459
-1704432086
679663042
713862356
121776905
1303623072
-1000325049
-1560684245
1130669626
-1315189756
635820025
297537382
1074226359
-1808896386
-572081546
-1527845228
168899562
1539832520
356960545
554412099
-806952540
242662929
1565792309
-1355201538
-1947167919
889835044
425704220
1348409111
-71246740
2144456905
1613136385
226522277
1391609908
43799915
865041571
1356126672
-1461237088
450405626
-280013204
8395339
1390660751
408890386
1616699330
-1610460894
-1615411389
1833100125
957634716
-1867540043
-492985584
-39429580
2108444759
1878775043
2138197328
-1945876596
460861129
-60358869
97532313
-1158298353
-2136884586
194697520
451658289
-1585538935
-1429983038
772991740
1838848962
210382725
-2039955065
448012711
-1664921527
-1245040329
2030929513
-414609928
1901393236
-1882076516
-1201846906
774899499
558338412
-950593312
1691326002
1439872500
1144579279
-466201089
-783402301
1211550660
1799391586
275295149
-1644837976
-1745556918
-674128411
-1579495302
1322569664
-1461518532
-131108760
-1540500687
1643019753
1301911638
777903101
-80824191
-17177642
69989282
-3322450
1685573343
-1465803227
-1273344006
1536009393
-663167830
-1482437200
1778008523
-640523815
-1353610097
-1654385118
-221704165
356899408
1052490798
-91852339
-1785176628
-598711933
167350525
1212346043
780509985
-2125226403
-577407124
-443569918
233913217
69828534
2097180746
1027577436
-1292760197
-533101555
-1308798873
-1794509066
2085552906
-1603385227
1267586681
-2141749368
1572889
-796880179
-973030589
703565989
-477375160
-928232652
772677619
242290516
-745441040
691476667
937557707
1009234654
-303652764
-1653107365
1053458948
-1534600215
1418087290
-712553176
-583375634
-1113044795
1542325321
834206918
1429062491
1873951493
1645270835
-1366310116
151124798
-1196039599
-1154267355
-2104804793
-1565031282
1239031930
-1545879011
199732178
899605360
-1329857841
-273196564
313578531
48240788
138628270
1695204669
-1502025417
-1772211234
578260829
-951849771
-1779640175
-1787892407
708365082
1908443419
1956245615
-570923000
-1116863120
-1037921317
-1748473793
-385514515
-411320117
668176966
1502706769
-637312754
1978294607
2028206909
814682316
836827557
927828708
-1417396786
-571600922
-579602888
2080033941
-1960236034
-1433667761
-954982407
-366007014
-1186607672
-1453635347
1452348783
2032692403
-811540378
1892799183
1723606356
1504710710
-571701810
568263258
1459254209
870549867
-1851070337
-1072187704
-1879978616
-2098851689
-153954436
1739081427
1185205728
-589429930
89366168
1500818860
-1753662905
-1721181011
-1144545548
-539356366
1961736356
-674358689
-1097241658
-435936416
-93174869
1105896319
-1126731941
-1543771898
-1121386108
-967605178
-449946530
-776134725
-661954385
-1396174042
-1371345062
1996108049
-28729567
-117910753
304596093
587616522
1836654515
-1171675312
355747230
1407217099
-1215811140
797649872
1095627904
1003546255
-676057348
714098622
1745196375
1169636829
-1238821957
-1086174058
66977164
-2143012099
2025846065
-1612237114
2099940029
-80728408
1657010728
-898440320
802129415
-1773908226
-1048856097
-596291631
-1274087545
1946771132
-424729295
851784947
-1754223076
1348277165
1262509558
1044878814
-1686339726
961736801
342892713
1412043300
-127269828
1574733084
-1261657013
-286322178
-111586112
-855618543
-1202449274
1678253985
750553496
-1994025776
-666760684
-1599340074
-3013450
1617900283
-1198414495
-2057606199
-611596632
-1534729152
-1783353489
-77572576
742413340
1825481090
915825913
1069634895
1480978343
1159221081
-1676881957
216236330
-1000264767
2073002428
-1251880272
212517307
469506324
310265597
1346783932
697406805
648778997
1212755444
588246028
456041448
1222409266
-1048970369
826194907
-1422937193
718980621
1757135657
-2047521480
1077334663
-201274488
-961325272
-593124380
-444610054
-1610793245
-757447795
-135339648
1174482587
-2046650525
1848756406
667295975
2031985179
-1919224492
-335116026
-1933106216
1932466684
1594344015
1263853016
-1792035112
-427868245
1036292544
1206454192
-1160581290
786251220
255395234
-464147021
-830494705
-466448654
1042135948
-527540136
-551034956
477995300
-522942991
328930144
-1345528375
-2068683961
1983149475
1555350275
-2129772081
-412217536
625899417
-664094613
-528981851
-1452489319
699894513
-327999131
177247274
998559311
-1288580297
935391061
-345743065
-1714122007
1029573351
1604596075
-968190100
353215948
1186142768
1566137876
1188286520
-694654259
1569838586
1556037554
349826781
-1477364472
52898602
1681029262
-1032550492
1784212975
-1238418908
168350221
-158183187
-1694459483
667952785
219532065
1616249498
175656076
-1024745630
239409666
945244078
966747676
649224979
820974878
-1278302672
1407001846
1614103604
-1990838450
-859995819
-1958352840
-1335659996
-335793335
2140248541
1354936850
-1398928865
-2005906851
483766461
-174735463
-200985477
1444928091
1920413693
1039157723
2065912366
-2066917678
1715666403
721077299
1189019283
467739008
-1866867119
921840605
249882989
-1358236155
-1904277909
-1391313716
-1555641045
1927404762
229230204
170762170
-1726151315
614193536
762146330
391275905
-221476409
-1277835268
404278919
-152411223
2053853380
-1342759550
-207552679
-1146337727
-472293588
1531215983
1644251485
-2136249614
-1731917943
1601137532
-84649031
-668870320
523574760
1369460784
-97964208
-730796941
865870812
299625622
39337065
-779451962
237220039
578537520
1690560146
1975370014
-2146461092
326962219
267993794
1828704782
101491039
971516627
-1101751363
175772281
-13195601
147262024
1998543036
-156458393
-1696682874
1447470706
441657932
638408988
-254203906
-1342415311
-915889802
-1577552026
228681430
471228377
1029018911
-448156873
2099711350
1975642333
-851314254
877213810
1223094576
545869001
1220546299
100817673
809554632
1947662197
767494230
953497159
-1592804043
-823533961
-331508984
-429398678
715328681
911939033
976477932
-1858109068
-1701682737
1142651915
931335505
-2122108862
-104397485
-2008305382
-1238226398
871928029
1287225254
-1698706142
891229000
258611471
1686792450
-1457288703
1825305163
1318926393
-1819691604
701158477
223882303
1762087779
-1758461320
2001074055
-197268515
-808587627
667002258
-426780272
-1906595345
-1332766876
51087226
-1944061605
-782018575
-1858575153
-534378416
1922114787
-1656811275
150872139
-164989615
-886498721
-191531833
-137532389
-745811295
1553762485
1100353872
1479703269
1737227594
-1708252373
1540914751
-446878590
-816682620
-1006715804
-1281421595
680109077
-1262878410
-732980087
-2139603360
1142139742
-1707088195
-606632251
323500539
-1072924848
366288875
-1939987977
410398164
1234149856
-940479151
-1009207133
881801151
1821207839
1566953921
-562133976
-1637145494
-863132790
1968279054
-889587912
1006459585
-716199519
830772501
1681898371
79600020
-1386113867
583449600
2011911861
-1673368714
-602842362
1277897417
1502390947
-212503322
1589145869
84660477
-1571765056
1680867508
949184533
2025906882
606318805
-249925987
291267087
-1847287269
2131772145
-1298700232
-2097647961
-181143447
-1166144355
-452853738
-487250542
-1038048204
-1052970668
-1815339229
-761982423
-1791885525
1515261489
1819010130
-1258372037
2124259433
-664213270
-2100503943
1879808542
-2041487623
437459452
-1627117447
-26175481
-230917988
-462952921
1179983777
1523376283
-599924535
607025949
-91894701
-3235131
117046260
768394101
-396792600
-1957130038
473582355
-708049435
1526788816
1050621081
681429853
-777272400
347075070
-321473177
-678883756
-1906341283
377922178
310305403
-2085532155
-697586519
1105713270
31758150
76415374
-1201662275
-1923344866
1531759798
1538307553
246395299
-1517216693
162458571
784019142
1993738742
-1038639873
757675369
-1079503834
111422937
460780630
1135825776
-979718267
1856566826
-683078749
1547724553
-659653168
-1221054730
-712062247
-1581045693
-880305832
1440174894
-1567638484
1469835997
1240547358
-502411365
-526531081
-786326427
-454559152
1308754191
-549445921
-1351348351
-1639897837
-936680996
1205264441
81209484
1358554499
-1829397878
-319104344
-121913500
-1957443593
1689741763
-403468022
1419004545
-1517973623
-1323591790
1893170581
2095097674
-416613931
1950967756
-796326596
-725773405
1057389311
1258110925
-1576747689
1241099466
-2007747077
1486451560
1755047810
-981792925
924693768
1883401496
-2063579196
-992103216
-302897540
1469621626
1773451507
1474611654
1532961223
-1412030977
-624417961
-740509155
2025994417
-868461860
720812430
-1851318810
248240358
974837830
329752494
370488258
848314803
-1635379493
-1543806800
-927484815
948670994
1264114531
662820363
1621085097
-1647693085
-1080906313
91514271
167135784
1656168828
-774888704
-809780780
-401906420
-886710685
1975099173
-1009362941
2127730274
-196737959
504904062
1093122324
300118780
-7681125
-66602803
1989003367
-1890481786
24182115
2008537709
781511927
-415588645
-2001593420
1469995211
-58654531
252435348
-2045001385
-216111851
-1897670062
-2039234846
-80839136
1287751730
-320844585
1023404701
-32001163
23666417
1539490328
-1077732196
-120703728
211740036
2038878959
-1085216442
928100867
