1157253508
1943364813
2108068126
331100931
281311741
-590944759
-1766290713
-1580048801
361374005
-638361087
-885391245
631385341
526074634
1745525829
-1592736539
-867828341
-664514765
331071520
-380025666
-216074700
390881377
1908447977
-1861889114
-1003013871
-1558853215
1420928920
318673516
-97621025
1387238916
-640237669
1196110155
-1472559374
1345117824
-1525578518
-1549790609
-856547478
-679405032
1614535001
792498358
271884451
1156500539
-853149908
1990225594
1490561265
-1840761495
1208286960
-8736241
-586416755
1106766364
1675366024
-359371063
467257801
364999653
-1871235706
748570432
1847532939
461922516
1261492923
-1477467114
-453255432
-2039585507
-567318768
1421011065
1112122223
1283420919
-565032553
-353753435
2021335992
-1825772345
2078451932
1315707052
964837245
-179874435
-158509695
2024890745
1397638136
-1640488130
-1888431607
860248593
-2091161107
-30173117
-1251769357
-1741295844
-723009829
-2076916224
-1119657462
-1341762908
-974066323
-1022091640
-1285442565
1596491291
1231132982
-1054132177
-114116824
591921314
806109598
-469850256
-862831429
1677194632
-1451433962
227611409
829134077
-1777336560
-125192813
-1785665915
1151622119
1843540343
1763638072
-272349552
-720438535
1720769076
1145596501
288173105
1713566794
208301953
1479987088
681167291
-175748384
-1852410854
-1959846559
-1812750780
290757697
398873412
1832104387
1407310659
-423248055
-481724144
1544536871
-1317404556
-392233922
-65787168
1266165932
-1878797825
-805883359
-63118294
-831262323
-1652290344
-376996538
1500265339
2071101403
-2112651928
-1824050394
66556863
144448107
1983798381
1252738932
-216064577
-1790629359
-1778248162
-791777683
376172010
-12872179
-2034376815
1749586036
548612695
304673733
-322126239
-1915657507
-166750966
-71598668
-272243061
1647524360
-210569611
334693794
80384664
919627954
1350904898
-2062658027
588691969
-816922489
194961487
896055047
-897824306
1210189818
-267768839
-27358760
600228735
-1813546663
-1466717283
1632317573
1786734128
-435052773
-2011511204
-1373522918
-1939323401
2038767996
-679989731
-1052451227
-276367984
314333515
1744690135
-413484309
-235035076
-1609516030
-1002173424
287486752
1903944165
-47811305
1110114208
-1105937967
1493058438
1097318545
422675642
100874724
1562825161
440589021
1673301036
123780164
401465329
-1984521759
149704421
73758998
637901049
1441203025
727697336
1684031536
-1320642307
2016703554
403670366
323069130
-2043791143
-1360712196
1265965249
-1087981450
-456822769
-719692781
-87776393
-711614131
1247899886
-20518984
1733446284
-277125270
1982948079
1257221196
-476737148
1460622748
-1968251039
-2099125963
-405216865
885434710
-295365559
-1702507275
1891877214
-1547776534
441233795
-104786568
2010284102
-776759562
-384367572
-1304608340
-38380829
1979330078
-343612349
-853786537
1959090959
1565566971
1485592717
711854116
2119268467
-1059228590
517608634
-841505538
-986530482
1287200136
-2039859771
1242384032
843608949
-2129654955
1992679584
2093360236
-244212326
-812565320
2133436175
1072319100
1857896656
146418986
-206383405
-1205361673
278348366
1491032342
66066187
-1373841755
1958665586
-288090745
1846802391
-350370876
387970569
353087267
349067326
-25247205
-881276211
-449248169
515622481
-1986992816
1498008622
487657171
-1549255280
944432758
-584737963
-64483271
668264331
-1203797526
-1621920411
1848137232
105300684
943414878
-1508471037
1159514366
1528714228
2112999734
-32431080
-1938244810
1280754979
1036063762
492978133
1512679982
-1404233827
-1072971861
-1031175945
1050077077
-1269412951
-1188126750
-1626579381
171859332
-122314052
-1711852266
596422516
-19078669
414343127
670070453
129531372
1308872046
262056493
1411427093
410477128
-1763391225
1419212295
-1792251772
1647964607
-1271396466
819959788
1551897501
-1466695700
-659530241
1312187900
107114205
-7161646
-1481380037
-1985180772
669519733
1120655137
-1874370821
-1971326121
-1259811999
-1842120009
1283768321
-1850610941
-795511623
832201577
-1747537521
-325523934
1985836614
1838060546
885219356
-1931378037
-1682365097
192192907
1872387397
-1987529910
526834901
1531982540
-653032703
-527223357
1291203989
337015827
-635677159
1189393693
-44175379
-1882356941
-1812685866
1557872604
1410228873
-546826289
-997058821
1366946768
-1128562050
662498264
-632381451
355992621
1849088159
720218195
845352017
1463254523
862124047
1065966175
-1897621139
-436638032
1238321688
-822954890
-98447758
-707047142
-1893448902
735223794
-1718154879
1308877954
410342789
-589045037
-511562709
-1104948722
1510945834
-2064851521
1587551015
-690961305
-1062323121
2089330249
219546942
562550170
-1619912925
-923729547
1295230345
-556894397
-1918834381
-569441669
-941951777
-1632159512
1033741051
305156555
-2144534904
1015156898
-795195714
-1558486959
1575144501
-949614079
432551833
-149091590
1454677300
-619937999
-447355435
1968075381
614522079
-937148328
2091543677
-17167554
-33059755
586501442
1866789936
485698007
-760867988
826541376
1471082296
925077336
550153445
-1134759604
1934459610
1321646634
-136977951
-569340815
-1815105041
1560477455
1402194068
-101142935
649862323
-1811108252
-1101137352
-1646822265
-730175012
-1056978518
1636987971
108659927
-379474706
610340162
469424347
1887889283
1242979789
2130662007
1333969545
-1069305224
-434653805
1157270978
1112743725
-555625656
1225098403
-381293240
-967588303
160318289
1109710334
-984687705
1819524609
881676831
1530590165
181070577
-1708399430
895365646
-1724145314
2102062072
515305505
678964020
1807785450
-162417205
1303705814
602773629
-1056062153
1167155585
-1918892856
-832629994
2093375746
802815540
-992328469
-1821675506
1957527521
-1099890352
662043176
-2106624965
303326542
-566692083
-714984043
607281754
-1791531258
1585788729
732358630
-565524615
452643732
-1695702470
118354978
-1848039015
578715176
-1372411309
-767673959
-1393787762
-1340560468
-1501418202
-1607939820
-1396801238
-340484840
1232200057
-990398130
1093956250
1788109573
810300
246501027
-1309497841
1028204160
1033500618
-1833342457
-1994915680
1939813153
1587481711
-645500103
-1180670098
2121797211
-1659018966
1434333751
-1245999607
-1403113452
1405007283
-2008921100
374851345
-968675209
-1351958849
-100968888
1459010336
2006089481
-299167359
1538045735
-1445189145
-321915142
-144456844
2005582613
1459952022
-1080367939
210747991
1139789529
1717049473
-2090643238
1729898617
-836491152
1499821312
-861363198
804131126
1022896964
1830326166
1786116195
2077405633
-814816355
-1641436332
1614916670
97630755
480965975
2117197951
1922763189
-1453964670
-1892238891
-1321659024
1416239081
312658086
-371472075
-1229971013
-1842157244
1883832761
-691182908
-616071277
-1374749934
-593066931
103573684
-315281556
-1088128426
-1225552221
505602828
-2138918430
-1416855077
-1199477462
-801096225
1462123481
1763091849
-2137373371
1553905344
1463322852
-647405831
-531871663
-420631179
-2100629526
-438030518
-343502106
2063846377
-1493721593
-1600026059
-829539236
-514377369
486546351
-549200290
1916164752
1323912453
-1897103335
320491245
-290587161
588673885
1801451226
-169938339
-933009006
-812500093
-1468171313
-199644525
-1800664045
1860353842
-570298048
1531963954
1356135424
-1557276088
963048513
467335981
-700973817
-44178060
-1640754341
432249501
355291441
986376237
-1898296468
1587215827
1332927082
686847461
-1982861621
490116273
1562726464
1921493630
157375151
280304949
368086507
853539324
-1660084528
-678896554
2129149069
315148156
-678921394
447483923
483024314
1091106661
1727224018
-2048790840
1182890553
-1635716900
1536237298
1362610114
349468940
1994834557
-959574822
-1289807594
1586389677
-1848418745
-1095829465
1857203886
1682478234
-137158441
-616327658
-1874452828
2024155411
-1818552360
1116844765
-1669318958
695703330
-1280853063
-1108214952
557199273
-1876308261
597758113
2017279208
-196691903
1549030885
439050911
1622359960
152121266
-2039601096
-24440538
-1586323840
-1038704735
183066919
888479159
-1544863122
-149468131
-2089684831
-942837280
673931970
-1713836885
1561059507
850333796
-2021576551
1374610079
-91099312
-1993759301
1172934700
-2086731603
-2082635692
568535996
711361658
-997017665
-286446650
1048810648
-1428279003
-1683112696
-101749667
1958457610
651007641
-1117749928
392901189
-199768628
858287219
-2074218063
-2129109470
-362707892
-1150173665
-989746917
-829003691
-195274081
2125409731
-248767564
458209405
-1511895371
479396187
-802645238
1320972608
571922638
-1906876892
1670476717
-736119734
-1916243667
965170750
1415320574
-1761172843
-495926006
1603841164
-343913395
-1870619413
-1966160180
1040413406
-179635165
2054981800
-367719049
-575478190
1587396827
1127161028
-547735709
410856950
358775159
-970818799
-677362642
1711660978
43168688
-741369408
-1667032589
1497984869
1906333262
530989353
-991057477
-1957827507
403578042
-1083137590
767059763
-799559509
903591889
978044560
-536148065
-1178146906
223520762
-113350827
197573646
1772948847
-1543625606
1141628842
-1411556657
-596128347
1617536006
-629584427
-229823453
-352263173
2112281241
-115925475
-1077916109
707322648
1649754247
16877124
1428808772
1595737534
-554535214
-1607551660
-1129675480
-825856467
500964540
-737559650
1839766775
769882057
392227485
1317367551
-1247758849
1009909498
-1647827466
113430373
-285418248
438027091
1762902725
907718545
2021758075
-1950070794
-1347238374
-653089251
1439828917
-1603676619
979287530
1841400513
-76247977
-2147383684
163078690
111674321
-774155312
2098230127
1894036223
-1773803511
-1299887170
1682078543
1789733020
1291679885
-74623583
1885418401
733661132
-60704982
-1204412975
1045689105
-441634775
824007905
-479483470
-1275325037
21755756
1534342310
-2095901403
-2075205942
186770943
909696612
-1953221823
-180314451
985065680
825048645
1502611010
-819266456
177654888
107224111
-2022554943
328371071
1134564667
-1499547759
-725921243
-791802055
972523841
654922590
1354991705
1398018107
-1431159099
1868955225
-1987084098
714713202
-1475263364
-1293608045
-598157725
817342774
-1673054504
-1545638095
1609411443
-1615233109
-2123278690
1000190835
473740270
2144041835
-1242368842
-2020214287
898283420
-2068554911
402343745
1699175718
1747566397
291521783
1860893680
1633732146
710500613
1006733683
1322261395
107465435
947576902
-1498554978
377754352
115402708
1530598511
94693286
90240214
-1756718270
989809460
-1747499195
-1757394575
-2125388933
-553543154
1712552993
-574161186
-2085034480
-1940106522
867192438
-1037611263
1037681421
-1861513204
-287138319
1673178774
-2107254657
-874050707
-1989756193
-480044666
-1881507275
-1811565307
1107537286
717508731
1839358411
-752894830
-17756205
-967124042
-404989212
2124087945
-1097966283
-209721569
959049654
356066381
-781919033
482757533
102619594
-753035362
1683720628
1225677224
-1994769660
240486735
1586929110
1903376667
-1679105311
-1166904517
569549472
1359868494
510141440
-1251762823
-509268930
1823962212
1127415267
-104202546
-292838662
-1179374368
-983326986
-1765461917
508739297
902366334
1880064719
-1041274697
-936928858
-891103936
-1289965386
422162902
1364032197
695643590
69983848
1178128075
-335429141
-1605208606
1186691864
1900446802
-1647733868
-201668501
2017584822
6437074
1708862454
2083264081
-199403150
-195616887
453966877
1491232498
605831043
635265800
1625486678
-223589973
-1253503709
-863042846
-1763924271
-1723675472
164679390
442521760
2067599745
1755942176
-1064568308
-1914210313
465786439
1974940755
-1390067300
-1698898372
-1150705074
1570422
1767011090
-856480489
1289354680
1054926426
-330326062
-229987209
-1391533959
-1763429752
34412190
-1532923963
-1301433981
1147379608
-2088439460
-865174949
-1729653725
-306195518
1303722780
186363703
630138794
932726709
-519572902
453498859
-1042801329
1706619047
-1883083905
-249155880
-1566586796
-999295059
866768813
433051803
258739302
79106636
-1851591748
1789853894
-314552759
-1203679153
703538046
-1376612910
-1807856972
-1707642150
84507978
-1972068268
-1706887303
-1954930498
-1404401224
1080906095
-317861143
-287142897
-2103329880
770598025
1183008117
141516020
-115350391
-1191452607
-1954481768
-489359939
83765463
-1310670176
-70955532
382035002
-310298395
1855865998
-1646705221
1068864586
667996636
1799839878
117349200
1747621810
-237516029
-1174302579
1796856109
-856484049
-1547619520
-880871585
-844456698
-530693939
-169131298
1431660780
-1453168338
-440219783
2003903888
1238959618
-2113099718
398313429
603513013
-598188214
-1971271965
1773839947
-293414436
-2013047944
-259946448
1154628196
1993130379
-1901781826
-117770284
1646320474
1068623420
-1444068991
37920468
781722091
722416551
-309699506
-971776403
524972912
-883858874
-2062225649
-63138509
-2038715859
406330134
-302533255
1468822141
-492605719
465638298
510012104
-220488704
776148929
1507485220
1044985518
-1172076103
1664753721
-1448367529
-384486008
1710177296
2069991059
1446613479
-1896099886
-602525638
-1679304093
236981666
1545557213
2047325918
2121017443
458964660
-460026690
421695739
1534128003
-1126713306
-1084541559
-823199992
-1297392828
1074189479
-1203462209
802123356
3538758
-1724111729
-2075976188
-2061561648
1057140767
-228247520
336870421
771369634
-1571777171
-1191359986
434303224
-1638378853
514378030
-1573745087
-425836428
-521314188
-1338697650
1867196632
-292290621
-2017925770
493467777
-1061940879
-2119782010
-612234401
-1422653614
1275356839
1030794488
1173880204
-1871862148
1692661211
-1776941978
856506452
1114933624
309066551
1487527646
1856412337
431867991
1048927728
119748902
-1440975323
-2076029999
-885527350
1562919407
-745023270
-1845385571
655515361
-1648966326
507665931
1053339650
-32826203
-1625072805
-2016227165
1764668333
-877259482
-61845941
-1267315677
-225097019
-827579503
-1432851581
-1347418168
1814311484
1606732025
855192598
1841836012
-360992152
847986267
1707810942
1610903980
-496145455
56894171
-99751030
-2073355062
632593740
-1284945324
-1086711657
-1434714155
1688483656
-1907003377
-370661123
794321543
-1034792857
1009897937
1404122316
-679099795
-1590833328
-1156319462
-55321928
822949325
2137284035
1029318828
-1536967855
-1200383805
-2108950291
1119444042
1190720374
-467343188
-1083919619
240621761
-935835125
-290491960
-843286026
1448744491
446956777
1322365722
751302598
-771842446
-21980906
-14148461
1667293080
114029075
-1214797259
611715951
-1010090906
1272788260
773262656
190294237
-1247243055
-1744263017
1141949043
-2099212571
-1915160524
81933248
568072843
327505798
-206092042
1906213396
107445040
-1494451682
-870361057
-706496206
1364031151
-1205527794
-1568561619
1507920679
-1057543445
-897011299
-1473127128
1859561709
303111061
-1971935204
257578996
-305407691
-1607009382
-597206453
-1026536731
-1177995418
1561205213
516298235
464085400
-741777692
1649239334
-942145036
573367808
150111893
-1213383847
1022365464
1590150335
-70266720
1051228138
-1852942392
306971318
-680963465
1721464208
-1106538107
-2143717409
1535514903
-1687881928
-1537772326
-2091457703
-2074890866
-898094020
-530890886
-104878908
-110961219
-846314540
1191163044
1392240334
-660484769
-1441184820
484982734
637363982
-973630647
-125757833
1525357953
-1221196016
1470490355
961479651
-731337086
-1649909072
-1227251146
-1610937779
824334642
-1307203669
1394285399
-565065257
2069077303
1786792562
-757359805
-1482623113
2044083546
258257986
2070770716
323193650
1195680690
-2071576976
1669889012
1241914762
278651906
-297791735
760541143
1148135477
-1039073185
1664002714
1276314382
142482959
-1377610730
1107316555
236297890
925863504
288377035
696741170
-1708452577
-1270626559
1416280549
118214629
-1611215207
1487448747
844802601
428625233
-1049939725
2025762130
-1481625691
560729545
1489193054
1320955041
-394348082
-2010922655
-1773145056
1039243110
916723180
-62892419
1818532758
1222907967
-1770990154
-2139224668
166440827
-782518379
740162616
174573209
-303334550
-639817526
-822733572
-1563393364
-607646815
47625902
-992601751
972855373
563555079
-1773468874
-200488859
-1884847135
-207110800
1245417071
1625642050
1165672920
-626132450
1337997487
-644576554
1581792767
-652588406
-1713884146
84794347
-1901337582
-2009542300
-2032920300
28828122
836576661
-887890471
-1191177549
-1504817039
-659388189
603180819
-1708108425
-1279693283
-26831482
1308306437
-515811845
-1467909307
-942755383
-1895435416
1270903454
-536433677
-206977652
-1562417152
1611203703
-1895000135
-2034911658
139582755
1886194565
2125611986
-778563408
2127054715
-1379931605
-52548730
1385657008
1349621258
34399194
-675812653
-1628927021
-2058217618
-1029025009
-952144055
-131414512
-1079021722
1450560128
-290729163
-673321943
2114445460
1897174417
221923073
2103140675
177073796
-237548531
498576602
812826041
-131228692
865496337
-74069357
1282598188
-1313814219
1170814283
-972606007
1919281630
351041337
762782820
598433350
920080704
574157390
-1313348166
-570008918
-723415607
2081630595
310153298
295066440
-1900494328
1541781033
1150841357
269674317
1756766460
333207444
1252973080
478169127
1749581731
-1970477277
319723177
243517219
-647762992
-261289860
-304408089
1108058456
-866952127
1622940188
1886288425
-1138240061
-798175760
335358478
568246627
1008677299
1197040297
697627386
-62636068
-895598745
-1113041700
81536353
-33171932
-426509580
-914565964
2016837926
1095461445
2049601900
-1533795737
-222067889
1426455608
2022157884
1021475279
323333132
-1778381414
954571478
-740646086
556376313
-1369419617
190166159
-1856160387
996585376
171168326
-110117687
428479823
-1870236607
1194595278
1735968596
1031740883
-1279678252
1884342120
998394641
464903798
1824284750
701244461
366418136
1583966715
61616675
-63699630
-351904613
-92523821
-1692984820
1248938137
1111166155
-1326034767
1102188554
-2067128310
1821404154
1168771934
-560816983
525028067
301629633
-1743405367
1454828937
819423692
1751361507
-1653117855
1834757657
1482351182
-1341217614
1165462951
307964070
982910342
660526001
185990142
2126476180
869690901
1981703034
-488832571
-1739739414
-2129409702
-1619740703
990636199
1290901011
1785954275
1211980634
1269537073
-1487607326
-780537569
-1617812841
1217732516
1114404566
-697878951
1868654197
2140875276
-86459489
766025953
-451708904
-1232809072
-1899236384
-953718901
-53431468
2023313676
-1879078090
-657442979
1194054478
-2023664932
727661689
1798740867
118123875
2000433146
-407871167
-1645055866
-1897941433
599010891
1809855915
-662382915
-554961551
710835253
1997280349
-1753917437
74795702
-490164364
-1811747130
53425321
-1307268556
1337908526
1479509418
-1171125330
897331825
-1756192956
-1899026979
1638421037
-305512253
-1933796630
-179245746
-1985393130
-120657935
1991728249
-789193657
345212960
467643674
1200331907
-662030606
-1505236738
1076866773
250823208
-1550517474
668792272
-513762663
981055143
48393795
1508171740
-647818145
-1001038281
-1860499517
-371696771
1023636613
1411336727
761805682
-505187749
-622198795
2106292196
1916594264
1685112027
564395654
949301802
527396789
-106762535
448615329
-1179097540
-1523599292
-1145896044
256408871
1628046151
-716987964
321279209
-1213391726
1234089637
1301851315
-1807943228
1534291546
1750112622
-1964909988
-1088567341
1883591577
1235854165
400886036
-1420053381
1875104241
-1941834064
-561295168
12308751
1012542893
-912369192
-553901159
2044876351
1680212518
-854822478
658716467
-1392479538
1620966503
-1065381491
-1082295878
302240135
1514516
1556755503
-880175233
-2140927375
-35479929
-1932692950
-1745038158
1740206913
1555888187
1123617139
-588955791
1225523983
-269975443
1124846132
-1309770239
-629129907
399815424
816676064
2098117978
1593006068
-1445122912
2071500168
1396016104
645337343
1169802538
-2086975379
-1714525041
-1498355940
-1595184053
614257621
1149636080
-634934879
386378855
1598886690
1558155754
-2033871940
-1082198085
498183967
-317865629
226780910
1956127685
-1792704611
1164609608
-1969473350
1310570210
18084414
-2146159151
1575282585
-1428165575
-855405936
1088945417
-375035088
-1191669289
-1807757475
-578455155
571175876
-1679022821
27539776
1098857619
-868676371
-1684680364
-938543493
848864814
1618818953
-712887128
-316958712
-1070494001
-215503117
-2043211977
288553965
470058255
1370967413
1461993599
1929316564
1365549995
1512424442
48019201
640028378
125060046
520788232
-906217947
1864032678
-224522346
-2005228820
2047415898
-586416194
-701613872
505966902
1794073473
-1865589995
8509446
-2036508313
-1180369525
-113404185
1327413180
11148008
-312696992
341888713
-731508747
-626438594
178778114
897071867
-1028065796
1310528380
726073842
1023362560
-519207840
-2133543944
-194648878
-1125390480
1600126783
106834753
-1913705141
1796823052
-967083833
-1873622192
111449904
-1834913005
424262138
2035118076
-1206049309
-1940236077
1007842224
541849011
1171941111
468919938
-1257374750
941942631
563919638
1803802446
-470803675
198547397
523815205
538026674
2018750067
-2080630356
28213157
399141898
196616497
1729350620
476334172
332339049
1078854508
-1002279954
477057588
881711018
671105126
-756095869
-386132638
1982515652
1107016017
1597655744
-981961270
-2088341149
1489979482
1611054841
-1638717535
1465313971
-2074447896
-977328981
-1338361260
1690428798
-1721681371
1556997552
-1275269720
-516768392
956304572
-1562364755
-187484895
1493779417
1419932900
1039565518
1712295336
-579662292
1942761374
-417719115
107350375
-863347097
-130813382
-879025489
-599935497
-1024264134
1722005278
-700887000
909099197
-1864468565
-938831158
-523418015
-550896240
-924386078
845698326
1445940831
-991906913
1992835393
-1527022914
1450427942
1939199122
-605263433
-1835125984
2086972711
1912209902
1766009430
-1329103293
631440374
1162740925
372182818
628205339
-1101925569
-281961619
1153302059
-1166565878
1759047162
1710670328
-1994438947
-703662166
963199709
-1675700155
1721422485
639407049
-1496919790
-2045162803
-1133360520
-75616076
1033557034
1957798273
-1706146176
-1824297288
-1131218096
2031425771
1130813911
309659621
-1526841407
724969875
-1699213209
-575586283
-792973701
-2032754269
780677553
-1798254292
-1972725452
-51956530
-678503202
876074912
-217521523
-931813780
-311864813
1437238075
-1610131065
-296685079
-1879474935
-373977057
1898731573
-1893919392
1762825436
-180958197
-1105192525
-1022991742
-1666226910
1418865627
1930132310
-1629587012
-1122266050
1944335701
1103437092
845894553
1966766838
-1991589598
617321862
-648872860
-89431741
-1469490919
2046995516
-1852512751
355742824
-52513085
-1877684080
-835980196
-841414074
1622484507
-1313259826
1753392946
1738016237
607113365
1228048626
-1978333360
-1289326218
1106457697
1533048483
791820586
-947576561
-173585424
1073442912
-427173363
-1475382442
269887926
-2093028872
-1118860409
-150371605
-894301134
1470857279
-1887350522
-421044928
-509989333
-203375106
-847010882
-1513073998
2128992059
-468075477
-300916528
1266594781
-395218799
1742147929
1403254184
1120768043
-756964879
-839662479
694578854
1934313902
-447956225
-1156958558
1262767103
1564545584
154856637
-353814378
2042970341
-1995659897
246552402
1294515941
309149926
1252709676
1812606989
166783438
458653585
-249120498
831751080
-1375906780
1517897310
545954212
-370648880
1326570885
1224787151
-1188239551
358069988
1001743314
928661202
1376047787
1097815293
-1118167078
-912376471
-1034462483
-1182337746
-1839031976
-607541876
1791419499
1116712972
955082271
-1003038387
467447095
-678562704
-1958664045
522536765
1908716195
-2058535045
-564821669
-1038087154
-412492777
793301209
294447188
-357767
2007596836
-1783308470
1199481032
2366817
1865584856
-1991765666
1106197727
-192788424
-1240065965
-48415105
973694037
1913850274
-900483430
100777012
550490732
9385047
1845909419
-1056654429
1172094756
643756621
-1987944240
1163950936
-1290655830
917558805
1693970488
-400666300
237087245
161881733
1799422403
778227975
1812588599
-2138238826
2041351452
1449103985
1376953882
1682738064
68481292
-1564713914
-1297082583
1219640164
1252081677
-652101823
1313410825
-830010024
-1669971426
917187931
-1218246264
-429667607
1368735701
-1935165108
-1166918195
-1048969492
1131670202
426977873
-222613295
2049149173
683275985
-593788880
2056682253
1582138109
977680760
-1221491847
1832826229
1073306942
-412720781
1096031757
375112100
2119783521
1783209029
1090140132
1593696599
985376219
-1519928127
-2080957430
737038623
-1580587372
-1944340769
879864297
-849192366
-2116411447
1028228307
-1010379058
1601769538
-597518798
64276827
810828709
-1933890383
1768775526
1462682456
-1355814137
-1151877245
1916381566
999777952
-543282314
1917822389
848091385
-1625903598
1667740135
275577742
1889067231
1928362730
-1991964544
-1828520429
-265455320
-895052459
766365089
-1455026241
828102493
-1899912633
-558508248
567465075
-754266753
-1143790964
-108870159
-1913218901
1634956072
1924124445
-142029413
-524650510
492616944
-1627199820
-1889160047
-1445595497
-714168814
-766492510
85807176
499450529
-1789145010
1552169184
-404028987
1602785279
824884752
898484579
756020834
-447200253
1809189585
376464563
-1086443312
2063524881
705512892
553674174
633118303
1778547603
844518037
-1252644631
1163967612
-61575889
-177638186
-265215385
-1539403141
-1588272324
-1432327910
-1220180530
1069024151
-373795983
1190342846
-184266009
1738587446
-1131083297
-276597819
-1911104571
817644912
835317537
492936444
-591128552
-1322258990
1934556625
-1253764002
-620275262
584756830
-1424811203
2107849657
814036650
1176579286
219301722
640094609
-1090208816
-2082704327
1753896952
658873923
65027490
-1426186099
-1226591434
768184173
1212307853
375718623
-297353927
1056089485
-1975976746
629768584
-131207912
-596912153
-1091468119
1599682737
1288682778
-433761620
1477331826
906862360
171633187
-380783784
876033899
490844947
-860703126
-1183307941
-1962140043
-1522076715
1820337007
1102270715
1069093676
1207577327
-1622649044
959387256
-254152907
-128136678
1330094218
5095280
1230745305
-817897165
-53227754
836699269
-1981845033
412741766
1434440180
520746300
369898869
-823059634
862310931
1431623720
1920572376
1087864444
-1111737439
-1282905785
-1884334955
940552119
1831692993
1444813483
1381628551
-825513820
967896955
-1933624484
-376472862
-36134298
1612750068
39135356
-284534392
1789830504
-1699555362
-1769411412
1407477402
-1367158439
-1406740431
210956718
1674492242
333947256
17224218
2116134987
1783497744
-8998639
1747925556
1814579831
-832596558
95667270
1795791093
-1328211022
1784454184
1024530706
1104978282
-2147431504
-180978618
318325899
1484422950
-195109061
142627548
-1102897050
-1632530569
1775321944
-1989741821
213421248
-1250756133
-2034274647
1794766265
1956710939
1625676722
1769190673
725462704
47017894
1742011188
-376983139
1806113378
1907507648
1297102244
1519577761
1176508776
-1292735298
-1455809339
987567138
-1027371764
-1030461460
-1827833971
-653814669
761669916
1178076370
-827483624
1152921378
637144833
1396928183
-1596995361
-91686380
-1591179761
-1855840662
1052449577
958398702
-1201773283
-1558657473
1191153857
-23905610
121438552
1759345240
496783080
1751365050
1630189140
-195847899
555235469
-811262544
836459363
1027553325
-1500555845
479526942
-1067828694
1220286733
1676328530
-1288211717
-2103158160
562064065
1084226553
734331286
-2122631367
-306980062
2041583442
269484983
-1778044653
-1872249681
476955760
-1060781309
-1101901393
-1840954225
1209361029
-992865628
1748055218
-1026349866
-1883716897
1349664041
-64411187
-503052537
-1750340843
586050730
304866315
752069337
1925138045
-1346440913
266488425
1741729086
-681116960
1146423633
-761446997
-1009960032
2058769520
-988475103
-567515283
198260589
1645313274
478821193
325740151
67931605
-337186217
1572485233
2121198677
-667891758
2128965672
1476489444
-2108907481
1216681576
87703745
1179038834
-1068901707
-797417682
-1850791579
-689994601
534810566
-341242612
910058932
-479437604
1958934705
-1886213819
1378248289
1384553853
1575474228
-728923977
-2014427353
781188171
628772740
281860449
1835479037
-2020761645
45542564
-2016642010
-1614408313
670517440
360708602
-2140760368
-1481339696
268774781
-1928761570
-1881720234
1810802230
-2037552098
-2136653067
813889889
1877935013
-198429056
1085705982
346712844
-695624185
-1417667410
258151403
-678652437
-647434757
-638183034
-637537421
-954824881
-714576956
-1506327140
1588573030
224303815
469932675
-1509665699
578084353
-670157336
-893906264
1667841911
1281217411
-1799029679
230178726
1391838328
1201905919
-1867726871
1919665382
-129132363
1910435956
1596305770
-2079605251
-1104316564
-518822374
1139184931
-2022683104
1496346156
-662503682
1617231865
787755735
728959861
138429648
-1089085266
-487436816
-1326951526
2072996603
961993061
1245534902
1259249646
-1030510346
315960677
390152802
-51327969
-1647876646
2001684253
1971373010
-1606265380
1116932403
-1982195097
1863934584
-2010426690
1363117338
-1482430704
505598100
1078157412
851373443
-406708328
-916567899
1552478944
-778653486
-969902027
704481820
68461905
1373390260
-1778163171
9465171
-903974704
2045665836
-1640990971
-56409412
1910828431
631377900
963877092
1820815709
-1335557569
826028518
-1929393668
-2073884549
-724392526
1845841697
1192689946
-1808058219
1286182594
550418128
-1231782373
-1216813164
876031600
1352487327
-1826004302
1420153919
-286478257
1780462672
600019817
-854328076
500940067
-388348026
-2121063195
-1727513196
481610692
1515034849
1923275117
-1994630977
-2135307192
117975370
1933341357
1075568705
1469405536
1255558287
-1181099082
618836171
673782786
1834479153
1206939464
-251988763
-211008184
-127053956
-34349485
-1172053213
-1046658409
-949415208
1354922683
1909042070
647499779
-1710806945
654633563
-1727379323
-1185624846
-301109329
-618166707
-1989532067
-995592449
1802773248
-1489769881
-1659447579
-1533284576
-968794248
-1858766585
-1799011403
-498356982
-1339793731
746313491
1746670568
1652868307
798111180
1203414075
-1083033328
-142990631
1810836745
-1976175743
1706350442
-1774771742
57476502
1998538746
1053228370
-215818364
821542887
-1237378603
-1662984712
-1606815033
470792086
-2008864868
94077780
433744136
1795762291
600446906
-1599001769
-967299809
-1223266081
1388916284
642368610
2001616068
-2113690279
-26141989
1680751867
-872198098
1289701721
-1501355206
2142542526
545183740
104153436
-933745301
1356991632
-682265256
591286848
2112843447
1633643547
-2097000359
-625491503
-1502428514
-1028660619
555020457
2000415907
-2080707044
-1981766622
-2083423129
-80878303
910054189
-152831940
-1738833586
383217638
-344401773
1111031536
1046588438
192541003
545524182
-1885017300
1422070298
-1459085248
855815052
1608098710
-888344262
1497862751
-1124892710
137428671
1815742978
-1351191234
1412585274
-1503457640
-1844774901
1484982532
44599678
-644796636
-2082394975
-2102939586
157811476
1499909231
1450995622
-317216525
-1309797750
-1699998786
1033177781
647348981
1234076244
-843709433
1397424778
93300601
466619085
434278819
1980039840
-621967895
-712023941
1896272193
2044714779
594491897
743334551
1235246621
561631464
-1217577224
-1217843765
234516338
552783906
1868891240
1682118461
-594915027
2007871671
2048751568
-551955509
164508642
938730827
-525740081
1078808472
-1724610557
156765275
-362929036
-1647380025
-129935281
1641130917
-802570035
575899782
-1064675449
1280228807
-654173763
-1676773042
695833959
807269926
156263954
862900584
1565658836
626974481
-755837993
197714610
-990868143
366163493
194164453
-598665053
-160003657
-113300750
286690496
1132990859
-1682700763
-1891867682
-1190139489
1652066335
-385838284
-667030199
225616588
-1540632267
461567087
1791063794
535022126
-255725109
-1578493950
1787593624
1791250211
-1494838963
-1282320976
345665252
1694783635
-768848874
188033290
1565158789
-1995854782
896281143
-1963140387
1168829340
415545188
-304136584
-1024406037
850521435
917834870
-91967077
-1606655266
2080921064
1717004875
-1547256345
504735609
-2113390458
1803853924
762666724
1209287952
837588982
-1595284347
22395234
-1939578310
-432850917
-549950076
1995538368
-1982239804
-568891940
-1439471773
-431892886
-1380976408
337041741
-1683975007
-226132829
101531326
1725961745
-1886310196
424295812
1279117041
-736367111
1589504090
-72487613
-342073930
-679867920
-2079721031
2103146168
2066049786
-461202149
-1091644507
1779219741
-11916582
-718428612
248693944
-1885186539
1255831896
476210007
-2006806457
476995567
-535616182
-2004362345
-550568853
392165419
-515244395
-2122734735
-1202934436
915478076
-2104487013
1824669449
935715334
2022755983
1177932273
1697564373
-812456491
1105215947
1420033621
-1109020032
1288129491
1790491738
-541607970
124055056
-202422539
1972750888
-1711342987
208248138
1098494897
-312065366
1846957187
-1341771436
2076223188
-957116126
1497351148
-749620068
-1425304175
876526880
1364586043
-1436192520
235104988
109508427
-1598150627
-871607281
-1614668296
-324686239
103743507
265926134
1965858383
1000894588
21512291
563308061
1658792065
-1353638762
324312143
-650829204
-1595844418
-1549195186
-597918583
-1835934552
-1361539496
-1470300693
322215653
1090089499
398750867
912307873
-1968538288
143636852
2025505983
-2135968493
563851264
443288299
1205114249
1443685401
1860484844
677815976
-925840499
1539415490
-1209592194
1676385637
-1189839058
1555398300
-1070787705
-427745455
-303338583
1293527346
-307340685
86594871
595049320
226901461
916843965
933636063
-505297516
17894047
655275940
1546099124
-833777427
-1932478540
-873301217
-1923901785
790966237
1957688267
1963089933
-165650862
1822706121
1705534700
1890553520
-353833889
142763434
-2135596677
1332579932
-1816853718
-547436068
1347073396
-282109077
119848100
-1922431691
-1407453193
-607426445
1644807547
-487164583
-523946745
855768762
464954999
1717198413
850259854
-1499155990
615432231
-1272748215
25935780
-736830720
-1159209796
-29060911
1819939088
-1858449782
-428311500
602208262
569427470
326287889
1100758714
-1626932423
-885276078
-1207069485
-1448472244
1755616192
1286709836
1861152693
1110311070
-1604912883
1929913006
1110470775
2048054845
929882363
-284623830
-1874537431
-1830427657
-1447825045
198326144
1552372957
906076538
1433351951
-184992329
-1552503139
-2129526725
-1052920443
-912774998
526843807
1563400601
-548313945
62986181
259323830
134028097
-2105004255
-783577840
-1070068980
923047379
-117586365
128718445
593009678
-783773243
1640390423
281462557
1007308966
-1411969400
1978641590
-21936760
-1984297297
845860840
1357294551
1482780989
-1690166363
1057594808
1328944040
-443423434
988740508
1364482477
1970962400
83221089
164178803
-1305997430
1772529685
-244699557
909722185
410870653
-545048502
-781610370
1114474030
-77200695
1140530891
-874109155
-2127552483
-1461847388
1518232381
1997211405
928521002
1679890785
-1580016912
1552713576
-873553161
-2037203502
-2092216712
-1672073331
1959081324
-699877145
768795771
-976114326
-1613710426
-751819366
1187243467
837962237
1986575920
-1714595057
1516121782
-1595629033
768157808
-2029626122
-836574819
-973428894
187191139
91844147
2107649731
795356582
-1466290292
-1059608127
-1483651738
-2048620473
-300607959
-254425645
1122222611
780794897
-1770313304
-238852805
-1435161034
-1617688264
-288389800
117152527
275801328
858378649
-1393238941
-513309559
-1336151763
1920081734
1589565436
1953897775
-295192332
-83701951
-1728142124
1148891443
-1130788351
-1986681722
-70884399
-862612964
-799188080
-351746226
-1935248895
-429854299
-1778951813
-1471056750
1013103564
1825965796
-526185337
124494285
-1966239895
880599470
655111161
1253677318
-1269259629
389779513
-1853676432
234017037
818167675
1346337539
857194478
-604928508
1147129088
-154789133
-974955721
-6105567
751707677
-1422365251
242951262
-1940560207
-361532254
-1017197430
1477041820
1390335327
-1478917338
-1767307049
321455971
567310773
1404222011
1155593116
-1568753486
997735139
-1477231389
509326001
2057755818
1425178047
-1006970813
119572589
1950582369
-228692211
-666781034
-54398576
544834550
1301687807
-2103106205
-1424999070
115047910
-1428120834
848334578
1956316187
1897346972
-1708470614
-1089280260
-479649915
568182094
-273449696
-1112083807
1654983135
1924713222
-1930245766
-890178658
-713701627
-1794369282
1982680475
-211611970
-400901171
1722038577
1120492075
-1688394351
1222842290
-1759002066
308916960
1729369947
-1526745929
-87391442
-1220457729
-1118331569
-877096571
1694424425
1531430434
-145934852
-1753396778
1691541156
841924923
1294586887
-1311100650
-1318326002
-1183569960
692798490
1540485959
149763148
183376296
195919388
-1581916124
339858386
284238909
1321686434
-1231731575
-2147094924
905565459
1604140452
838759953
-1419910340
-254875696
-1131408525
156398848
-365619331
1369543885
-329702166
-157923229
-1906669016
956679124
-1476139548
-1883539338
2072168541
-285989077
1791559917
1024150341
-1969481915
1923384017
951447355
167159701
442165022
-1540447225
-1673092129
-1555643901
-625876073
-1429943023
-87566793
-959907730
-1203096227
239245629
-2101770330
-1521320046
826657013
2096602404
633495687
-694237452
-958484788
1195722543
-2075205538
961918725
2098456716
505136221
452386128
-1900728958
-876267600
2144988482
-998832428
-1825874919
1084539226
-1529839790
364076971
1776676177
-1602315421
1508451935
-955063539
859050922
902010547
-2131355041
1188284708
-1026038013
1531304659
1530353011
1710956221
1984279612
971712192
267298340
2088346684
-644472037
939641601
1319903727
1011558353
-153463181
774025467
2140191747
99929832
349137538
425460612
-1285749688
-300285210
836826523
-1979364171
-1107406173
-1155074799
1967156996
1666653444
1756160632
512421327
198287393
-554856559
147956336
-303310062
-1073052719
33439679
-1626162053
2036322834
82262039
1837073414
-900589032
-1823442883
-84351492
1745355271
-1252431661
-260602005
631292852
1024126944
-677158129
564322646
1945539839
847681217
308961541
820110921
-286503470
-645928257
-819956212
2007302934
-1288258762
-402699289
1005952538
1584638540
-476227986
-101727082
1247068042
-1603523415
1708238431
-92055289
1653114143
1476666573
-1827613908
-690734035
-750431160
1857514033
-2066198496
-844890685
1541792677
566148950
1730199505
-459864672
284964297
-1178161343
-1155500415
39579727
-1934558143
-1775088091
-641122617
-65822497
1804052181
2096943458
1380664430
-1270342666
-1833065715
