499536247
1983224526
610056874
1912146675
-625906083
987895298
1870104135
410405934
-500960563
-1686484043
2033380094
-1153869209
-194068830
-555835365
1971107053
951242241
109263250
162194676
1612784452
-1378697931
-7951893
-70779851
-1826848744
-1801528998
-1883782530
-1566408474
-1379016329
615947366
2001378267
-1700226483
1080846267
-139572556
-579957570
-1607508660
1935772963
577883399
1660196296
1728208903
557865631
-395532594
1346655345
-823761975
-314927638
1698991273
-1229409987
209860904
1953643742
1254645547
693943597
-1079033242
261546499
1653444065
328495736
879048730
-920404376
1909597843
-456897414
948638734
1552714934
2061112521
-1312429332
825312875
-1057717887
-178104944
1864840277
-78145261
-1313567
1345135485
353676224
-643603122
-882470591
-61448462
1587998127
1334902695
1726290806
139441823
626427983
-1913291240
1407920147
1347966028
-975658260
-1705755548
-1433775622
-314830380
1759127718
-455228732
-783169994
2086828660
1328966245
-1239158075
764033288
1307974725
1772186634
132750960
-2104256449
1802563079
244142310
-1439568469
-1095037236
-1167930081
-1047159953
1494627806
1781869973
2031310818
-583912400
-684775464
1800490377
-1259296749
-450925567
-1782024204
1186496244
-1445940822
621243768
-1377541001
-321152492
-1121760809
-2033397345
1300676156
-606518037
-846259643
-1247982618
-1978312814
1214120534
643040418
1508811099
756415844
-577921442
-1569605025
-1644732648
1517313691
-987329587
-2043048780
223871995
1356629439
855967492
-1428244250
213946780
1418512612
-617278965
-1492601652
-1834370949
-1951640637
354393577
1302282127
-403172487
305770534
441480502
-784319824
701703817
1364652169
-1055409170
55283535
610342055
463429886
1411586183
-244210775
867385608
-1095966127
358079044
-931846942
-465612910
267735915
-2064076597
-1768347388
-2113718130
181054715
1941358837
-935269049
204104603
1422832466
267870949
97957010
-1242235419
-2016058738
-1315687077
929270337
1275199383
1916762362
-454151606
-1466307288
1110414477
998818741
-1282441049
-1548638504
-1857233842
140251536
252886915
-359443680
-804047559
37285948
-1882003877
-1867097130
2005698301
-1730832475
-45590866
888958167
460275790
556378008
-1221791024
369206347
-1840251947
901028779
-1916121602
352912173
-753663897
660412765
-1301132879
1478550026
1544491129
-2072740741
-2007780297
-1013748216
-1343603501
-29604411
1994505342
561213993
739815044
1795248081
-1155641549
878047441
-1082483691
364572208
830779659
-1806872187
-719462911
710564558
1616046687
-1958533387
-770779549
-1445390946
-1362765826
-333852357
1965268977
-1596253578
-893061826
1456439397
399947816
967053623
817378132
-2022679760
-1897555767
-328410064
-1710001691
910020118
1002108035
1780033731
-1681363748
21841547
-1141667087
-1423776183
-544656515
-1556029822
-1245198394
-1182021838
1590852794
-203375562
638820678
-1492963215
-1370067771
1854155302
-1571198473
-1703855338
1624612838
463842144
2108918168
-805458884
-1963094386
518885378
645157202
-961280220
-1950310741
-172831235
1383227181
89398690
252540477
-878042596
1291011269
-554646857
1091593000
-1602765500
-1978833604
1442087807
-545067956
962068989
1400192626
-1287746995
574283730
-1168632272
825856371
227020820
-982814008
-86029006
-1858789839
-446365688
471877104
903261696
154396274
439923076
1369662420
382474700
2100636683
-291382227
-1845720034
-1623009608
68329038
359606872
-171352026
976978656
-597136704
-178254424
-644660021
471446430
1495344399
-2146715141
-440332923
-760363768
-876365246
1233283719
-141572934
-2138202691
-103750863
-1864673985
1717511505
-2142278943
761317944
-802951045
-1336698491
870684773
-150415321
1246457559
1729680123
848005515
-81994628
569349466
-1901244395
1084675497
-706870061
1788760027
1708155528
-386331348
610097053
-1586387041
1999735595
-642102561
-369187312
807534663
-1525072110
-2097867411
-404477602
1493483240
-1137677861
-771730140
-1957019863
-651444357
-1366474425
1081893371
232651061
37502071
1803632140
290262
1674605662
1037700284
-200454680
-1760178425
26487501
854481843
-1130458375
1271066392
552645990
-539017294
604456011
-975183417
-1922256764
1312805540
449610674
817031249
-1928022040
1389801704
1847278810
605250803
-417223186
-2108489094
1145266588
-762969427
1918878209
-303664560
-2034624622
2106398024
-849679792
-847464442
1553509101
1599108506
-1318271807
1303353276
-1315480955
-248488439
-1290595547
-1071612866
-1646243535
1577782093
-1531623763
1271861094
2080923736
-1389025927
1483919005
1922462910
-1992273976
-1264503493
1090199103
-1217328535
430626502
-1783453342
-1140089319
-256060350
351310437
-1526910816
1648295009
1220080965
-2031317733
1509518225
43815088
790027053
1524706192
-1127990533
1544406774
-16777121
-1370582343
-1114755497
-825571922
2006673414
-1199514843
-1212885360
858702674
1479293054
-830626410
-505937654
-2055749873
513087477
626910419
-1596383515
-570650436
-1784533169
1218048188
768826498
647988232
976615242
-1013238113
318713157
-2014121229
-1852623901
-817358135
157044636
-1243049089
163627511
1383325534
1428786496
473656486
2108300076
-1469733780
31570874
-1454397810
-1284918255
944166206
870957353
1245882875
1113102467
1417320174
378773826
2006532868
38857299
1323633725
-455682409
-828327159
474424869
2017624742
-631342053
728964579
-667397478
2048646320
-174978332
165551709
-2086044239
1441189252
-767184845
-747680285
416754794
1437972926
1141604273
-706765959
1601806508
2093240711
-152107525
-1035776530
-286451353
-177522717
1106837344
436399440
81490173
-1747563705
-2005846295
-705376350
1836498397
-964795538
1370542489
-717865780
-1993680527
1814075500
1941408245
1742626258
-1180307142
536504066
-556097595
882142025
2071365176
699614772
1628209180
448122629
478117518
-204373479
-240621162
-732943081
812199270
723611633
597528801
1996392438
-1790937838
1616072572
1602849149
2012738555
1776510835
545615241
-1442187577
697404946
-940767074
-1766499380
1753860403
1583131054
1237850043
1819038197
-1068594216
-1020958211
1839923760
-1465381891
-2066840015
-727369123
767386879
709016002
-341789151
184539661
-1094074260
1412551637
1642325559
-749146329
1206141411
-283317869
1762288691
1379620045
-1466316777
-766854030
-1815340087
1063950498
-2033678994
-688636772
-539420252
-1203086468
58057883
32651969
1241692845
-527529641
-1525967988
-642522327
-1456338036
-56451956
1738528903
112809480
1827019886
1030053953
126588303
-1263603435
-1503834872
1287251491
-1311597044
-1761927587
-466037540
1430627154
1728660138
-296108973
2140801979
2025777309
-1028900991
-1019382996
1806513802
-1632753169
546191477
-1688171671
-846341048
481806600
-2041507873
-176940620
1185736527
-928295057
1846928236
-1787456528
530650841
-1762622554
-605361339
1142956939
1489929414
2092508575
-1220872336
-982497003
165299099
400760431
-2031786123
-91904746
-1532274483
-974389439
-1611958204
-73926117
1695192896
-1291605108
-301331371
1685175314
-150528503
-781555064
2036683281
-1842102057
-1268940933
454695901
249425008
-2125797874
-1870932895
1937867677
1073578466
-1078345677
865943431
-1609309836
-1243425421
1063626478
-199514753
1004422942
1584647721
255308459
1774099617
393699864
-1096937296
1171750762
-1648699053
-357192550
97849144
-288438061
998611593
-1813825085
-662260834
541209484
1188289167
-941256426
120457161
-1520642097
1649756166
860048676
272466006
-716086986
-1925756117
-1269272181
-1030697609
1236064217
-612590753
-693785570
649090584
-1914411366
1123690722
-852101787
-315702973
-2033667394
1553096418
1238975559
-1844760124
-132212544
1800667572
531253509
-1500964849
306602593
431107424
1010852714
-560415134
2128071171
-329303965
994986048
-1829113050
-1163239625
850165423
1870727686
133461402
1126637716
1240291574
1752856799
2014841010
-583442742
-327433177
-1409479220
1295011900
50478326
1373732152
-418458339
632740933
-472686025
1955632422
1580993572
-187693382
-1121275776
2126692665
-512137684
1283819345
615650479
1271327628
1001467049
1874583977
-270285858
-109525044
-1358582096
1099829680
522484217
-1625919425
-259607640
1284315716
-987066991
-1889251576
-1749097150
-1810408932
-1717441298
-1001400408
-1554422618
1993722601
1550473322
-1505372984
-1955660050
-911503688
-1764856324
-914797003
252556503
1346793369
-1494787565
866405163
612665781
-1975175803
1883914660
-2053376811
237555111
1272116860
-111560314
27647252
-555133172
82101486
-1486430467
-501977729
-1235787979
-717660069
-1972181613
395100842
-1575750053
1527827517
622538286
599291819
-1911799085
2039214373
-1824048289
-263576103
-1663172736
1879223331
-1278142729
-748446505
-111088248
2007036010
-1412039456
1171855056
-118936247
-1904091340
1994809129
-2051216125
-1230916978
428472803
1261016930
-1672245118
446515197
-156249496
83548457
709348149
640669140
2054479336
130693636
1676905765
-100081708
-1958326884
-1822039439
-1173239305
614690428
-1499983368
1383906364
2104634037
-1607542918
-2079691761
1382887951
378509268
1901533534
1426895157
-360197041
678879090
-74793328
1098261733
-1290340571
-1451557922
-154698876
-709358363
939105754
-402080163
232127531
467297192
-793688217
-557587925
-848259924
799460594
229077068
-1254896705
-329791149
1316729025
-1586963040
-504989613
2098389449
-696541077
300025193
-330014301
726268805
-311727613
-494327763
540563956
-745910398
-808223231
840429512
-1111841705
337420082
723487521
-297818240
-234959570
-1549730638
-1681820533
316694870
-1902639377
1973576254
285935155
-906191714
1952452392
-511193882
-1245443198
1663582674
-1553408062
-193999230
884517942
-976549982
243380361
-572601630
232141702
1450939726
-1588851477
-2131274678
-517298808
-163973576
1415971327
-747152611
1803405015
1336226484
-268785463
2893015
-1568638352
-1414454750
-94728004
-1757790656
1190762972
-232863169
-900608385
1119214814
539339668
-884285513
1409921779
-52730966
1190206368
1712012286
-677351819
503250695
-1207248256
-1769120673
1786848352
1850051567
994543184
-1749729708
2083205845
-643285393
1537966630
10300696
213889726
1189591892
536125374
-1597221765
-1416072177
724212006
-975028391
683879668
1587280462
-1085375403
1829046753
1457132796
-331989675
-1464712526
1053665617
-211833959
1377186390
-1733103072
-1155259565
799653944
1716281632
-209953142
-918046166
61139903
661064096
1131002647
-1907263535
1234970338
1324129705
-650016100
-1011759260
-1984761418
-2007133449
-295984302
-358367041
1797382275
-1175269008
1400322504
-1139340700
1911464413
333332909
-923654373
825980321
970314229
-483967047
-1703813533
1978120434
-2085736660
915731992
-1004419728
-1513689949
-1091435543
1253369098
2041701557
-439439943
-426452565
-30664176
1249649284
-415626477
-1944532639
-1788486737
-1310360197
912498891
1463287033
748342643
-1166804418
-1734638111
2024551990
-44576714
2087270501
-1094979558
216493766
828121762
-381885768
1896460837
-47323757
1142588915
860974745
840693760
-206361255
-694064383
-1745822015
-329718375
-1486811016
-2090177667
-1203339985
910883768
1728601610
1624347514
-1880768420
-538089701
-14093256
-302432465
1941819314
-62153246
176135113
-1763208965
240933695
1236463405
2036173051
-1913207896
-1386628443
1836771587
-1212770922
-1434329869
1123256149
-917260171
-1022326723
1397457996
-1921374724
-44570621
-1186005754
1052049881
-410455236
1443962941
-990067891
1337436608
1330120607
913690285
-1267940155
-588040283
1668400840
-304097548
1008323023
-750264719
163950059
-1487228366
-1286754546
-6614955
2134185342
749314219
-1450319814
936526606
-38938064
-364064346
-1126945739
2046768234
1764892954
-187259496
-1451735461
-1905429750
-2060735692
558919298
1176471837
1845047144
-1361286135
-1803529578
1968033233
236165403
-1716168786
1708668192
-1802801726
794381402
-646472720
485476772
1942077582
384013246
1670625484
1508521282
-676287567
1841660491
-1870844893
-196484510
1031083868
-642635344
1843438765
1052469900
1547787403
-1109823283
2132144174
59423383
1793458262
937250422
-385476376
-1291594491
-1176874874
580480118
-1118738864
1160959661
-715541142
999519958
-586664700
-2121457254
1193528555
-2004182177
688183803
-481832397
-1313168674
-1660879524
1277428990
-1229069669
1893440153
1006772644
-310618538
-2054512550
296017352
622171862
227351494
-1977395140
-912104319
1149066726
1952934075
-351970183
-467998059
1658050264
-1756103231
-2026125034
-911841752
924136908
497791801
1817356938
-2070097021
341623865
96426824
-956077405
1048930856
-2107739523
1728532242
-1908365398
1151045414
-651592300
1839340328
-100279867
1560287407
1850289447
-1616052418
1588685468
545437415
1059384777
-294111967
2029396799
1062770174
181488508
-549178649
-270855097
-19755648
9932921
139746407
-1878041541
1551266027
278006832
-1158227989
-397840332
1829000577
1427588749
1894283812
-1077949758
757719391
1183753084
511114590
-935123695
-885852209
-1947387217
36894708
-1151295929
-970434855
1489102750
-1037679099
930379056
1019345439
-1029450289
1687870055
-2063845347
-1499703574
726076759
-221697317
1744932616
-2122529409
1856947103
-981161086
593822716
1549970359
-1641188245
-1032843888
1583508915
266878158
-1654716648
1118451006
371122304
-397483398
1716093988
1166023429
-1213576849
1723900735
1100291827
-1312879608
-656599126
-32433663
395614160
839253457
1511823390
-1864510758
-1562166735
321644864
2123818845
1419190574
-1108477121
314335423
1446092229
1140310779
101809300
1307235770
-1435199006
1023599989
1766782789
1114653006
543984912
-670736687
-214543581
-909237185
-216584604
-1617940127
-490475970
263000623
916797389
-1842369568
299161770
482098189
184324469
1325644559
1471973509
-1143296565
900157292
1670594688
1874020919
1185559379
-553491064
1551729329
696578299
-2076763973
1581856134
1229589083
727419807
-413189706
977886068
-1228373748
922362247
-2041179058
-1956881325
-260610829
-411583497
1883951823
1694178039
-377379334
-422887536
487620870
-1541851342
508592154
545053211
-1812471637
-1581991119
1102063337
-254146427
1175294235
-1461142747
-1587865993
2052421930
468090441
1670892325
-156689061
1703693909
-1152398602
-1834127534
1046246408
1610515719
-589911520
-1790711237
928544100
-1172274185
-1351623753
1592659331
548588699
-616032550
-1194475370
1329262785
625552431
-1319675420
-2039531088
-847007065
-753737133
1596742029
2103494282
-361650075
-670638471
-805016936
2018285288
-2035441841
-1427899351
1533967952
-200440885
1913590973
2092082964
-1386744044
-977001574
-1699968974
-575394711
-730611434
-1448317538
362564543
-2031792794
-688671905
182821043
-1907919191
763291441
-427262698
-918200004
1663491657
-1321679897
823960320
1181368919
1910257971
901769461
268652874
-439275951
-1088958310
1024652967
-1281620602
1609851484
-757242894
-393450242
1509446899
-1246629505
-977198377
2055989701
606163713
1386414797
-1310727891
-1205029914
-76653549
-1846788391
14936455
579414009
-147371898
-1532813208
161092044
1055906333
-548910095
40574056
-1582238185
1986560267
-786561874
2141771041
-579437089
-197919129
-1990951015
-1076310870
-1106899112
1775507545
941372439
-1854256483
949753112
-1562593188
859061337
1524001037
-437667332
1419363157
-367440414
-688489288
9305931
-491659545
-1643301306
664554617
-997748452
-878725115
-275587021
-1757295617
12909813
-882860344
37168309
609045955
-433115467
1230015362
-163648331
537026615
518281139
1964564754
-1168677182
1334233659
-1424514010
1058570361
-1242737389
1188453076
963404486
-1610546771
-1013139508
1274511391
-454458701
47064493
578443136
1332599171
-854815850
150590933
-250809353
1023883557
-1689160699
-870300557
-169600208
-1728919392
519502380
-2022899047
-1139348311
2144945397
-98737496
-1620893900
-1378530083
1621657024
1423425974
220177245
-254128883
1127465901
2040935052
-1806237714
1882639171
-85110231
-1789812474
105070680
282562195
135643227
-393737851
1623332532
1788502947
520590677
102912788
1698632983
721026414
-1006232698
468395979
1878501417
680566340
1164504947
1062236024
-622090504
338545940
-1251654234
-1310764933
430345225
222010093
-1554965530
-1794843920
1497017264
1609841858
-112473689
2139865619
-1148650591
-1800340115
33203140
1811007456
59064262
883411958
-1715493013
-80363782
-1831882670
1107094036
-1967431592
-1503050035
486173973
459439859
441089605
811574774
862081554
651694647
-1530737248
444950241
1525154126
934818624
-2143647874
-1836934477
1682912746
-1033711441
744500431
-335288725
1037546611
-407436247
1930977491
1361362499
-100373383
-1938336166
-1627752756
-1766362276
-1178951842
-1461731523
1494984437
-1504839783
2891887
-479926631
1378098866
1890614218
-2103639496
1124624590
1118330888
-157463539
642139411
975578065
1869915214
1837076080
-929277182
-1503997836
253703716
-2139043877
-346450754
1432644586
974255780
-164410580
186240015
-1646185078
1955234263
-967706973
1985339230
500843731
370386539
-1141644415
-261959032
1951595439
2062689442
-715592725
1644275956
250009852
-450238324
-2057426157
-1135981337
-317493433
-1956629641
167238552
76355606
-1872460838
-1892521818
419444781
359387516
2140445176
1776316738
-142523783
-467389330
-1693159834
-123409523
-1852206018
1175672043
-1752160467
1359255901
-1468358980
454718776
-550421602
1006748103
-1694434217
184754348
-1194829674
-323519975
-2108835721
1737072584
1157285123
-1230239218
1355919791
1334974858
-918353242
560521020
-1247118816
-2088897022
122480410
1557775312
-1170056673
-337881563
1899022612
1675381886
1260083477
738833632
-661430805
-746344014
684159143
-1761606288
1945236315
-450590709
-1987162602
-287710480
2058137989
41880585
291718631
-996104909
569110841
-40504060
-1428922938
1864789715
-225561992
741016415
1388679335
304777354
-2027915468
280608254
-1873170131
1410833856
146474585
459018996
1016893007
1032892004
-960963824
-1685336191
1889025592
2080033278
400573505
-1552997573
381268847
1551820805
670529626
1032692362
1141309496
1625321837
1126703439
-2119271336
1491856441
809127812
-1254021919
1417139977
243777631
-729967618
236334369
-1435334487
1051815170
-5632434
-231688905
831823460
9793094
1516921398
-134308257
799565626
-467463483
1447195553
434540852
118289906
-776664982
1897413552
761966385
967331407
-1548004449
1674337042
-1962518413
1790095745
-1544874838
186187160
-1711535677
-24789538
-19218604
2118312711
-2095802668
-1290709551
909617355
1402052912
-1516157752
1061388818
-181661751
1950446398
254183672
-2100313321
710607604
-1712182706
-1339199500
-1785362999
1363790216
-205778108
605417672
-1918062725
-1469795790
-364059172
-291196799
-937790185
457665599
1174147327
615184879
27259290
-1194373387
1759967319
-1513099861
1849110465
335557441
119207717
-1200738725
99261188
1143653265
14433361
-571896524
1744702403
-699570685
1282790338
-1173062976
1897915071
-979950401
1458598128
-1821032479
298575819
-41535328
-489501002
817316629
779149250
1670519321
988264556
429186554
-1501229637
2062236758
-365752267
-1152743660
-909831301
1356388001
50357908
-630434866
-157555413
366960647
445314885
-1845291330
1097450570
224436539
1449664330
-496591315
1967879652
-317685575
1775935555
1168037589
-1956501501
1571286318
-322550526
-1418864916
-1599096218
-1326347754
-1587496098
-1329523359
866279024
-1797127514
-1305102521
1835553125
-190463389
975709933
-1394494693
601157164
398408653
482293557
-1874337481
-779303180
-341990078
282067375
339550927
-1339572410
-1948458166
-70011314
-706013182
1180668795
197674141
1941279986
483106088
-1691505279
602288525
2044647881
-649180818
1516962270
-1572151613
1894419442
-2059484507
1864513781
-212404435
-411757982
-132384170
1946462344
-1721601738
-1420446965
-1409439719
-763960962
1428357944
-53583814
-1952017114
-189671963
-912200914
2065725504
892833068
1270995769
881065390
968579924
-1075836831
1459424486
1101934613
824441784
-215555366
1545523979
1589121539
788712473
2100737308
500076928
1127672330
1740091451
-398548494
-432815334
-1661245023
-1616260139
-1095651968
2090468653
519253086
1971555257
-1204031080
-1404315823
893810276
-152525513
-1092205749
2012418921
-1393629671
1228392387
-1034543677
-868589087
-140833508
-1513239339
1604380240
-564449738
-646044554
793522704
1812389312
-2080907334
753553422
-1714288218
291197682
-514172263
-1568201374
1160318202
-651892051
908791062
-1814206092
601798022
1222250669
1194659098
-334743039
-1487175682
1800070655
-1710224913
386602488
1435024821
1116422286
634459720
-971015895
-1162373056
-406548484
1047498372
258211645
276966232
1820375990
-677667021
430588390
1250547972
276581954
194523096
-1260394922
-1031521289
1361019354
1669477872
884116980
-1741005770
-777846210
1015788595
-692740531
238291453
1172207558
-514790887
1510478920
-486309149
-485740618
1540519839
329766558
1875100988
1924036053
2080864586
1266891656
1620981182
-512199872
749133932
-1842301511
1112701798
-1726853
-1812493403
-1052779378
436581788
1900562632
225108908
-1483324541
1766617237
1506292924
717094991
-478292759
-1581974536
-246341106
1285134776
-198073387
1196296132
-2113385806
862538225
672229723
587180912
-1580282587
497476265
980623612
-1706345645
1490509834
-1721836745
1737324636
-597127098
-391435530
1467947743
-1653799369
1258136967
-1604134777
-791567532
-1718518635
-1323847457
-1986644549
-359080066
49236541
1004214535
1054208638
-1948542339
1793417063
533851719
1034442628
147514092
209586612
-1441347232
-331676327
-1081319831
-884139166
-1743506260
327749813
1297600853
2041369019
-1049689213
181800980
2088689368
-1539428658
-667665441
1716776582
-807254745
-844580255
-1714850238
-506292285
1053301257
618716709
-1180117034
112578946
-247805034
-1057271509
-203420970
-748759542
1095821633
1929856662
-1831085779
1727824904
-583403239
1607488402
-1333768868
1888368547
283958603
470040708
539458976
940744909
823692779
-1270335102
740255059
2124229340
331361011
1401688581
-1209962350
-358495912
-235427189
-2086563875
1589943839
443563542
-104421494
-368512668
1737841545
-187356027
59446332
-196926730
-561217655
677940807
328062309
-418556000
2060519087
-1837736701
-1692956282
-370083561
-1455000002
669484409
1551106142
-540138773
-702281389
-228689962
-1086904653
-2068439813
-403764149
1394338121
-1644271023
1959692587
-2093675930
1769315029
-1055532461
1984772180
-1257721433
-1393411735
1914210208
-584590724
-988901121
1354410797
-1072174664
-787349946
1293227178
1078091294
307121072
152507307
235234519
-1458738212
-1256422021
-1966774806
-156169586
1553245890
-766278294
-1329971011
987397838
2092229687
919498229
749647052
1578436597
236460099
-597013573
-1759006874
-1996846748
1004279396
615819207
300112238
368847202
1738804130
1182431764
1699279251
-671289024
-25229855
-1426767790
599758275
1848888254
1994333302
-554943254
-1021071391
-389773907
-1417540101
-1661197760
1004140980
-699026219
-471505050
546811447
-1048949725
1994631448
-2115139496
-109577735
838577567
-1855009833
1325930674
-1789165065
955143135
992350611
1720173422
-2040583633
602377427
-1785437737
2021673643
-1892891988
2131673810
543299925
-1522054903
-672214957
-1275457515
279579215
523187255
-2018402853
-1258547864
905158456
-1957202743
-1042949859
-756283363
836371354
1288021838
-1497808755
-24368316
897742650
1537825441
637412616
675424282
-2055065735
1995235199
-400374833
605551038
-1007260932
-1521812134
1353039059
1412653098
1737989007
1984602220
436545842
2086473312
-272971194
-268511986
-1782966783
353372131
-826107419
-713382839
1948936011
2132599144
-793539711
147695021
-1347983526
-780937011
-122328729
1666669153
-634419660
207878218
-1736049605
-175331973
1947077992
667728102
1316974180
1160508817
-237253622
1201854507
-736689753
-1148062832
-821035269
-352299748
769587986
-22426933
394328429
-519911321
425781530
-1290707369
-1708633691
1664781270
584296455
112918421
-495544829
-895458037
-553465713
366705167
-809578945
-1053907092
-2097988415
-1987278713
1543654644
-1567227557
-987009244
-713488563
-789998238
1901422762
1245915168
-378964015
1128225135
-1912612274
700573083
-1982027400
-284240913
1676796241
-1885828890
1765907378
-1193868508
-597419763
2079162074
1998908748
794331016
1843863190
-457128386
754281730
1973168841
-1909938824
1700755563
1042849624
1244418836
-1649892446
2096412722
1690389929
1062987414
-1006581600
-1979700483
-926453120
1025073983
-1093684208
39346228
174200613
-1485492536
813473614
1356974817
1748563579
1643012855
1310682737
-1719062122
265091337
1057593889
-534487941
-476399474
-388768171
-504791056
-821971253
-1333990895
1083484024
1423518310
264854486
1399415069
-1811441937
-2009825503
-892931818
-600638910
1616239022
18557152
1408697409
-1648120115
-1232982662
1797185861
-1053652034
922385960
1103435896
-1142549796
128809556
473172352
1169982976
-1614276773
-115451356
1733215656
-1422402378
-84371925
-741334311
-978983107
-1385766437
808175399
1866383133
-1249088247
-557646368
1542823331
603059534
-1987842900
-1569737156
-675143761
408004465
1560348025
-2058850178
-1335530085
-2006344090
-146170467
379507365
-1624883778
1262638173
-1827189370
-1928440657
-653406093
1490514568
1466604929
218027887
1265934436
1863054866
-1784546907
1169773731
-1099738358
1703358543
1420918767
479132741
-1168921229
-144370125
1871121582
-1530637535
-594177722
693605128
1467492641
-470341977
-1344780796
1383977563
156090461
651127298
-935816560
-1190021833
-1101283724
-1908912024
1337486065
-1453660523
-1991180845
861943988
-867355051
-1604697326
843982572
-845988303
2004742488
999786466
-40344044
1106084535
1045082246
-140083964
1848056749
1595901436
1940604702
-1365766473
-946214265
1078992419
1888163353
1105136172
-199833469
1053615513
369379177
-545820292
1214641529
-470601183
972880261
194681563
1436286043
818473260
124591909
-1506177266
-637525350
-1604467347
-490989750
-652584166
-455087672
713220525
1276199297
-2146678467
954632062
-152068901
-446492057
-1418578655
-526813313
1925720935
1422158959
1168207695
520719389
-1259640369
1562919138
1216799713
1843011803
95601785
-1529889497
-370444165
-139046061
2116569283
689408068
2093733244
-43620775
-429640872
127718564
-1127805329
1110815585
-1274769467
-990164454
-1058349625
209440285
-1916355253
-1913582555
-732207157
1864482410
1634987254
-1731829643
146782415
-1960414100
-1831932690
246069678
255554212
-1028400393
1447220492
126954091
72441169
-1803015120
-34117456
-1288534907
-1735274750
210594932
82395601
-679761772
-961339584
-1884082313
1995512148
739428789
-152987294
-742585424
126271649
-1543067251
-1711824318
1106927604
-1597923212
-2040065906
1965425972
-335392927
1776406768
-323615112
-1029727180
-707192963
-2050351367
1058377507
626706270
1200759966
-142306622
-99750022
405694370
1540655243
-361739356
486850250
-759738185
1054717795
-699349711
1128089660
-1546754481
-721899843
-1167861367
-1883307872
-114894707
1981672208
-1490742037
923210859
-382782541
1758646101
-1984287090
-868855293
1053243168
-22715670
1064155826
1253897273
419932024
51087801
1348102641
-1516629738
-75984860
1346050713
-809866790
-94588711
803579901
922908659
460569279
745591104
298306883
1023381160
-189559090
-182265594
-281686829
-234004686
1844971102
1919434669
-1145182055
278820105
-1056383605
170159485
-1314074302
926740551
1851055876
1837963211
-178387146
-1580268146
1211314210
-2000577154
1467799237
-641132503
-857421251
-639817777
-572759136
996463217
-1826376389
-1325165745
-369068150
-309927823
-2083334295
610624814
-1076361138
-395104051
825912973
-2143858503
566601971
1862918111
778733115
-547483356
1881233966
-582667998
-920780953
-1638425719
-1390252521
2001943251
-1156711109
-84480720
1507291935
1831610325
642698026
1897396752
-256026047
691024852
-1471377339
46497686
-572109704
996591021
1099916237
1638055844
-21765264
1755991053
-757885176
-335058981
-1557153409
463650904
-1417918376
844900637
-1404533546
1462432715
389256072
-1792359603
334049779
1692076772
-1846742167
-633566888
21147994
-2127246592
-1347180387
-212950663
-1946653565
1335139910
1375222194
-1147959880
-1217751530
-1529581117
1135435890
246253747
-1420244651
1455149526
699791480
877028000
600485081
-97851186
321569542
1529088657
-690779008
2024031185
639112214
1977311226
-1365172571
-239894017
-2034189138
-1371182992
815065234
-1544728106
-629881224
1273243059
-232065486
1848074455
-1327508335
279988206
963107082
-1840438934
-929284703
-140951492
-1280105878
-1709143298
-82496725
-325748882
-626864929
-779863948
-1584166363
-1883722485
764365035
-1679914819
1324742859
-1482505577
-804314889
-1057249855
-1337008721
1677293336
-1946916728
-1815177854
-2018581484
-1966876971
1213557425
-657475199
-788194947
-1146723488
298666952
-2068225952
-562935680
-160745513
431526492
-1521922616
1358343391
-416174746
368888677
-21472116
1363039448
1179993103
405388733
-2146984178
-205405253
80991149
-323624753
-1470848543
-1196054083
1945585973
-251721075
912045231
614319372
143094847
-606893913
191978845
1594114083
2064427205
1876367609
2057197932
186130782
-1879819991
1817867588
1575211426
1862967248
-1074525060
930309664
879600617
-735284908
-887433988
-963735247
1473963894
-2142673438
1003399902
-929859943
-2110320851
30532643
1255411534
1229345197
-1938272701
-649651386
-23880781
672846058
-2073222363
-61342188
-696983241
946198825
591211671
-1083548862
-1417069434
-1794389998
-650138336
1915528965
-2111200811
833350094
1126981797
1350715883
-254368475
-2044652032
97618004
1273333993
534397640
305833973
-87797565
-277390672
-1625347036
-1777318375
-399575464
463912515
-861299530
445000876
-231584790
1121871565
-228983974
482275254
-1283029080
-129970001
-849228856
1771235384
-1084130758
560468953
-782781343
-218840925
-429485019
-1516239014
610245675
1538118797
1170693491
-1922659783
1168647450
1163155362
553730962
-983104123
1271858833
-200771624
638574972
233012138
835849255
1789193958
-1078385128
-1949386490
1196080301
1004713718
-469041953
1224767931
1477373296
1756812952
-1535615806
505780422
-802110021
1831630842
327016779
-1063543728
402454175
845987670
-1483451902
1367880516
-1203885323
-775351125
-1900430319
-143493087
-436669533
-1330391889
-1086324182
-106099440
-1102859233
2078186755
1947862696
306013496
1662145329
1467262888
181326836
1490931537
-117066756
1591404977
1775003434
1031607671
684407614
1590094138
-1790312197
-1955084736
-1399266090
-602374504
1904484564
-1108051184
-803820154
-1208879919
-786788800
-91377749
-691120902
-1991426738
1744508042
-1761018101
2001124361
2097425102
-2067147610
-91956877
-8363207
-768809058
643977552
528680899
249351560
-385148154
521836917
-1144549362
-506279063
434729478
505689298
-1301754007
23982604
-566853822
788313819
-1662591739
1404551906
746268218
832183261
-420640128
1594705760
-1636825667
169694310
-1094347401
1766597890
584750495
2123866852
1605295711
-1863422574
-1573786711
-2095730805
1957083285
836546473
1486248913
-907184516
1320855474
-1104016522
1755735978
-293964765
-885449180
-1801039938
-1267814115
1027978208
1092030713
1997431587
-1285954471
-1672633112
-352684802
-1012695640
1356909831
855365997
-1580795640
-272238988
-552990014
1502942205
-1953787503
1928899029
-2066999098
-573421785
-1450923642
287193991
-228877082
-2078839965
114297950
-2083407562
1738224067
-1264103629
497868142
-397909694
-1971249094
-1199454843
-604819333
432181697
798669854
-1400121765
1444157328
-1938938935
85743655
695719341
-1683211758
570210030
879232297
1977451661
2126530833
1683271945
635736200
1011916940
1213981920
736884283
-224299542
591824220
-272578586
-758670031
-35932113
511820982
769477302
319562664
692245917
-607856515
-1029794466
-1262622925
152849247
-1527033053
371462652
1644815932
207051824
2065379916
-2111900523
-932508344
1334447699
-319408208
-1996362711
-2021616514
-1813277498
1313696837
-296595198
145633641
-739272778
-470339172
1991074892
-320397060
560533557
1812628875
1412003050
1150373334
-1001215191
319314955
1172569478
-1065478456
281405320
-2094648476
-452259862
-1094026861
-1383504959
-949270905
-1077829234
-883907083
1311903357
1535377850
-802976399
1836137702
1801072263
-112878214
-1129881813
-56967137
-1272154617
-1340734564
-1670825149
-2040924709
-1380936458
520774324
-959743811
1814447328
-919994675
2060522427
1737408503
1623805120
-1297033345
1923200491
541901493
1970355804
1865956265
1169728749
996008314
1500625065
1152669704
194063670
-1142730215
900672950
994444331
-1771822418
-1607165046
1374491629
578344041
-1750680174
-1064797439
653748120
1962661652
329245082
-258046404
-1725677401
-1223921426
1776825181
565190428
-885882704
860753115
-1760845836
-1220244361
-2041127626
1849725656
231291614
-1360180180
1503185453
-1523394005
-153577949
-1918045577
-726333251
28150492
-1964377925
-1088673147
701750854
1495671395
-167176401
-2021282741
-641910876
-779022430
199242368
1147878290
672480435
1097144853
1943257416
863175766
80746517
-1139701689
-1462958305
-1478629295
-172755150
1175173511
-1525924288
-1617129007
-1297316225
-324000037
-1396623509
1143103442
2049142275
1904082741
-592210932
-1653440696
1137021463
-856435996
-885916004
-1194015301
-1873470355
650576461
722601286
-1251663591
-1868263086
-1768496166
1627421390
-1735806777
752317751
1557648689
-453213778
-662119432
1271481965
113355689
181773697
624556354
-784085201
-1932511239
-148396380
-480224402
-1665526811
1494995250
-1865098214
-404105329
1640849831
-591717650
-1012248656
1917261909
1144406271
12483273
1709635681
-240823646
2047037682
325644560
705804027
1563832158
-440644031
-1940830024
-1088423678
2100035207
773311212
223466129
1151935955
1843234699
-1495901705
-1042538565
-1778304500
2045119193
-1103219856
-1112969384
1473721643
-2008332107
819893423
1175962499
-1097187980
1107075403
569532639
1108267391
1790090776
-1952734713
1177404861
306659635
-1731591277
1588565027
2033903775
847376342
36739669
-1519722367
-2014978120
-1830540826
-903679068
-951952198
1647868826
579407966
-2104568640
-1341926026
-1110792965
-2002281177
-600615865
2014996989
-376155461
1001388750
-858068517
2021952782
-304456667
-1397087370
-1858841599
-1729577233
1285532533
-188024048
-927369140
2004047045
-711420775
-1475061558
1063363002
-1443307227
204887099
749188037
-1395736227
-1686236694
-482542849
626681610
-1988389571
1509889864
-541701879
1511375037
40556924
1130227745
-1590149695
-1547939693
1496704955
-1224738921
-274833446
376514945
-1822725956
1763258337
-1564409457
950340277
378862664
1714112098
1604715823
51946441
-1425736877
1310571767
1683678684
-1656592330
-1250183075
1875125392
-1738536818
-310794746
1445323290
-1393724159
1065982302
-1137716275
1491856468
-177172966
-256214783
547113433
-1763400944
-1839778316
-2061369711
1926093480
-105165840
-628479859
1340969363
106495642
-720635433
-2055861097
233529397
1628473063
-1262553390
-11902580
548124119
-1784542254
748054581
-1829717242
360887756
1909361182
581931268
820763980
1990491745
-1903500351
-1628744043
624135983
-5113827
1020999639
1648880499
1511732503
-1750280886
804734425
-1787837308
1352567128
-1129478732
-2089463794
1264598125
-799996470
840835760
-434360000
-1773369036
1608635031
-588671137
-824927821
-1744312281
-739291562
1782483251
1815914322
-2037636100
-100498599
158975154
-1478472405
-1361061575
2050760258
-1866190214
-11780579
1458707669
818002396
-2111006588
-161984816
540502303
1100190759
-993678420
-1973320988
-2094140193
593494196
1993684336
-721733268
-710027078
-2123682765
-72789512
690105501
1565239002
-1493760694
-1921709483
-1888274238
1784305869
-1056940377
-370815219
-141353357
-1182550098
-1830576552
-1422420265
-1911311355
532456066
-1060336039
262514082
-369739196
818730723
-453369234
577912795
-1431189409
1777868770
-1407695053
-1130377745
1386218275
-623833303
-293663120
-1139133425
-920546452
471573600
2034748594
917987890
-823193641
304645842
538835990
-1352507296
-1792913988
-747129521
-121964441
1328831276
-1882239653
-1879322541
-665261973
2121495681
-154978988
1598382695
1935304826
-1700307807
1433604444
-294663481
-852899249
-613419157
629884973
-2011189692
53214754
801804764
19659966
1803358827
1188067573
758541271
1106103988
-921598233
25734190
1240570408
1401794072
-1743453917
1728504421
127108294
64337481
1111117363
-3304065
1809483096
1212433459
2041986804
622170619
-287938054
1548860352
1800073841
-1063093365
-1477320640
-2075610994
-2032999800
2088928998
184093818
-542415389
-765618483
-1859158820
-2091134663
1985796573
-794156627
-1990960470
47090450
1819463661
-2115384362
853287823
-2125183839
486116998
-1619553834
-232540257
334079696
-884390896
2128041986
1064420310
-994563751
-535279838
-1072039784
225779567
-1607645304
-227236367
770805799
-1833227658
1573502277
-1870481150
-996955090
-1525349988
-700903343
797289767
1446854659
-839148726
-897455664
1771190440
-2096725002
393224695
-836500474
-1197805633
-470605130
2060918718
-402608027
-444011447
822958322
-601731286
1882667463
235584699
-2044662973
-1400494764
334407415
1341050450
-1818945976
506816816
-1080385163
612222606
-1087185646
1064201251
-2065595270
1151107040
-577283645
868923351
-1356474311
-2033934943
115864689
8078675
-250233497
-1252136122
39363663
942182725
2059865341
2113010386
712154894
382673314
1930375228
-1554598261
1913395840
-228175760
-1674447631
-712779280
768083071
61370338
1005773306
1955759593
1912526092
-2144298075
-708259832
10839104
-1889542470
1838402424
195807909
-1318384048
-2085830324
-245368062
2062646648
1020504827
-169418083
-1253737761
-1758678584
11401184
-1738468928
509329147
289972286
-848350771
-39471001
62144035
-43967762
1823248498
558120584
-2004666664
-1570450536
-1828435624
295601213
441412967
731857450
1453280784
1710855659
18298678
-1709445239
273955247
-89981274
-1351981217
-1699927920
17244537
-298951468
677245058
-646161064
1718172891
350559504
-1976086570
497725625
1157011614
884768592
-1812261503
-1158906863
-264287910
-356234679
-487907798
-1804416189
-647179992
1296224529
-1867099701
539104514
-305419109
1238970118
-991626293
860205903
-1892926737
-1621828114
19533899
1189339199
493712771
-981333409
1374876351
-1177666814
112667268
1554270817
-803958335
231151904
974171883
7445073
-821171167
1674848260
-1319355480
-507132921
-901426368
-2040847682
328100383
84055099
1411841693
-1775394812
1635550163
-1015840220
2036384944
779435129
1578342752
1783737697
-773845770
1254204721
1232442542
-462465508
-973844659
-292665740
1687730787
39859052
-515263359
112042690
198790809
-1838789637
-1131107290
124032535
-2118889263
1405170920
2063633319
-1243608720
1792901926
1383586542
-822048097
1834211981
-1588449083
798177733
1145286759
532282359
942499740
-1203591736
1333888751
-1407905468
353999185
