-1135408502
121093209
-2023548050
-617559864
2035643432
-1427713307
373802789
-1322560933
1561277851
-99227436
-303516052
720047149
-144438960
1744411496
2074949530
-1991599592
1644558612
-1218242021
363645639
1655349730
697626278
965062043
466040443
-1967369241
617494918
1457466133
1423750056
1473862133
-305258989
1428019126
-238525222
-357478282
653443540
1099071598
1529777324
-554488364
-300873451
434489846
-1437386883
622541848
44120502
460586260
793070692
217352404
1737652030
1705169693
-1426769568
937881411
1020357686
-2045180229
1502457555
538517678
1350546612
-1351111440
-1277682127
-1610592496
1906236981
1030855258
81653748
-747807235
-422899536
748509368
-560814893
1371651519
-254888729
-2009960276
-597535182
250893505
-476468225
-1146418238
1883458011
-1196352720
-440669101
-1370541392
362843374
-1671148322
-1473472636
-1824576545
-799094250
-1532209814
-1826365996
770096682
1687932669
-960767330
-1168162124
-1189389339
-119769855
-320370409
9246362
-1295812064
-1889279705
-1859025109
-803915240
386242603
-542486705
2069803526
-1270710742
1759624029
-174531415
-2143287018
2050045391
-1694473455
-1399650969
1704782761
-1172517670
514734321
-1481782860
-976155437
955217929
816578934
167751140
-1308933739
1150571094
-806448978
-1728837140
-3633862
1690139533
-1981626560
-2109776877
1790513156
-1428878306
-1635394643
247042793
-1636647928
-538381772
-1662880808
-1505852808
-1433406378
1674513413
-226012472
-1375471431
1989573212
-155184277
1989451435
-1378343607
1621446027
-478335309
2001273629
1890732124
-114400966
754793141
2143826858
1563090161
-1543811893
-321117660
-278359407
1510978119
151673355
-124266969
-1670512694
1033611407
-1866230306
4963368
1710494794
-98499358
1826342683
-1823169301
-1674949243
-1536126859
-734695500
190095585
388558132
-1372129526
1785609242
498025917
1271763288
-1808983895
1036616927
1678522695
-2021996418
344933007
772720284
1190598001
394667587
1092256615
-419613676
1737554343
-1546347494
1477349047
1063503513
-1883677333
-1780671924
-458890340
-989892434
-933693408
1917173056
-799200582
1798788845
80925221
-2083517700
-1770127507
-1041681621
-1236479195
-829618965
-235890621
938886617
46293420
-1298525728
362480302
-849118803
-1880561666
-365689766
-1328814603
820354432
706171428
670941449
-962985620
-1361258375
-1193354938
-869512815
1208015332
307281003
789884992
975318925
-1340716444
-978281861
-2014222994
-668945450
-818156520
657587718
-1746661942
-1068165628
-387282551
1306620353
-83587783
2045564980
652546318
-149425375
-839806943
-1975256309
-1081886078
843692028
94112318
1844213243
-1969269706
-1186387345
541806262
796815300
-592450775
-278708478
-616426134
-1022035138
-1993260426
-530020086
1981677966
-246195116
-946680307
-1945587378
-1936687749
-1609885357
941630629
2015113965
2041118659
-648323996
2074746097
936542846
-1428812410
145123671
948439569
-59178119
-180122109
2000825249
889965387
-1326354476
1804747633
1570054311
-1980062982
-919300623
-179471089
-1600052675
843581638
766021814
-230599047
336713064
930016020
1021304317
52762685
1576845675
-291957824
667481903
-63795794
803033857
-1584684023
850153515
1987863543
-1070116890
1112202188
315678827
660792946
1575911068
-1999200267
-2088920471
1806150714
-1307933077
-360418254
-1215269569
1922435838
713706408
26401768
-716575603
1723818776
-111522758
886920810
-1435100514
1646762205
-1313488807
710371944
504025293
212815670
-2072869991
-295144283
333730341
1783543663
1429473831
-710332948
-440363961
-1534260657
-813570479
1092557892
-869062000
-590479768
2005049931
1445028706
-2125840518
1154469807
-1495010769
-573200290
-1623244734
-1656116146
-142245307
1139473577
907288267
-1455187272
-888412796
-1406925761
1705528770
1287531774
752183385
1637927704
1960762114
-1345219231
52612006
1022098915
-2078192584
1909518375
1893870604
-1110017546
539042250
1668798129
-72705683
1734830207
1265902580
1626705869
-715447636
-841590529
549838388
1309307209
-424126026
-873984263
-1508184856
1285637832
-2070965306
-2057439514
1648951604
-2103979560
865561060
1924363883
2056306473
-217663678
1824079278
1583582157
-1384850909
1938451876
-605567398
1621389476
733746034
-736886467
1130555898
-617729074
-1086193861
820101384
-1266063614
-964919642
-1424706656
-1213388533
-1570958841
1279981942
1738262046
471637488
-387535927
1661928233
-1570292937
-1856188972
-67988621
-1960267708
1913343056
2024720990
1198512416
-877640425
1431840731
2079666195
1750037665
-379281617
-1735716936
-2128875799
1314497661
-1852685810
-49776168
-1663334375
-632571592
-871236835
-955967709
-770583239
-135212840
-1510387487
-1971460964
1006087305
504120996
1233531245
-2076333375
236713612
504683310
-227372009
-290418889
1115818202
539744404
-1485569426
1798085798
-1781900748
-324290814
-713671573
1096836322
-1607867431
1616774522
-966824987
1040654666
291882007
1126210263
387947338
1645475189
-884083164
515789582
1588880267
1115437066
1384854318
356506807
-186317480
-119347730
-1371451217
-952280373
1930060173
1155900325
-985092090
-738074961
377062635
250474737
-657026237
1524498033
-2107720949
-697339201
1100311362
-1491662000
-1723704178
-794396861
-1163169030
448048257
-732967783
410523745
-1891685354
-934878672
-485860992
1850187854
-1142587
-2066041660
-1331497792
-1381297033
1470566094
-1577839513
-1747126733
2032339617
-409362458
-943215419
1923047038
932719697
-1847094459
1784131859
-499954483
-1901917075
-1889936266
750969938
805804994
499725090
-1354892434
-716873260
937220522
-1675328504
-1096756768
-1637946881
448532465
966288004
-288294449
512407376
-380760617
-1995818898
-1349029532
1546723234
-615503260
1749631731
1227796481
523994544
339653017
-1632908869
-1309837163
557276888
-501452569
-215604147
1427897650
1484607777
96605925
-1744686670
1220487132
2124262783
328686140
866395736
1619991714
-559691179
-1287447579
-583805895
-1844754190
-254410182
1140783254
-674246340
-1175481303
-676308225
-1257374343
291643355
1534297450
1093933297
-1382190049
-1316733435
-822775120
-796474789
408025523
-1017463227
1161891109
444553038
-332245646
154062626
1472323251
-2073509469
1908720218
-1005693751
-1176007461
1395441984
256548897
52525289
1040905414
-762652517
-716062872
1609487582
1300264089
1412627836
76660016
-994731503
1366619661
-2049699322
-1166073460
2056739997
1308134973
799697399
-228248168
-1396612042
594724546
1125834798
1618134185
1449109318
-370547716
1856716909
439696581
555865176
-1773683534
1785792864
-138354091
-1547891271
1499199197
1511770846
-2122577127
693844828
-1006322240
-128932755
-1284598693
1318262526
-521910980
-2040485877
-279574425
1284658826
-476402079
2075927851
-439212231
1641388221
1558257992
-1239343107
-1006320008
-278923251
-1151586273
111376626
2033925283
1142843334
1070126980
-1131313025
-823735415
-1136574602
25735191
-1776274656
1737276926
-2112317301
-1815665334
-470435425
-1901187893
2007392826
-994392710
-799356523
1328717542
1440960417
-1658650813
-2125622735
920647906
-18742225
-1756110833
506126648
-417501272
483271235
807839728
-899838900
1827041895
393945107
-1036040529
381987440
-559038520
-149879089
-1434184155
-1215995446
-297788826
581140485
883320264
-335196757
-1447473027
-547236538
-982537336
-1223245620
949324513
-1093351926
1064332763
103835610
-736880848
-1568057392
585841430
1008603189
-608165558
-539622263
1822900735
1177589491
-1152970751
1096411958
-1912905825
-1093712854
1426815245
-341055793
-333728165
1974277742
-127999934
1906945895
1656824389
-1727479144
842774020
-113940084
534978223
1149660105
1459374330
624052211
2024927489
1168005038
-1037918463
1668752213
-863490868
-745790716
-233805469
930622611
912778526
-312591778
-942831544
-2099831520
1376329495
880646950
-236007060
-1508144737
734288316
-654171935
2090208785
-2083833142
469581579
2007491254
1923048503
20230294
-1403071922
1400792368
-1398825206
12333972
679194548
-676158398
1285163676
329128090
1769615644
-1000261237
-527706412
991894178
513641524
1416504028
-715770459
491646705
-134595134
1312025846
1450158210
-1912113285
-290105791
-1783347561
811086096
1545680773
-2079097937
152059831
55793949
-88871284
1603646629
1068415246
1957053904
163216741
-1313910617
98289626
-171488734
2111273381
1031897533
-99348002
-1110463348
1733694274
-843154622
-1562679891
962040833
849424506
413084155
1278087976
988762143
-357178381
32758123
1586546756
-907513696
650420515
-1576445340
398128656
1901355030
562483953
832667361
1108607478
1027962327
688175260
-1076429037
-319043776
867873589
1793174748
-2085479495
811281630
-2006081550
-905757882
1639223732
-1434332315
1111292402
952739828
1660465882
-467525797
-1385812942
1029098852
-118966262
-611507279
577421560
634025120
-347037569
711209104
765346636
-953578593
937308777
269355608
-2111028314
-854073877
1330114745
-208007963
-735218712
-387828861
1720523324
-107233517
1667108494
-36636158
-1085405717
707631748
-898171613
-1919296513
710766720
1894910880
1632530934
-1807160649
-1063219380
-657068580
-251926258
224411113
425524295
-1480062913
-1668889510
-25743871
-1351561368
265113122
627439404
-57635720
-773686985
-1290672073
1015706856
854687354
1559966368
605243851
1981110008
1656282568
-1728571895
1241503311
41283074
-1408154657
1468741029
1479334676
1119564381
584459098
-1289272566
239853909
447170496
-886664300
1873124353
-1173054342
-255129540
350663313
-998256484
-223807333
920308331
-505757411
2060646030
105712962
701290217
-1894425291
-2047582794
1550121076
-43695869
35946150
700742140
-1404639758
-1864755538
-486598156
124130912
1838139068
91626427
-1620079235
80553296
-1534231338
2077197383
-1579860772
-2030452167
2100920141
-343186825
-36045166
1189689439
-1519699332
-2080523419
1348354019
-1617943823
597274763
-2071890091
1722352381
1557002839
1727536696
-1318936277
-1843979425
830186191
1748084697
-655840991
458706040
1119604791
331633313
-1699373388
-1191760242
-238202069
-1875128798
1569363423
182386145
-653483182
-1215245806
332442507
362330128
-36488459
-1007020975
-783721147
1596009402
-1934059567
2043157290
-348116943
1506270824
698479917
1102409688
1136829246
311225513
1581978413
-1247218356
-956069734
-574994306
29597544
494954285
190866024
-530056712
1728189113
-1907014368
1741213360
-1636743649
-1587144622
-1659982263
-591294825
207282198
2031211030
1899426064
2032981199
1510508668
-1885172186
389272359
-928741552
-1339900140
1564918204
359454156
-1664456633
1156803239
-810001096
-556074421
-1598203313
2022349608
2105527672
-349058361
-1927138338
1902823961
827670124
696888120
656528897
-49398483
-2135231768
-1703954761
212171339
680357679
-1220229701
297774329
1999989770
667460386
2058233857
602977304
-731012932
586483112
-1675546443
-842665319
1245635521
1972371623
-702115446
1960854954
-580220591
-993942231
366970106
-205613141
353492143
811683715
245893534
-1064396049
772914590
1063119289
2052128448
738716867
2138448148
679309344
-1559824850
-1062738770
-841455315
-1048732603
-806105263
54825978
1630980194
-623257075
1744203645
273791347
-1627249670
-1407653091
665660297
-1516589714
1141057984
1707531387
-2033928542
853576204
-1500607243
426127989
1430694492
754717631
1686871688
653094593
29359113
2065114637
-1185958780
-518761243
-1110903986
-729175916
1350833353
1611043033
-1929546254
-199077811
-1670162690
-1421368342
-66208519
-748441324
-1971949115
-907133984
-411253007
-1581096089
1728636721
-1843701662
220404619
-646364563
261014644
-1879842151
-1511934868
-380303814
1498310876
1202297620
-1889919163
690536017
919291904
-947224085
-1925305056
-1179586454
1842223926
-1260643034
1612366589
281239412
607794759
448414047
833003421
335920860
-1617497243
-1954070363
-1915278692
390452751
-164664740
99984291
-1987403579
-332277698
1075439368
1418842369
616051105
-2015890336
-442772729
-1137424631
-1945378223
-213884547
-1099561298
422267789
-706917987
669346600
-839862976
2121610760
-1110607540
-1023327668
-247633827
-464340989
-632706891
-874408405
-197607753
-167065670
-990546794
233650596
1258086924
3150079
-1143420893
789076148
1884350543
-346943395
-1168456862
-355990978
1628476456
16923775
-539741515
-357692914
1315645599
-2068323885
-216437832
263358235
-745585645
1705219177
-939220147
-1443859956
1514468976
338517025
1795625204
-727767043
-195656032
-739836155
5796703
-1092954750
-2000970942
1533939187
-842937787
559549931
-2105427303
-1118857345
-1736877706
240063177
531125702
431596823
1498630447
-6844495
1859507001
-2031819161
-638879825
-532296129
254692453
-1478283523
2057457673
1706731101
-454298958
623225392
-1534084548
-2110279995
1793347512
1641539902
288127104
-213552701
-1004219223
2069573556
2091091426
-775837121
-1803260659
-1627413998
-1128117742
-1004155654
1252985013
-1278264658
-560482693
-1244241384
1963675881
85502168
1967104148
877654749
-198574877
883326526
-564597387
1158582203
342980993
326192786
-243637587
1767453324
1957681205
-882793111
1893937234
-672497381
-77055681
-559876506
266438744
-1140542488
1213211934
658959255
3856166
-1911118548
230984003
388150814
-2004455066
-1477161958
-2042278904
-1053407981
321178396
-570087321
-142496801
-1619818839
-1383429126
-1141939700
-2039554610
-576055409
-482863887
-1636916918
-645554406
680920216
-466924789
561111790
1859825218
1810268829
-1256014985
-1718891306
-1634640082
-2044870495
-840536859
-1233828173
-295256408
597243959
-1472466412
572152591
1141307659
-1390141408
-831483480
1621468305
1086715961
1751901495
2076022592
1384041344
1836018898
-1681338991
-1200086584
896849797
393328290
692791776
2034172683
-1768597068
-857055142
-1189103337
-261192565
1321054925
710025858
660873811
1296770452
-519833154
1173463470
-1750161159
1104258702
-1477884308
36133871
-820347109
405534099
1964991666
857373068
1725717023
-122695615
734540713
100496626
326708642
1782918864
2125804841
-490811928
-906809191
-1906324378
798101904
-197837818
-1965059911
815292585
-917695551
834147431
1033467928
1571249814
-205725329
-1226058083
1642940692
-817083248
-927796325
647369957
-1360972685
1607076284
1738445658
-221566053
-1745973812
-917400437
-857973028
-1829012497
1766949412
-382065001
1493867177
-963830311
1581978843
1568586163
-1418013908
201997642
193693385
-1176090051
1834848885
-256141661
1656327075
1925016245
1640836666
-32913814
-999493213
2052914323
-1113001442
-126394310
1111072616
102965844
830614069
984678651
-1261302758
-331301163
-1276063289
89116755
1628870097
252646885
-2084705708
616441180
-195470793
-1446616556
-743588136
-915062121
-361466517
1990685649
1838454608
-2033820385
1640680232
1295494579
1812242556
1087398689
-936788442
1364193814
160173029
912733579
436500927
1052005866
-832132063
248006915
-102256170
32746695
-101281451
-532422118
714013940
866861635
-2004129286
-205430591
-789369677
1346131080
1345891300
-1132966149
-683980705
-1597627360
1291241856
715073236
1005587929
-1005540078
-984877219
1986790289
-1804854082
-62825165
-1451407891
2110960168
2088841161
-906732619
-1475275893
1177474290
-1444083595
-1276496381
1735924415
-1967124834
1455354086
1025705425
641900737
348743784
1282996233
658334830
1973127227
-108763253
147213305
-176111780
-1659155373
-2010413580
-565029212
-882908639
-2019481624
1718026807
518160558
-524695201
1862331674
-22922554
-242303339
-605285598
741888272
1501497439
-2028778475
-13918087
1942401013
-721433658
-1728562739
-1597162425
-168915646
-262659404
485601569
1450269530
2035831874
-840992753
-1901718942
1587759548
2013404371
-861936806
1161122092
-1934796471
1927313513
330238830
-1179700465
2087249281
1146129240
1915093098
375149681
1760182431
-457443759
443039975
-1499981902
1180032490
-875342803
2109300336
-97000815
-433238710
-741584919
-1725696720
-1738650162
-80225251
-10709263
95152877
-1436603633
-535564469
-17093727
-286185163
-230456057
2126211735
-762979320
67585750
-406127148
-1592346312
1912660206
-1986407278
-591777880
543116200
1325590808
-507756269
1411117995
-1010065733
-1866459959
1346340892
840282912
1678516210
-1161124468
425140481
1632446150
-373193968
-1832360399
-1493573543
-236967808
-1635099410
1875382036
1862451441
1658157879
-1009838197
114436772
1541457922
-1275613953
-2058316953
1745174051
1793357990
1769568120
-923858416
1581595306
-1322481016
-690666890
-2040265220
763525744
-1709516837
-1185960732
-1039957095
-1323512245
-1017792883
1855930341
-632975454
-785686667
-1712770885
1471787067
35321524
-491099757
-1117859737
1290359276
-953886175
-929296141
400159335
1699979810
-1139786238
276420885
-1464740704
-750515374
2043929746
380141420
-1058942092
-1239660639
1738541754
-1156039067
691767928
-1526856318
775215591
-287851352
-1865560982
1616360099
-1857182941
1816145053
565093985
-1229418231
505165667
407199793
310764102
-923895175
-1045368547
-1311976231
253279362
-1397623270
-756989154
-1332020266
-387006216
172721239
1644683417
680936123
-432864458
-219724534
51827330
-1810653140
1735665126
1895455702
-1524298212
-120018713
1612244362
2087696084
455499985
-1682214648
411441768
797449073
-2062170815
-1769423480
-280074814
-1582064235
-322472548
391989766
-812450230
1500046600
-686207180
-802740534
155209684
660661521
-963814579
1691382533
1263034957
-1427903905
1354993975
920975197
195574763
306127661
1644504478
1251501225
2082779813
-1572338272
442825504
-1289012487
-931241755
-1908066189
-1407317984
-938959656
983806332
-185933355
873579993
-1462267180
-1369229610
-644710255
1758854326
1633583934
-1752186514
2025108335
-2082307617
1723851309
-1767183997
-701656358
409254423
-1971102263
-129892341
825917634
-582486588
-1118893371
2104793832
-1616211261
1365178959
-1217899219
-539283367
1302919814
-1299428178
-2142455455
-881363533
1142624359
-125038274
-986805920
-1648396977
-1962810280
1792775381
1747075657
1685032902
-1981187836
1550308119
-477284833
417258587
-1670509257
-2006086136
1060015564
1616157880
2122454908
1066060515
-500701336
-1768638499
-240789497
-475346903
-2013588294
818180181
1676387541
1249034492
-909722114
-1423455830
1907512337
1097273773
-781980440
-146058982
1974560953
845517202
-173882391
2033532298
-2037848703
1938503197
-1106975312
-59499846
-406787593
543707945
1966625011
76575673
608402919
80219287
1551742062
-1966460773
1948069632
-2004562663
1532067627
-1537107094
1291281591
690804301
-832622332
-331923366
-964063638
-1361625587
-1019564186
-1886577345
-261320759
1320873221
1674814039
-345582525
395186033
-1927384443
-1051517511
363714003
-315126823
844153239
1112808143
102348249
1383553649
-1463276716
678135296
1445732400
1727526152
-830068109
1694295259
1888690260
875837805
-1363946462
161798235
775663705
-1682079911
-749469160
1163067243
629785374
-349001589
1462077930
415301035
-1513472574
-522875083
-1767828066
-1014191500
-2126080939
-492931434
698577277
-1424511974
1521024466
1971544551
-1760664787
-173079696
1373336397
-1918667397
901209598
-610186352
1216015976
1751434785
-1147361149
1561506267
-644113653
966081228
-1160853659
2060053054
-751701933
-494574474
1946501491
-1574853705
-62921526
673083456
112398588
-721534697
690270681
-916285475
-1092594080
1583340041
-1302275462
1960424497
-2024529948
119851090
-385390287
-815671756
-470656314
-1391377063
-365913796
-1812592100
702497169
-1938498582
2001821449
-1199855429
1648024498
856601142
798917607
-1983325403
-1503894966
-312610786
-1780922112
-820169579
715038277
245089712
-783366777
1433372304
1145803690
-76491279
-1615694803
1132614475
-1052307916
-1471149604
-1156602920
1793229385
-100867294
-763555925
1117044630
1980382024
1225849931
-1369109932
-373906993
-2095314083
-2053341068
-346802858
-1369872710
-79120291
-844845851
-1678016332
797930002
2067031679
1143813177
-387618495
-94987256
2127950911
1511077494
237605150
-70862469
1972744324
401286749
1822612609
-274467995
-2011246844
-1962594302
-790358345
-92626536
-223789337
-1529809762
727933803
2123472043
-1967667286
1425977251
-32178136
-1369752786
547393606
-2026301168
-1338893796
-455315932
-1712032624
-1475569402
-1049576418
-1744523086
876334307
-304766821
-1229055759
-244793581
-1916433413
1945844718
1406973386
444418254
917493539
762851707
-883148529
-510782933
1696562323
1359364784
-1988566687
260126946
1460530194
2053398976
-355669796
188583958
946574819
-1167462218
-576825187
-377075839
2010043358
-265921076
808980612
-426946065
482722012
1500360957
1080362810
1419853552
1667474008
1982324440
1007748725
275938248
-284637102
1489106070
159541114
-2101923926
-856815754
-595758738
-489384989
-1884018907
468398462
424370472
1553157794
-1297841442
75640787
-1046082576
-556594875
-60744321
548316282
-357216404
-81606278
222551279
278148398
1865872656
-1267178794
693265091
-1373379384
-1687840336
-117438255
-1501638669
-1334632729
-525469098
-1262191339
-1769697328
235231692
-861160875
129326583
1272077877
-1510772091
-1796999522
233134405
1112669437
-1461049523
-112903599
372393794
-856601420
-2035592142
-1613125481
639988206
1725414544
1364448760
93417390
-772109175
-1771158111
1063401277
-1344743099
295706458
1343186247
1184402397
34507785
795634604
-912799003
1721114263
1579405951
-814871528
-1100501805
-1196698384
-2114323692
2129646858
2012215448
1966632279
816653681
524007805
954585689
-200803447
-1993469676
-1121929208
1273632651
-16496842
663863580
746329118
1226430703
1127870692
-1651046045
-1136238703
-1277689920
235962644
-1907402543
11081816
-630222299
30524834
-103197457
2108284561
-1758377236
-679534223
233904826
-1438349624
-576292743
1387901511
939735225
-1851945863
-1180805380
426537204
-1431521711
1250601171
-528852511
1781903290
207862872
-1656254018
846272652
-1803576600
1823060711
-938924769
-2134453690
1645060039
-773789581
897680474
-898253455
1035918778
-252897762
-1198791656
-2119199229
480511392
-1167633077
375329866
-1522196687
-141997188
77814383
823264364
-795374486
-772059560
1867319598
1596835854
1451427206
-623371675
-1170033242
-1900224625
-151995841
2146150759
-826169595
-486553300
1722955999
1546224975
490712929
-135586248
1294924859
-1660194519
1017507015
-837566292
1451779295
-508085192
-967964780
1223810274
-1033399926
470557534
-1369144829
-659831907
1659620060
-1294310207
392686855
1545986124
862418509
59632044
849745499
2445199
-1492859807
-2101400910
-736787498
556194298
457870873
-1666469352
922406915
1197758232
-1123215956
986308724
531545073
-1013007183
-555901321
-2134780015
919800390
1340300880
-1446571983
323989397
-1466861670
904339711
324344162
-1657709979
-798923775
-1258641580
-1312389867
2072303944
-326762007
-800671311
-400377908
-1709070134
1967136294
-214929722
-1292531789
-876443934
265016651
1505286234
1257497625
-276629673
234080827
1302607947
-1073807333
1065757278
-1249332737
-1150221869
1948447905
1507010952
-257603367
-1813566708
109645198
1053585114
-1517026152
-728984907
1227175475
1315392061
2091718701
-489456074
2087270660
-1867925224
-791110530
1604613089
1774175885
-2059692997
-2050362759
2067068282
1799124902
-1421723650
1925624428
-1607409927
-871547163
-1400108375
2065480852
-1856737907
-1257439917
-142375658
-1550827789
-1712246044
-2103562653
-524836459
-549206938
-2001176407
-1745887457
-1992174321
-1406557962
-389425074
-1489083228
-1859127699
942624622
1739393802
-909867568
2124068922
-766995412
-339069403
1814629433
293050502
378108220
1852061555
8384608
-205559026
534476706
-632506851
79009062
863035801
902521334
-1514013786
1588446846
982038180
-558701514
-2040342227
1841786723
-293642687
-10900265
-366666513
-955172084
-814325445
509055773
67066896
495621470
1161676414
-331198804
1858016410
-846217566
1476144821
-1622764451
680553413
1229383287
1372227124
1517661269
-162722696
-691043830
-801214183
-334637740
-621024752
-1084993149
-1628645971
1804929354
105114463
-80492350
-257939185
1040381743
2016395766
1249496906
-1164680685
1823491603
700543399
1830882173
-1111181721
143553908
616057925
859909385
1014334967
395112143
-237738579
1974659746
669456530
-1421534087
-1072774134
-1156995343
1371804109
-1219454546
-1058156461
-1773276981
-1733771481
-666251286
1385286424
1541624486
1028564077
-609708681
-1752348290
12002632
1354361440
-1313758905
995753608
796744128
561812372
-825694205
142234775
1654353562
-2130863206
2112108131
391945011
514917453
-672111519
1943837888
857525515
-189741832
487265753
405962726
1468936762
1651741517
-1865362472
-1933483217
583426763
-656722739
2133782081
-266485812
-1074303617
1849223989
1912237922
-1490518683
973022925
369078584
407743646
2131288037
-1779571671
-1827598739
1956363595
444006030
1629955977
-345065846
-1874199587
-1722935213
400752420
-1979029550
1308489027
-1862313626
-2013323908
-921649972
-305108335
-453843442
-176493154
-1683823307
1182550238
-1871823170
-1444272216
-188843466
-1767195793
225726819
-488789620
1230103001
2146155540
1451543549
-319121390
-932252231
1006421458
23430257
242486307
896852217
1391824321
679086492
-1541681085
-2145031818
269280823
-1545948757
880996959
-2060904384
421933094
-459425367
-185913912
-1043794619
-176554302
-522565031
1213624703
517720655
-273493658
1058436677
-1575876942
1682972975
-1308555336
21923094
787422086
-140807878
-1120439286
-1814749146
53655063
2129276916
-1858850813
1882272851
-748465220
410237195
183474046
-1592287978
-2084915057
1947222406
1304792497
-538186541
-244927700
610159166
271282322
-820713871
439081143
2141734284
-1975034251
-467239891
1319730468
-292395965
-1526484487
-492017749
162425778
1252244960
-1669081051
-1585598642
-1073601609
540887040
-1349655347
439528648
-402743901
700731666
-254899910
702310644
1133698110
65892940
85152009
-1128963870
1376177716
-126866206
-722384557
2037450803
-1386396717
1278912117
-1492355570
357604519
-239534830
-205506359
211204530
-847700236
-537521196
309643451
-1176300769
-1385200423
2012825198
-1791879055
726947261
995981425
1330308710
1499695314
-1849901084
1511143628
-173314179
799538745
1387664254
64516027
-1750332688
392223844
-1211099925
1500713195
-1892318471
-56603214
-1662151644
455120436
1200384667
710429069
-653892574
1336225075
-569803361
1523519012
788980864
-1001281003
-1767277351
-1619721891
619446623
1778799541
1946684079
981675274
-1480274551
-343024407
-1450357797
1737017946
-1036969256
1386094361
-590458769
394367121
1652995288
529623568
748456217
-394937605
-1539497557
-440107754
692112552
1799354910
-807793363
-1464697538
-2044546609
-618347474
999735895
-844530437
-1981464281
900315333
-140945688
1082616057
-1693564038
-1932325933
824339777
1083731498
-1126322114
366488530
314224784
1521298718
642711646
-373287106
-1703317711
537939607
479619392
1869157700
221247312
-999797412
-284670973
-1366899271
-606365230
-1609856691
-327604984
1146928205
-1434814603
-1642465353
-1106679884
-1129637121
-1166181323
1863386345
423047795
-1096425517
-103535375
1455651591
-818006273
-702096957
-130733234
283673117
41726689
-539657998
-1055878181
1595018614
-1609993161
-218173913
801610358
-1089713618
203351736
1888243064
-2020144915
-1095965946
1740336373
-81024955
-1890024473
-1422774921
-1525184031
345789032
-182928891
-1816161271
999726739
-295844182
2092884291
-242888220
719274057
1543757432
1239688868
-906308697
-602641744
1785352406
633336846
-512863880
-1879502239
-1003705198
-789041038
59078235
1834736559
275202493
2087902767
-2064045881
-188679777
-535253417
1312340920
-1013462922
-384009929
2143486537
642697843
2017752444
1909423355
1231466135
-1788420124
1740321947
-331404108
2111878101
1923458314
864191701
730094963
-1890008102
-1463900151
1642609217
-1625344555
1745046195
-2087885816
-479153630
1720341127
340169434
-128162980
1929163829
-616747252
1016166568
1920589797
-849636023
-1117399363
-1390059257
-1647606344
1514434325
1570644497
1610377067
1611217918
84574533
-949943266
-502270206
-1184819173
-1945235499
-917984161
-1059896535
214228754
-332639582
2036760759
-503819486
1766045991
109464126
2039624630
634230020
-824640571
-1944089085
1235057434
-1762841614
742600098
1230202730
-1473369449
1071017359
1996794144
1546636957
-1495746854
-878886224
-454983434
-911532982
925983947
-1855824045
-45839601
1872921785
-1523930862
-33389104
456111537
-102977504
-2089059363
1536837966
-1678112030
1479345206
-651123489
1314849656
-1906309626
545878789
3687323
-1994067601
1452351436
1118692100
1005000673
-185226239
-1590709173
-922385308
7032473
-40276197
-957962393
-180115542
-1726425410
-869735300
-1366660231
-1952781955
-4750675
-941333077
1928416815
1595590592
2059106720
-941037269
-569823313
1235809251
-271270540
1965690604
-630257662
1535964790
-1144338254
-1499725821
-1573986640
-1093011458
-1939502900
686757277
-493283162
594264844
-311084890
-1024820431
-1534836640
1978225546
2065620824
781336564
1142991939
-1466923176
-2119469262
-1323791470
-2047498422
-994851817
175374591
1868622362
636878821
-1056201149
1046808462
1037558585
-2079055587
1888226695
-1254598803
-1747955542
496769531
-1735583156
-718541065
2008754157
-971229398
17690770
770271889
-1113216202
1678447323
1474319363
-1698598608
-1481296472
-823902488
-1796640443
-1735203555
135730882
744680764
1402300559
1122884860
-2142359271
1393834609
1096838526
-964777718
841961543
-1343160646
1546752041
885876901
1450732067
2101954818
-1569684622
-1155337199
-1090633935
-1320556459
-75434849
-2077483400
-366014884
2080810879
1189300264
2113967154
1583370210
-293986574
-2082222126
-591210169
541633423
261505260
280940028
1097018417
1348902445
948896729
-676275656
-1268297499
304579130
-1338323211
2010151709
842369044
-1935020069
-1392865995
-1207498406
-377407826
53585937
-816477593
-649318386
-648281689
303202089
-611090793
1000906327
-1957273092
523958905
-1470010443
-1531331032
-750324488
182359368
2050240884
-944143264
-369095501
1615520013
283507572
1135259159
-961592101
1609692380
-1522930270
-2055536838
874192822
-1654136803
-1195134241
250762841
-273748122
-306703234
-1838755361
-648107585
-662335633
-1890387158
1450962003
-2124791357
1218949750
-870110918
166218826
-787823523
-1699035061
-1956845716
1297507284
487384571
1453965353
43122962
-276552984
-685124715
-928961732
-809562548
1971734407
640723454
-481524894
-1884902023
-1540486112
1025478269
1222285877
-2145230870
-793716682
1785543836
2049668169
-463995432
243783487
1409097023
1223300274
-599919208
527931855
-900384009
1417215176
-792212980
-1492245259
-548493416
717251629
-843611044
2129138661
518924040
2035903759
1755843814
-84693033
-1516489895
-243148630
-1515217038
1861427757
1657843226
1039663120
-1808216406
-1225972517
-1011363094
-711518932
-979121464
-447884029
-1147453619
-58200061
-634855536
1903135710
825435074
-665129923
-91202175
1516102115
498135572
-844915996
1843618375
438517793
-1785324304
670518378
-2072234893
269722608
-914441033
1270593264
-1256970643
713914568
657534357
-465355579
534262952
752069744
-826213678
-326592724
1181537048
1915904346
-844846232
1572071778
-379806239
-1496194227
394478548
1219461086
-621485744
-1632517564
729256240
934461402
-1605489394
1719678870
970232193
-1106375918
-898734446
1855994198
-2091414194
-269837365
-1638592809
2029182972
1953085041
895327510
1922674511
-736165308
-1495506896
744358741
-682647018
-1520686251
-945281905
2015422718
1482795370
712265510
1038650079
-631737442
1456147035
989978909
299041690
1879934241
-382001474
136720632
-1090433678
-1735606961
-66350489
2001613296
1918146471
-580677735
-2109685866
626659355
1647834520
519205142
-1462837583
1977497617
-44173411
-1914346809
-908722893
1148892370
830373139
1463049250
-1305350172
917506023
-162065481
-496936498
2010821706
157736902
444692535
-1597893462
644150623
-388870022
1557728262
2097128723
1606002563
833254019
-1889446801
1272354406
1696001971
1379372026
-1792223507
1187393219
-287585797
-1367070727
-723196231
-1358565612
-1681710295
-544292807
1518876579
-1761308851
1498044867
-1212556037
-1778431451
1529084661
-230008262
-1589391572
-159185740
731517412
1569311326
209545411
-1245508007
-644468403
-1753090027
1024022381
-293683584
-850933506
-537428153
1038353772
-1575176688
291668198
1755503388
-1517411140
-184912453
-276778281
-1657514391
213010551
-1695644266
-410174323
-1581117593
1010839673
-234028564
1466559983
-630848859
-1702974649
2053611854
-275245164
-524463809
-616615380
1669302254
-637731448
1230583376
1819059108
-1934590931
154415695
-951754844
669040638
708989041
-1921114583
1305386418
67259452
-297363908
-1736886633
-1276109112
2020081469
406187641
1589160478
1887218056
551197981
-1180595431
-1640790966
1568443026
-1982667556
914535902
-692875787
328214914
-1808387011
100364406
1444638152
-1766688484
1021249008
-906460725
30395650
1807070918
-307450382
1515619481
688358520
612904246
-1817708492
-1875850432
-712829476
1475735147
780176762
-1055249189
-1318324927
1534572768
864109190
-1922232432
639657694
-236028929
525841781
434193449
1220080913
741224403
-1058153112
141264611
979419815
-1758333950
-631607194
-1605125754
342506842
1660856825
-2049490048
-22271307
1318974618
-1143439768
-1711601355
-534413689
-774268784
549656049
-194637288
1893731413
-437164705
227234075
-488115281
2006238677
-1339654484
-15410292
-1021429346
1685912423
-1683423392
1301609079
-1377139451
453087663
1606730156
-452506029
-1860125147
1555004515
1136927565
-809468979
1286880329
1165529701
528763408
1288564734
1001719779
1512378132
-1922388840
-1156500512
1658624756
-481602338
-148642977
-1644657922
1350288305
644400409
110102010
10328426
1922141539
219136275
2143361184
1261366516
1374507918
-859035545
1412713964
2081867160
716989269
-1700730734
-1833492255
-1785272009
-704262372
-1474924091
-1359639761
-658059638
-627222417
-285530885
-138486860
860719955
-515861471
1500778318
937619781
-1525681708
757050552
-552761722
-1285431891
-1717661307
1111844616
1382054643
-2050738955
1974898432
-1805103843
-19230084
-418214683
1457751872
485040990
1485070583
-548998965
427815434
-1671361554
-243117638
1283149178
-1154173014
1164180565
-1883105679
-222029419
-1527779870
-1321047713
-1844465871
903265805
173404191
-2032186044
602562509
-2138078489
-1926281490
-983700472
-333240728
-1520237502
-1802956115
1924987428
-1596750005
1493398424
543485317
-1481963162
81052152
2118265155
1597012119
-533045227
1691140991
1136282179
1762396277
-891773352
1701276175
156862014
2037064915
-699345449
1588063695
-509070905
-250556547
-1293617246
849838830
151142626
-1273706868
871742545
1976797432
1611064775
-390187564
1031694957
1561254763
1587337190
936610720
219946766
-1874913398
-565868757
-322542431
2142141637
520612720
-715538557
1595786018
1561978043
654557799
-1116831587
99616128
26320410
-1880464774
-37155339
1298223065
1632800683
-1073000632
-1414169843
-2077074173
-1222807617
-1953823206
637745149
-139007296
-1454797229
1882154808
589259310
105526575
859282798
-1887903624
1652350306
-1228196476
-1417798706
-1098175209
1047951606
1443993595
949962179
2017574603
1272423787
82287881
2024976473
-554097640
1006403106
-1054582316
-93654340
978845666
-1908266138
-1102771227
-108920360
1056400963
-1047732048
1016820764
337453631
-881610082
-1489437915
353529060
-60582832
-848549132
-98499486
-236376154
2140233364
1921582197
918199676
1842937218
1015143019
990158170
-253192638
-903864516
-1790712089
-1649541135
423670980
-2077724556
1946412535
-1373109511
577237273
741272090
1907746760
780770095
403712347
-1967857633
2125244519
179909160
407802358
1775953520
-252689494
-416934303
1571972642
1968214303
-1947090096
-81766252
150445229
1183024099
-815338649
1111534156
78226685
1047233730
1642850541
1565987259
-540643243
-1711766004
1707001530
-1955559733
112347991
-989668469
-1128084324
-1812935310
-942584887
1357713143
-482857789
2092900682
-1960618341
-752220241
-394878113
-2141616544
1317798440
-204375642
-524292985
9163595
322951356
-124268645
-852937636
-1731934080
2019868502
1813906572
-1528240786
-137049883
1267434670
669065324
-934774434
-1584986205
-1383801735
-145208301
2001743811
239025984
1500793578
1884008565
-683880623
248727020
958907516
375231766
-265431752
-1233579238
1424164334
-1050512963
-897796407
-115930542
842655887
-826546329
1192499551
1657642821
1032140475
1622529150
1915233404
-613505247
137479333
-1021052854
1109348914
-284693722
602001749
-1653483097
-141729341
149672057
-1688931340
2134762744
-1927786357
-100914888
1854609735
1488188763
-516326114
-492272946
-1143253639
-764756706
-297051987
-1638759033
469732892
751485296
-1854518611
1574975846
664944753
1010621787
85306041
-1821555658
-1576278041
1489600497
1767371959
1451848926
-1570649887
1018239429
-60056774
1082404857
-1816124484
421096861
482090023
-2144759386
-1869212656
-781010843
-505857126
-1253091173
-2025217995
-1057823643
769427722
-2082673024
-1852916472
-2001454154
532648618
-858054278
-851162642
-1142403598
-111711470
-3316987
-246003432
1499921706
-271555298
-127950842
1800722440
-1712527844
902769174
-1450113504
1868803156
-539256923
2030734863
1362446917
1948129450
1803636084
1283704464
-903134064
-1018700269
-1256906240
-1296504969
-1707018926
1189301627
-17830981
2055719453
-1482012822
2093579632
1448688007
339067576
-898554918
2036963370
46342761
1014155265
899328662
1495303627
2043075708
-1888161514
-1826184035
787117799
-1394651353
548629920
-1832156339
-347860155
-1140976494
1385585720
379748595
1730760935
1223335509
-1092410618
1880929953
-2122565817
1243771250
1392717483
-1412220092
1627263715
-68375163
1019034464
2035392501
-2035688197
-1966976199
-1294496673
505109903
-2082022503
508558846
2073802113
1042417537
972471761
-814938888
-1483023576
1357600740
1685239882
-928041158
-1013216162
-419206961
2078238204
-939415757
-1484219586
-1874284822
1603760442
-1827128984
-2083874926
912558401
-1681307405
-939464093
1223413693
547125850
-112957900
296681450
-1996424229
-195731832
-2053708304
-311715468
1833891622
-782027903
-1564181757
1289376728
-548918373
-405453522
1793850484
-537398201
142775260
1872221122
-842984454
1315196540
1810986840
-297695474
135516353
782752305
297551016
-168541422
955785837
-533156908
817770044
-1768017450
-256147361
1225376890
-212832970
1113659003
871842102
-995431148
314265237
-474792564
-453876072
-1330736928
466120342
-382820711
795730225
57559841
-239942058
2100822790
186814715
1184766993
693596091
2012300832
1340638656
1638496534
-682343531
-1517878672
267600860
-2016105420
-2031110657
454770772
-519630521
-1093650749
125277451
-1097598518
-1723363630
588458849
947555741
581797775
2004885937
-617827543
-988112233
102648680
768274745
-1853083100
32817718
1402612670
1216576745
4374271
-1308834373
1985590384
-1363276114
1127735806
191997773
1286729956
-1118991006
511102768
-923129315
1703367519
-973769834
2128121828
-1572425525
-2026422890
-1845629296
916639579
361242120
-1808204155
909928854
1291468478
-1109288069
-1536140930
-553449107
1367524434
1962240744
-684135804
-796009444
-1535710743
2097882511
-892142631
1152172277
-635224421
-531624494
1867489493
-321565483
-1773559882
-426223847
-828167688
280506026
-340026126
-133003271
1851934275
-1456875467
1706716137
-691250541
-1021352509
-1645842672
111025861
-855982278
1050882413
-558544398
1361908282
686613848
1519660081
1576042034
-1423456586
732720785
2110705992
-1346813559
1327274199
-624218072
753976273
-160816101
-1931866851
50407074
-475077733
-832280904
705536736
507740072
-1783145660
-1721372322
1795711620
-685253071
-664929406
543796738
897686250
183844064
1533179840
1256999823
532906537
-1779035478
-1274718228
797682991
1295297917
-390750789
-1147554929
345475528
552375423
-1962116966
1594821149
-343015480
-282029162
-645997174
-925905778
1088889125
-2103828051
-1531888589
788950061
-1640055905
142486822
-2226814
1059324591
-1743003320
-2059873267
-1266560564
1772152710
-1769343675
2071980944
488719673
396412535
1085227222
-586020178
-648128929
-861336727
-70691693
2118061103
147381037
707901312
1438104055
740441043
-902791158
-691670166
1858189602
-1372216626
1358728509
535491320
2110535386
-1704384654
1265639054
1381563888
-1711214894
509572142
-905465555
-797199839
-851931601
337500598
-1282987053
-789851466
-1752337849
-1281646461
-786578137
-421119793
110432171
2020638078
74935394
1525201229
505038183
-626450953
-1930848203
1389827053
-585949049
-289145124
-882663447
-1802027112
-1137650723
38273830
-2069298488
-1657427976
873523202
-1417052778
-1461829189
-23646130
67299225
1263116705
2094477108
-1345843326
2009467866
-1457025112
522180941
-984360581
1859562830
-1885769621
-1498975695
17058224
320568535
1016550335
92723899
-936795393
-348206861
948487807
-707611812
1583921341
-1224715455
-123644992
-888989887
506983693
2106620483
1541891399
-1636211276
-1057623947
-1613907100
98842431
-2091991615
1679388334
373936445
1051906854
-216264675
-1331440454
1166799379
-250657272
-1793660093
-1963168708
-967183708
-1419344400
418145760
-1125382141
-332771037
-201672038
-1049244815
-1227498009
-981635969
-2127110803
-1896288471
2042866136
1492937707
-376970073
660621591
-156733901
1394645658
-2134839846
-755678840
1100899671
-1962001462
1869814678
-672575831
1192884344
1450842884
-1577510297
-996095887
-1235955790
-1272882015
880902401
-1971546435
1557221217
-959491440
778207161
-955376196
-1677191505
-664446635
347378487
41094284
693523309
1360331092
1910058602
-1521683931
844955431
1799161935
1886228411
-1046299530
-361866894
1683875628
326710660
-1372027443
-1582812281
-140314629
514500035
-1244900229
-651239147
-892766152
258768138
1902948535
1793450578
1660873548
1976039610
-1459079998
994089810
954507609
-643207056
94600012
177646748
-1585551818
695104190
1603604502
-1374895878
-911303496
1760327965
-956479785
668722320
-1019065805
664430370
2007637091
13547824
833869376
-931772176
167085578
-1167254548
435389119
837027054
1378800446
-675016724
-1880039393
1448670392
1443235192
-1958673792
-695156260
-1418487462
-2055585189
-1611350920
661616457
56483515
1497023512
1426298035
-410563441
-146038185
-1652823020
273528821
-120612875
-1060212432
-331850808
-1833723394
258529121
-841830138
921712617
-1844976681
657367582
-945182523
745994696
-1140755602
617640670
600251454
-712871174
1872052325
1344179715
-1945080039
-390863045
1212758566
742950937
-1744403702
788422799
-1769049286
-2103496537
-17644221
1507565994
1380068827
-2059147993
-523034839
133388945
240819655
1296797777
927448649
1760461696
532509526
-1283728993
1551951757
678101518
42697678
1882016013
-1151710806
-1868432242
571351798
1715823393
-1129020708
1637187512
1697120744
451412266
1777651157
-1077912951
1022666539
1068460492
-1096939022
395138151
-1168190463
1143926203
1920307888
2139693447
1126656764
-2055467835
98146909
1150597523
-1805931561
-1816762602
-501875694
127136902
-1596794750
1447493303
2061482208
1970180570
-1556572290
-1944875689
200184904
-688386587
497723243
896201294
19891184
-793450112
38123486
507247838
2021779092
-524662807
2036759416
-1065871685
-191056326
-716241174
-1725872333
-1802005811
416819625
1472443706
1724109567
692954163
-1603569381
510200610
-61214835
-808042101
813021745
-1394423453
308757865
-1607960464
-836499674
630137430
915763534
603714883
-927570617
1603866965
-197717579
825803566
-1656217950
-1378991015
1215666606
-1068201882
-2024307971
-659063836
587791603
-1181695313
273957898
1023182113
-88766150
1900136485
1899684055
-1542770103
-1010990901
2139000888
515298443
-896862905
-751220143
-1223325449
2041347151
77398174
1981958644
-1432159086
-1499010935
-1786572150
-1693861978
-1586902247
-1112208049
222645861
-751434052
1347910794
1292174874
-443430836
-394874175
-1700204791
-230465351
496412418
698844551
154477937
883925897
1430388755
-1915114882
1404566027
-617184541
-513748420
-1498799288
214874524
2046130644
633913866
-1565363828
1274342052
-1735214573
-1219593024
41519625
-1594899227
-1978685649
117761405
437806318
100343073
913002760
-1319145314
-1725513879
1106430248
-1043488385
-1332457120
2126111358
-706756591
860565873
943807946
-1853324519
1241545415
970782944
-1558131511
2044989285
1507350727
-1608102285
-1194773860
1432943966
88739111
1247210016
1799774066
1078783653
444422105
337501991
-1458633648
659209618
294686513
444449089
-910867912
-593901681
-2078622300
-308188903
-1594980473
324995235
-1618257967
-2066478085
913399710
-1797530547
1723911877
1102486218
938350789
-762873965
-1392541062
-1292395465
1330734155
1434284121
1862719649
1769076271
-657566479
2004674038
-1768260703
401234581
-467705977
559488772
-1783495202
1424640817
-1052491305
-411717513
1893834046
-625809177
2096952258
66421232
1488077544
-1439628757
-224393559
820331347
1875434318
1451168948
1777145614
-400611434
-1406717331
1041839727
-295553926
-869336868
1153597523
280107446
-1532664928
39508418
-161533471
-1546149695
-1207853374
-1285142537
-1017513518
1753789532
269023315
870986769
369257979
1740984794
-1151089699
125190815
1286321364
1329398857
-353441500
-396588422
1708918582
147799270
-439761524
-1437965216
2051803750
-1965801773
-1642709065
1961238466
-302823855
-346254841
1966338418
-825052964
1097808921
1627402629
1734970321
-302535674
1978065104
1337321680
-1065494121
16589386
1331986562
180262045
-957086756
-1127206091
-121877128
-852018486
-2135622423
-1862375438
-1330241605
-56611442
-64342682
-66901100
244656342
-220811790
-227803210
-1635519310
-327114784
-488521344
1416119714
-953355208
1023191481
1959407417
2081190964
967400828
-1647115885
734058443
-2050506267
927964047
-1027660364
-1101669117
1684615930
818612181
1026165881
498486400
-743505878
-1164839464
1618847133
-703774295
-1961671804
730867800
1012444091
-1031752992
1153175439
-749010010
-747664879
1108434423
36918450
-1530523343
-814785914
1663600610
-1007863594
268675169
872693741
18187182
-538327735
770101411
-1116430197
-328715087
-1591144731
966308036
777454806
-1137377277
-1686684559
677715842
1543544447
1445060908
-2021126330
1298606432
380025779
216241694
-793783755
-904421446
1762503324
332207717
-1442721113
-766704360
809750829
293783964
1383778310
-748852538
-829424353
-1492766429
-1721774756
-2146954333
430321718
-1838810866
190894392
-690622407
2074504392
-1465277345
-258498600
-67287026
882722431
-1471199112
1231743876
1405494329
1735801693
2427850
-957417673
-1540206793
231479552
749689810
-1194080379
763690495
-2113670617
-1947726266
-1584726600
-25987501
987981940
993124747
2135802171
998852184
-811905421
824119401
1884117819
1725948264
-481565222
-1285493503
-1612748661
-957172185
731397650
606189309
-64961081
106303956
724727541
-127327991
228104636
-878156575
933424089
1044330883
253174279
-293946172
86543053
608741998
-1717426693
-1134131441
-860824542
1624409259
-1996803129
1985212862
-2100658644
-2098001302
929696728
1515551951
-614655671
952642781
-2059936132
-1749905128
-1726083038
1899213102
-403816505
-368824236
157904945
822096051
-1321798214
451154558
1905976962
-1436981152
-77069152
-1327512478
-2105885507
87395196
-191259205
-748250256
-854646173
-1493922408
1054463008
797086418
1650607702
844470203
-1762903073
228156865
-1311636321
-298705694
423745382
-25920748
-679072661
1953579431
548927270
-1834781159
-1695112617
580750143
-1837961354
-1942585176
-1673862419
-1649276503
1343473848
1426760308
-1569674899
575893795
-1143583303
1018411428
-1373651249
1425856224
-1692984227
-306911071
-1403177720
-907082504
-107504517
-1821274831
986747532
-1238591072
-456130298
-1907485499
1843507732
-927177318
956151660
588857870
-1853990240
1628356078
1000270146
-213141547
1179833279
2079962330
921826336
-164307700
-1992230386
1066102278
-1306919991
755592735
1167431677
-164560389
-1745356145
104419215
875824857
782476502
-1512442891
-860391998
1726766085
787809336
-1189597803
523761172
-407853429
-1053880192
299012676
521508145
-73269037
-695556804
-813784205
1070687909
-1707705679
-2038184740
-602366760
-1540075084
2101682084
1883855784
584101452
507744102
1473617244
-1703821837
1765240822
-524913178
-2090512772
633099664
-327486295
-55761652
371961249
-952356219
561520267
-95623112
1694790819
1003385598
-1401284106
1608540513
-2126124006
763016836
-21224798
1315361133
573452067
847974510
-1839204605
-1923149374
1929013092
957099415
-1412588049
1464865564
-1905834676
1597874513
-275291517
-296094303
-1500890977
-1517974120
944187975
-1053290958
1491545393
1073355402
-2044163696
-1764922109
-492908559
2009493782
-428525019
-2049263251
2077073449
-556258061
-310388699
957708034
1140084995
496859604
584255783
1120274401
-809091250
1516982233
888762787
-1080885172
-1958543486
1470530376
1191517327
-1015701641
-36943871
272735100
1647524173
-1623424606
1362738079
751609117
1685279684
-440475799
-855615388
-176983151
1734830795
-1221333414
-878997872
-367393359
-186349362
-1807272248
-691911714
1619919295
-1269710165
985395934
1590839053
482311320
-105004835
-1879127306
-8325221
-412975067
-1839122725
-1272544469
-1886902829
-2021784297
-993596222
651783724
-1359843574
-91991085
322453297
-1466517165
135961124
1339818153
1603746163
-1019222539
-1499088803
-1753221300
1992142307
-978320389
1308102214
47204734
1225453708
1962115505
-2111764212
-1038830326
-1807738865
-879975203
1933231104
-1681058569
174385353
828244243
1610474066
1945842170
7196212
-1768587448
-1995259616
1817486892
-134379890
-1903703388
-273332817
1510131708
1612932279
-971688293
-674182153
-1652436890
1268862047
690909758
604895588
76525668
-1772958624
2107677901
-375097382
137251237
-1459553433
-1145729135
375315706
683933308
1099234010
-1464962840
1163870627
1268829466
114639861
686548129
991382971
786262528
1270358838
-117936759
1322171439
1575816622
-375912965
1658770502
-465593545
-1852708448
631012968
-1853905054
578800862
1282373754
-688578162
590751914
853773249
-2123031167
-1536056375
-246531143
1794963478
-2045851827
-346761367
-539874865
77132016
-693073476
1611035027
978341606
500809152
-735222998
-2061387415
1134953479
513035295
-1701273378
-593656472
1641962201
-954399287
443848390
195832594
-1190625670
-738360596
1508417127
-1028111156
835898769
-1982030685
283349262
-238194168
1073021347
-1451842628
-5295797
-452299354
1111816102
1159446465
1858877343
917264023
-537465389
67549750
808842868
-619157821
1027820224
1547614750
1755826509
-783985619
-2101788243
-975522876
-93469891
-2059294637
-819533795
2057670839
-168996707
-1516742182
-378236760
-678538219
1034534904
-449162134
-1621459185
1245691660
257156682
-593618217
-1128969839
15677854
1353929322
1412753280
-1901167748
2099970979
-114637885
-1167659268
1798589702
543945236
1317066826
1178511602
1100252252
-1162920827
-1196350037
1476739911
-1447308293
-996073741
-333893179
2022744959
-1378072001
-131509312
110624344
-114976164
-346905031
1740024314
-496100355
-1630065205
-53762619
-2034811933
1813477462
259398912
371695834
276761005
-969450619
1639056095
-1817442781
-1497957243
-1153283871
1614789277
251104463
-376793646
-1625770265
-957420889
2116497316
-1033187650
-1098853778
718461378
1910981978
1923148788
-1365458658
-364842381
-955430362
-1990964821
-832694494
-1599498080
-183751020
1297245155
-1630637028
1131820407
-2057420903
102276847
-133137575
2053217678
2115828712
1234408498
-1082418363
-1787939510
-2068813180
1895819053
-2107090911
-152078459
-368785770
1133831864
275385842
122864235
2035192960
-245268849
-368157252
481136292
-497912783
-1740096240
-1777747472
-673876809
-1582873414
-1198558910
-516176350
-1507285843
-507613919
1917232409
-580026882
-1871465484
-1880662411
-518850569
2052478844
-1630804602
-1237277918
-184017546
-1550527406
-1660727222
-1747316858
1162609764
1746548394
1439598522
1685120963
1486842382
1263553813
-1307989307
107482838
281402817
691767742
-133890826
1294701288
1550579853
743102690
2057268692
-649057564
668126540
145353343
-747130228
-608929463
326358242
-855514293
-1662855731
653469761
-1589585211
383756519
31547891
-808307983
-245912129
-927580844
1111132519
-951259119
1983486194
-1545151066
-109645500
1822142911
722659613
2040518646
-152370626
410324624
1017053724
1291734172
1301996479
1911695336
-218511179
2129546910
-490699438
-364871285
947348625
1678251874
-1151444412
-874430861
-743989625
-580894293
315599752
-1243687197
1362779936
1378631618
2012324827
1348443068
1909395799
-931430157
-896632280
1200397070
-2146374240
-1705444805
-1721344468
-1188447759
1226731819
430966334
-1731720355
-374007914
475694441
1267388542
1550132744
1152454040
-1935008818
435142602
992790200
-232955497
67715545
101094387
-71772194
240745479
797897041
-1987761467
830548398
1257420869
-39378736
837754933
-925802426
998187499
1052694660
-1053639210
1068310549
852898660
-636072140
-1461654126
916462714
-1879152190
556356481
1592075157
70118571
-130039346
-866220690
-545426548
-1838167336
-633834912
129115170
797066511
917283215
-439191567
639202283
-1894753446
949619553
-338836114
-760741754
-291560381
414918854
-293851570
659570589
-88571288
758935613
-2121703962
-156412016
69633703
553245879
-377851909
-656667016
784256210
592387637
-1841955175
2001020264
-1623560285
-282611537
1470019874
-124017675
67422189
650050872
-111683415
-512370696
1826253588
635365726
-1133771392
-686813806
1152720063
1349351638
1476690447
1295270767
-1340561461
-587176615
-1897419033
-1506648241
178246274
624414920
1397963798
-796350782
-1326980596
-32541290
-1489527876
563380274
1391223077
-2090337946
220170718
2074066982
1305222672
33572338
-681067143
-1474361660
-838102070
1278282799
-786950438
-382078568
-67620221
909825454
250666796
-671210093
638794569
1226393669
1968434514
-1423280811
-1465769210
-455835666
31114231
2106566574
1357754540
661889774
-622330654
1591255650
-1114092882
2051150905
-845965938
778304812
117909425
-968169452
1345777913
32850181
39933571
151289596
2127995580
967071653
576901452
2103470790
1408587611
869658441
846270466
1511129607
-1388548642
-1351625033
2101464610
1981826485
1562121888
1814599039
-398723172
251526414
-1706161306
553763970
-490344178
-1448268872
-649907021
-739185992
-332157131
958481961
1664471129
1672667693
-952479329
-1721382840
-2011239085
1510082891
234239141
793055828
-580431662
287818847
-924078440
1636151301
-1206314859
-798616747
1832512570
1502768624
-1478971779
-1220657210
1840947312
1472454959
-1388256928
1550182196
2134932276
566773056
-744016100
-1433672301
751934416
34657325
-1458910225
1193468939
752513608
872021229
1212240646
914329596
-1758936041
-740942838
-1634005933
1223999042
474335262
-1034380669
-1334852701
1987575481
1556188633
-900098317
-1668010769
-1107467261
-1720638509
-1933017870
1322791409
2069988232
-3919524
-1289343302
1520698618
-828051010
-1771178120
54895885
-1848439550
-2119385430
1105784089
-1583601322
642318080
2062530213
-316970351
-128414194
-1615939460
-474977437
-1143531455
-620033695
-1618366623
-1545582287
1649677462
-14838256
1572473623
617102461
-1721498314
1257701016
1402518225
-1571312741
-366442635
-1096747372
-1515184861
-373110586
685487117
1668015711
1218383062
-1222279068
1408281102
982600957
1985963775
-210729075
-960670445
662690875
-81371570
-1539682610
-734141770
1334489876
-307875933
946199849
-1298818235
6773333
584977382
187553632
-638053963
1736206212
-1021424873
188888946
-2065637674
-407049730
-776717149
-1047824283
992959432
-1192556962
-871225094
-754042298
1360990125
1675519013
628971613
664183406
225232031
974213527
-896191748
998439942
-92047388
-847134237
-777793985
-1300669236
1821088096
-819885690
1792637795
-347319786
-454406582
1474526448
999959369
1192155671
174435106
556356966
-618873974
-1097323168
-151119646
1597014058
-1039564594
-1229185879
-1596171917
-111526950
-607739298
1015350994
-709435550
-1827821547
200678134
-1408718044
1191734483
-222778524
2123526879
2118212571
1553804725
-1386294442
-363559107
-1729538840
966443319
-764177684
215872165
116275954
-1719998855
-2018540745
1808329458
-990968162
-575160186
-580482497
-1233672103
462872591
-43784830
-1948316633
1066052025
1842065072
-1529369313
260606606
-1148818889
47145264
138441301
-1359849929
1772510218
148845006
-9061294
810104555
-1117504365
869034710
1866695342
1596796317
-1743252048
415133546
-1147666206
1562293455
-1014595504
-452588411
-1577661190
282403637
494402634
-1243195843
58336650
-909765481
1254977898
-1699244729
-1664701730
1598029051
-1288491571
-569571136
-1343948940
603474434
1725232494
1305378858
725076910
168801938
-1433733376
-641527372
-922959677
1049998517
-1776240131
-2078641987
389068534
1891504576
550787582
-1940477798
-544181493
1720334519
1799201613
986726295
1174478581
-1864780049
548529336
1311442492
1613996499
166455029
-1775072601
-726526256
1863385885
-174660178
1463932785
99993890
548228378
672544191
718949610
1433312902
-345922923
2039854382
695900992
-1852544482
797277135
1472448841
973154567
336148826
407518903
905962694
-2094036847
862699713
1555801688
241749035
-195072381
-1235398416
-350573166
2086681712
-1367867996
-1518102557
166719756
978311138
-1748272136
-1206996365
-1634878359
1121287497
-546126579
-1479519713
-1886832967
792423757
1480396179
-143066354
-701144527
-58531307
-442512334
1532796500
-341712097
1536032048
1333517208
-1016064908
793428503
1918906296
-1588975152
-2142946267
2126880114
976912564
1066633434
-1394359975
-108265992
-758426178
1891398775
-1195847558
1372177116
2080350693
-1654202045
-273139210
-1106126616
-662855980
-969316087
1198377469
-1085624072
1890546739
-369334190
-1637492599
1296509356
-1681493684
2096292159
1547720094
1654120536
1334164721
-631359592
-600713774
1215044927
1529716637
1350113828
-437624048
-585576703
466537433
791096634
1511134616
2119125329
1256147169
257706648
201832777
1517599466
-1990139001
1712810610
-91356382
-31027517
1149454678
-1090876978
-388490490
-1157157759
1923756537
-1588977138
-114393665
1991363628
56769246
-340523570
-697205948
-211070683
676682006
954644207
844027198
1393647703
1928988030
-838891020
-1487650360
2133337517
549881635
1835477644
811652726
167410883
2019819490
-1038527121
1855168409
-1144557345
1408442191
-1714562195
1945495488
1060325410
-1993433128
-851033661
268694400
-1595830790
-564792791
375690160
69154168
-1434398502
1418509008
-1864025785
-1390330225
-1863842003
1543636516
-1243682938
-1258885505
846253959
-1107536285
415825320
664774807
-306642915
-887754726
1744430007
-1167814468
1286158711
1791428809
1737768548
1591219376
-1287294877
-1424901178
368249882
225330582
-2136497364
771615073
-2129526960
-2122136139
-1714147828
2094097480
1047570974
-492220804
-585469218
-1328344787
-138129645
-915270971
682346519
-1121067867
800418629
-258244259
1262346998
-814568621
-1339863640
993995716
-1322438406
-226056123
3755939
-1927293648
-286862188
1153275293
-1589214496
-1877283369
1638480158
1807090547
-1895700381
-1189085586
757428747
1770492154
-671972130
1144309740
2121980254
-583951391
-430709182
171252627
-2035703456
-29687301
-431690087
-529944784
1462783372
525981985
1419245586
33649056
777209550
805585239
930653789
-97705066
-1127416084
-281430739
1888287033
-883607396
664295236
1290173543
1954313290
283001943
-1787937097
-1187437345
119631919
-2056226802
-1012221211
-463723094
1129703636
1677390956
-1461923686
595857530
-1567728381
1039397765
-2021130361
1684337986
814388033
434310934
-388676300
1143462943
-208840745
2052269840
-530785483
-1658619530
2131331118
-1826771881
1192305819
757694553
-423362720
-1176939578
-1897496915
-143902930
-263243766
-1840089738
-1571100456
-1089064302
-1715554457
-1449944000
1572583395
-1796711814
1404933530
-177665665
1932970086
-2133811813
-1273710774
-609079014
-1985485700
44955404
-782070668
411070913
-1477816137
-1852003800
-493918085
-1271755402
1048687700
-1586505544
1906755459
-1615813042
-1897082705
-1465133230
1399788800
-454769800
-1373127687
1755767803
1486800777
1355293310
-972385497
2074878739
472311282
1126029515
-1836263635
878118514
-1996994152
-629700244
-473634453
-736394547
1646932478
-106351846
1593727847
1599190878
-943850088
-493004169
-138869315
291630020
-106619929
432739480
924243
102238247
1735101637
2040772035
236430800
-738989153
-298155775
1449535609
-859163570
-255965994
1443622958
488779958
-1720218291
335532267
320944056
1150689142
925678315
-864869223
-950266057
-936002949
93114449
-194550888
1228578311
-716088243
-588438672
260868674
959176216
742428802
-1131483667
956837242
-1560512510
-605835201
-719484583
-1657023287
1568101467
285491966
-1739081051
1704219337
-280486324
1565796241
2050867412
4964294
-1426959518
122145126
260381426
813562529
2106129569
352839179
2075015492
-561392649
-234855202
226207476
1848085952
599213955
515137614
322179964
-1263751233
415066048
1498610009
-2113003735
281511664
-79110190
-2147182924
-1712269261
574927248
-447860826
-1834488146
-1017021881
-406087209
-1878981033
-41329719
1711237512
1423830709
368860883
-312318325
697719253
-2138475586
-490913090
-202925930
1620387409
-447587231
-1555277930
704113910
-1701044961
1888200288
722508311
1776447930
1337836397
-927586437
-1970803744
-1771311419
-717662796
1188446830
-1572317355
-1551391259
2066122813
-650414306
91696583
156467236
-1275180058
372523534
571565010
-770098082
1667537701
-1914962153
624087046
-971279597
357798733
1121436504
-1807732791
-1659993218
-1710727664
-1515036054
-474868101
847953382
-904483004
2094469848
-1619186981
-1312399565
-2129667350
2133681614
-772385111
-1967443517
-394868885
-1202682353
-220738421
-523966594
948584483
-293146068
-1560934348
1845657895
620981283
-2093013518
276966594
-1869195531
1233022258
-1440159964
-173447833
881170018
1612671765
1347037545
2117545035
2008107329
-1385787632
-823542393
-354772047
2054175254
1783215020
756629457
-804442792
-1611511391
-1445802823
-1857357346
1167821859
856361404
502156182
-503862405
414669819
-1349865114
-1744501841
-333222174
260250612
-483803618
1370575687
-1479529429
-394819922
1417467509
412587127
6246402
-65792771
1470874078
-765060491
2026617241
709002956
2030012872
1669414681
-457174048
284137022
1242109934
-2010889059
2132610547
-589743851
-1738349075
1560809380
-674879788
1790252119
-366636522
640482685
1287848025
-606599634
626027909
-663397720
556690791
1353837072
837048178
1234320792
1447800672
-1426130145
1937799622
-107165254
1940756185
734165201
1010154225
-1227743563
-1578992752
2083811795
4126970
-158828557
1255358365
1594284330
-1768332841
2060992608
-1154297370
1996769691
1180269822
-1831068047
-1807817768
1934433101
-1454458309
269958248
-1008089517
-1633833044
-2091869756
-1899933483
-292511259
-2142038129
-542260854
1286351711
-404718022
-1852737636
-186215471
-345060924
-339751725
1094831851
794958594
-893503203
-1824953610
-992803863
526737088
1469892454
264326885
-872129666
-92113352
-1332983490
-2013637550
-910311822
-1640633411
1316517866
-1213735919
1968992524
230573459
970632095
1475162895
-1524555525
-643643382
1944614400
-1331170174
97938810
-1457797938
682811621
-690889887
999640494
-1109390467
-2127276707
162117399
100596050
385896314
1336372982
-802523278
1570387861
951228160
-1520353477
-1789754399
-1837352894
1383925625
-1139948163
-1423126050
205740833
-732912880
-1797939498
-1515163991
-622032483
-1558590587
-1562365334
-1365086154
628229798
1062575679
-1542070800
-974028441
682416344
-510100057
389670512
1170308477
-991939876
-219980877
833368397
-1714368820
216563214
1315609024
-1113650810
-28801874
1300097888
1900712356
1401779512
-1784458055
529837693
2144541699
595779431
-144245964
1021527857
-925587487
881662461
-181489978
-1959166713
-219236487
515767314
540842864
-1596395213
529061452
-827187091
850630844
2074766002
941382780
-1662613430
-201748682
1161380015
235311961
-1216403875
1121337627
1745913640
-2004873412
-1766025706
1491692112
1990975953
2026853011
-2088795354
89025429
451420472
-811987395
1880917314
-420285190
-2063725015
1754895128
-559188953
-1383505007
1288963923
-651409193
-383158307
559335012
102323499
461848088
-680175297
1638383273
-1586997233
1625826741
-375269703
515288884
953873583
710497625
43123027
-243208404
-682696024
916363606
-611326481
-1313868799
-850542223
637202870
231605966
1385604765
124196730
-2031317873
-20420264
1670535129
-972513390
-2097311333
276970524
-2128476110
-524056440
-1650617593
451500308
2046686907
481528597
31504267
1752770606
-2119914667
-374932999
608104890
969582087
-814616546
1375023203
71227547
978817785
-2119733721
-270335339
-191040137
-1600975273
2115363177
390796487
1748605684
-1126555146
-2121197576
-46515124
337942882
300089840
994586744
-812757261
-1799396268
1316619428
-2067870768
1453851823
1382251890
2143786752
-910481890
-1188638854
1518614670
-179654398
4737770
1202703733
1377840372
-1201172869
388683933
858732883
784852997
1361227797
605685555
-1122632456
2042934534
1151101080
1911940655
-1257551268
239308341
945912424
-1521547825
-56336715
1695910685
-1544976047
-1037893759
-1103965227
131620907
803497095
-470511211
433857488
-143735936
1300458727
-660782541
976437985
131713799
-1359176829
-1583235698
565670797
453089226
1649994845
-1229888679
-1825982199
-32710015
-1468518031
25999226
1507625944
-1899217556
-934243848
655731197
-214453064
-508092574
571488747
906488394
1508143550
-498725848
2066480581
554088858
62147007
1750494726
-1144129907
311488679
932655602
-486935401
1002658323
893594786
-820254253
2094828769
-382135431
-1260693654
2034217289
1300842148
1787486196
-1276117254
1224785162
-1501054218
1180758996
-1702809566
58264894
-1999583217
-963351615
1370474617
1702726242
-1749895583
-485290426
-1002212463
-1038644113
-1893066004
-25222765
-780744852
-1746063302
238422735
-1764730498
-83610577
1578049310
-284986335
2097619403
-1612334315
115911895
137670657
1884539052
-438001498
-327585872
-112746005
-1624814198
1547013671
-1043482911
292419661
465295365
1680922196
622691122
-917478823
-1912661191
33411404
-900733469
376360733
-1431754429
-1996258356
1494936015
-815986224
1257143043
-966785633
-757699890
-1136900243
-2115751902
-1446290603
345669467
-339248763
412732246
-1033783502
682121334
-1269728687
1348202212
740054377
279362507
-160340474
1338498406
863987594
1596554260
-435505811
-611335474
578208567
-594701381
-1021055566
-615773782
1925335070
-139868734
-1881671301
498483369
1391341858
1886251239
1356562236
175002717
-1042103077
1871266050
-1278162743
-1439489726
-170256063
-1395488078
-684060628
629383678
-1253974365
-726491848
1015236024
-1926349334
1442473437
-1518549342
-761683106
883424208
1354978761
1051608619
1209573694
-480404234
2126103541
2009106657
75046785
-1261640613
-455957354
1355811976
-248981147
928288320
1350026685
1460931774
-1690471016
-1953645591
1478281672
943808095
-1109932086
1240061860
-1509632742
1823808810
1501632381
1719416074
-775363826
1860833188
-1760198626
1267134852
-1313212888
562423100
-1569997223
-690562799
-1489397875
-361123153
-887357783
-1267575995
1540774325
1803767981
-976453331
-421815148
128012894
1158906044
662972098
-630796336
923582403
-1032389539
-1007666355
-1708620817
519261453
-614542740
-1467215528
436863506
-1821726199
1908848332
107889376
-958638142
1358653980
-771872701
-1805079700
-351024772
1392729715
394498209
946171745
-110532241
-1129914498
1924055848
448570516
2117654147
1728625054
1125809447
2112057377
-1588828259
1858580764
1469238503
-1181831814
-1809168607
1195102557
1346929355
-948931902
-1726397768
-1965229229
1768427698
-1168570789
356275026
1222600503
-852198497
-470214211
948969838
933891444
-877837412
319577481
-1853486696
1972775654
-187669030
1083228893
-2085853901
1285968963
1878514973
-668992022
965483384
1708575961
149177430
-87679550
-1243627842
-1802496903
805076881
906579318
264813051
-1377836877
-1587245295
126095968
1558925962
-122948286
-66326343
-1716216900
195199534
-1621782583
1492530092
-1246169219
1929964886
259742400
-502881736
1222197342
-1499170398
2096307112
-1732106769
-1052894922
1817594021
1492357254
1862846998
742590864
-720823572
-1057345394
-1476755389
2142867322
-139174081
-377502691
877726529
-143983971
-1159040474
-1035335700
-1917635530
1853121677
1200411054
1683476354
103001608
704207458
-2018948756
-683123990
-974107909
-1923150969
321870530
-319433818
-508794722
-1593110063
-1050843807
285615331
1158395367
-2135021869
632902670
649372397
1159772061
-1890297232
-228535897
-867551772
-959140106
1748606641
1001998952
1893792688
732219008
-1132806953
457719146
-1586784975
-250959549
-1220016204
620798573
1288147643
-860559321
-582983882
-2082838570
-1356483647
1662374291
540039492
-1672131334
1116335567
-1256874153
-1353014324
-2049401700
-674206019
1730092747
-803474404
183864244
-1463546335
-846448840
1158551409
-1263910798
1269162501
-1695944075
-806160179
2048902529
1783425753
1776413653
-1779847155
1430089104
-1509946709
-1861138112
1526525498
1225812749
1151056788
-1997299041
-79996130
1907269683
-155698827
495614845
1635760154
-634918074
10228451
80753386
-1206395849
-192318691
1276269919
-1164997213
987159930
1311422433
-688207670
-1876476305
235928443
531917843
-1260524009
894636235
-1078124744
-1865590317
-2009746110
76192201
-1460861914
1666832478
1035411072
-1675652300
-1564320119
1845401048
-1342686537
-1287371528
1561236228
291486027
529612591
969187520
-500706445
597795055
-2104582006
549647329
1296282872
-1438596949
821389553
1148408694
-1684237484
-408263461
1920613776
-790681909
-1908845193
-2007474861
-1365326013
-932416514
1603561305
651023524
863007377
-1870998813
1188560138
2129909661
-1688290600
1092758056
1597174536
-734506732
793670858
-146957639
506126288
-1699054106
1249037335
1169112421
