-1825556708
-531299732
341272598
-1159646209
-2047176288
-436545119
-591044197
-694937808
-1325799432
864448955
-1040283603
421645403
-1214211403
253652699
-1733059524
2070963904
-661691284
1643158130
1773433971
-763273318
106794425
-1881431824
-1080722591
-1728484096
-1528701562
235566785
209511259
844001773
333695373
-743663495
2050274463
-61088867
1485875994
1794480717
-1731388996
-1622212582
176749589
2084682437
-823357903
551703061
1410719807
-2132513617
-794700972
-1745388039
123174587
1778453590
-2140811403
-1777482691
-129962032
1897739251
-1472611517
-1508694791
1832829677
-1356897436
-1062190739
-1595658052
1253138669
576974619
930509964
683119260
-533410149
1488808536
819707711
-890263667
-163343497
1305804954
-702139753
345880310
-279263046
1018327634
-948775242
648519809
-845048681
461023450
28828082
-197520590
-2055825981
1710167461
1652095166
-1908497990
-899022025
1562857654
958128011
-2110896115
257131572
1285663317
-70370837
118371890
-1616968569
-44129280
299058103
837678169
-405010162
-1031371616
-1323654413
-1055181774
1515145338
1733786620
1735374895
-609164420
33459285
1594755442
312676655
-546548773
933961286
-2074043933
-1392123442
-1978889234
-122731116
1111658735
1990829855
1395463584
-872965912
1781674338
374626516
416210366
-1516689322
949491949
1631309027
-1730742070
-770587746
-50969832
-2069810842
-302751474
525328558
-1525692553
1787805890
333119987
2138302058
-1760442597
-510651381
-1764514670
-2011897936
442056011
1884534695
444961163
82762390
1073260404
-663558608
2094529558
1719760885
920369245
1217432991
-2129229225
-125210837
446073502
-1395195226
912625397
1504184859
718341714
-1627257252
-1740126228
-1053303432
2065067531
1129382431
834713250
-629259965
1255950086
537304501
549184824
-1050849903
-2095902561
1338577844
-1726829277
1688362897
885423878
-1769412572
-1441836294
-381064499
981085491
46785890
1474661264
-791831888
1464531479
746881862
830848581
-1893463992
-626227949
2106858632
464623769
-477788085
555580845
-1878485409
-1718761727
-436677281
1755626113
-889692566
39184126
316578453
-1231795339
1490674387
-1063975318
836051510
-902890704
423225521
1788232724
1315024066
-794823733
-1391041362
-1830394481
-483806155
964393673
2004597225
66614855
610705292
1392179268
-847477987
1888273364
400730759
1502985577
1736067586
-862270574
-126483025
985349670
-466104077
-1519129231
-1662553446
898282017
714330832
618526728
511959148
-1045475093
727014693
2135024112
1861536929
591895925
-815716213
-2114173873
-1760203766
-164531006
1111593806
-1046320462
-436019179
-629419042
-1419697584
-1847063520
-660341679
-1839560434
1408347180
-687931029
715743280
252134472
444109469
-737440567
-1966151411
-1866548507
-2120569311
551356066
1362346096
-2051026284
340316121
-1010564181
1479445137
-669120622
-535298637
945571890
2052552986
-375946729
1704905930
-1296950085
64636465
1521651475
946044428
-997206068
-1514251339
-1636995047
578601244
1513730309
-1074550074
822523547
-1514061446
-911527565
1993799563
1846779480
864051681
-53816028
1523096878
-1954735343
511756784
-113397250
144510507
861113730
-1213748724
-1462880308
945722570
-789294192
-294266492
-1728684647
290199529
-1778669634
1370895093
-800141247
913893375
-466582555
747295471
178910788
53336157
-2109768924
1589451992
-239412003
-1989400395
1425325844
1057925648
-577412525
-1946746144
1156891712
-2121824427
2136355214
1481674971
888551892
-1801427863
-1776917780
-798757102
494356627
-454190607
-1942497707
1600487137
1678986510
-774231648
106207884
101145943
-1522695918
357571732
116192712
666370620
1786267745
-702684161
664068994
-1719841963
-1536682843
1472110602
1931156368
1935570917
1654396065
606433525
-516884877
-478947209
-908713303
-209045886
616284908
1440429787
138323540
1832411539
258826452
-1958987155
1149787503
-112804846
-120900307
276319388
-1127006156
942230288
1772604275
433439146
1801254075
-1334005968
1753528376
850282928
889226671
-545478842
-1667788561
-324735515
2003718213
-74606278
-1652159225
-1360519650
-1910481558
1817920818
177906747
-1421307240
-727803333
-1349712144
-562807256
-1942616587
-1108761670
640829815
692635423
-1606481020
-1290135107
336597237
1157348924
-1648261691
-1448235735
153272028
1623658679
-666009301
1406819680
2100655185
793106041
823424803
-1244423945
-1214073142
-1500134414
-1193591467
24393132
946354929
1211983145
-192600791
1232827287
-437126705
-892176876
-776794228
-977633378
-761334746
1396501545
1868134643
-1787614931
-1337702371
-1809283788
182239647
-1275085017
353991970
553643883
1165178403
-387495913
-960288245
1407835839
-209675229
251693482
-203466370
888251252
681002845
24744801
-590786413
-1861609997
-486081811
-1463762814
260086711
-1422726178
-912123188
262628687
1392084435
-973747611
-773459559
-1713005702
1507548588
-521033257
1413156507
-1683365417
-1508692596
-226468228
1271857158
-715750573
-471348958
971725473
-2560643
305789220
-962177626
-262013453
-1590765864
741260353
-657674176
523568656
153713446
-2082325996
537482922
234878043
-1976488971
222945390
817804819
-56460017
-147975984
214463675
-1087241146
1886999446
-1044734199
-1426773386
-1267988725
-1821972453
1738492343
1847143646
-1135317555
590473821
-1156927998
948932586
2146869628
1908975046
-1100365923
-1652630407
-999739724
-2007659844
2029500820
-1591563315
1388260895
-1056802506
-61483193
1917781562
1643990806
319660177
-1174988363
1866365210
-1618843506
-475264861
-1322476291
592910339
1861071921
-782034928
543375906
-1650336453
2123044811
-1874613284
1978380558
-76341908
-353361689
1359385665
-1162742055
-1350958445
1509594809
749963971
-1680194486
-2041036226
1292617278
-679938688
1401720989
-1102937354
1785326754
820775884
-980343674
2050827513
1214473185
-1152503811
1039946102
579887660
-530221649
1072534146
-280504036
-834012849
-420284260
-377195974
-434321106
-61745038
-444261517
2010877443
66637672
-1057326425
-819789085
1193909136
1258703316
642575608
1982012769
854775679
2100205388
215723675
-2091691700
-1396112726
-1428001731
266788963
1928554833
343761084
-1282658387
760182650
1824482064
-1369732089
375170174
-1887541427
805143551
-971165035
1986159347
1614804679
-1923196786
1068765308
1424025203
-18697024
884670860
990428022
954479501
82624439
-962563127
-1969089616
2136627772
-625912641
-681800197
-1475187230
-1546889109
322689463
-1121179419
-112932193
-77324102
-1398483266
-612923979
-1600803090
-1568290430
-1439132955
-2080588115
-1941409256
220080150
1075726373
1117658630
-240970557
321477708
531243666
1669627664
302511423
169349179
-9208112
195304861
-435817185
417493061
-1913906234
1135900576
-1194531829
1409556311
-540265583
-1282267888
-1761786924
-1332958353
-1737314372
2047592978
-1012418103
-1507572130
1889004717
-376862890
-826162872
-1885550897
44351585
-15692608
-560303209
-324848249
2061940827
219853387
-885819148
-2052691219
-1074412839
1490303786
-1408272662
-783580979
472823625
-1127209169
-532115483
-1861149608
1466528251
-630868368
-1428764663
1699665007
1867020054
-252706009
-1827183810
-1748092896
-806661936
844289498
-2128375665
-737199760
-1515447079
-592046149
1201010356
1025638490
-568066793
-1533311151
239334893
-686003688
-365338727
378049366
73970448
-1647200096
-1212788284
-1229422621
1645035493
-1210632591
-2045488430
1441348042
559576241
-733425010
-1022469763
-2036892606
-566866160
124582090
-2023685898
1814375625
-296228345
109521478
1445728540
2142179654
1394238297
-635626952
-1729636886
-83540883
-2113388007
1743409901
-636224976
-1551102874
-560057728
1056614160
-789784187
-754911311
-396547328
153350956
-204505733
628778051
-1322168679
-509873297
-54281708
-793389835
-625729430
-1997590096
-953737867
-1423197922
-1574577014
1063931826
1441441497
-2019194242
73599512
-1202245207
41973959
511534429
-1445422448
-1635529474
-1665795449
108822259
-1748358560
228630351
646585554
-1631576566
-312265030
6361529
1272362440
-2023556639
-1589289813
1361595481
1738483750
-903666861
80934253
-1632551410
-146421321
-317006792
378971128
1204345988
-1710441205
1243939083
-1977767970
488497262
-262262170
-2081691443
446957912
1050247698
-710720517
1210834728
-867241317
2129197578
-131079846
-1683972906
1319291504
1142409800
-532840923
833053251
-1213733885
462885722
542472202
907384945
1393154042
-1961985554
-98080788
-44164069
-1599415607
1108828313
-103361949
874354461
-874142652
-338986541
1519315814
-171406318
-1521632139
-165939642
-656252601
549189694
1432830383
-1200172217
-2056756514
-426004562
-993231902
932449700
1130845449
-117975139
-691482319
563920031
-1485771949
1843733274
-1546260543
-1871029958
-1747281934
348763622
-1964949292
943502773
1345881847
458936738
806156565
963209557
-1733257024
-1545227991
-419341771
854570086
895356848
-88066502
-82314826
27795585
-799677150
124013914
1106518277
-67673838
627505562
545467384
850959054
1268791316
-1330604995
-1349792559
-1103330932
910713630
-203627134
-772649322
-1868176546
-621751133
-395017942
188487883
-2081796319
-673071755
-207944851
-324080911
2049089210
-443602293
-1479256715
-2067842585
-945777997
805518083
-2022357745
1128038284
-863366391
-710462871
1968792479
2113953961
1973889347
-1340806343
1822646357
-1093677810
-2125658170
1848536482
-1024700002
-1133806086
-1725844889
374451852
-1516658212
952071871
1763253314
-1873102116
-1437035688
-1158190170
-1060778295
-1450781962
1463390071
674771727
-1155240417
-1267778941
399815979
-417553188
-1280659802
226148468
2105825964
1930857488
450334678
1150370629
811169384
-474313038
-1039404976
-674450042
406397752
-351784969
55562034
1821861526
-254692397
-1959964513
-551956820
1969198001
1393101191
1112986015
1030998995
-1643870931
-630382043
-1877590785
2050006965
547470336
944443708
-1912694523
580148653
-73337979
-6301558
1251527059
-1089363209
-1589380225
-1336290385
-1124981811
-221000826
476294749
-325539036
1980635134
2113347604
1311868863
-351993238
-961669700
1942835579
429760313
-1254599290
1634799177
2107495747
1390086998
-742344276
-1250019013
1630992251
-1466371874
-372017863
1527054175
1654502860
-1993948581
-595811610
454438875
-159926326
337540058
1397314618
-302455918
-1465124723
1368893166
1045227328
-262163765
-43256448
1184043769
507085690
-553049836
1671460472
-1283609170
-900795883
1537237860
1540506376
-1180739631
-1939716771
-1285430145
-1621599981
-1220472255
-2005662862
1515793310
236615841
210960184
1517406268
-213644978
1053825270
1562031056
-1390701925
-696177000
-611247392
922131912
-942395165
1211011681
739167313
-892632696
-509116281
1090406676
-719253204
-922921886
-1790413549
210678397
-2084780701
1260713754
2004097631
1702699512
-584733631
1875416231
1581647361
-516397878
679444740
-2106283717
-539104253
-838153522
201784494
-5245567
1753041621
1663669587
-747313892
-886775259
-1354800508
-1223561148
-1030063785
-1694558312
1677519660
710531466
1214762793
103042580
-2079310165
1184733869
-1602095629
668703198
-1647973993
-795297599
-845679939
1256634314
1720768369
1946386047
1644358031
742727172
-707228134
-574847823
1747912702
-888089332
-1733612411
-816325421
-569375479
1398889730
1090789549
480494071
-1480766939
-299818205
1492371657
575468521
-92333675
1401310099
1040413631
181084306
-61389313
564646748
-822840107
-1235222623
1906659132
-1464578378
-323993938
-897973145
-1406207889
450873224
841660787
-428488190
-1311528104
-1686994897
626477135
1036492221
2126658794
1320853117
1080308257
-2075604042
-194124006
1480524547
1165451629
-1225092671
486050809
900845715
1130540946
-2075468660
-409627132
1879402496
-428527806
-117099773
-154531397
-1997611993
955394605
1423733750
-358376337
-162717134
-636631553
421546488
944366688
110920219
735741069
1073445256
-353765881
-1777202321
-1215163574
818310518
-114425169
1936921172
1867980287
952870271
1668795465
1652095181
-600500037
-1248728262
1529741953
2144454715
972961031
-2137362120
-539370228
-590192858
-592290
-1161871259
-1126987965
-285788355
272767451
-1589602380
-1492045579
-1516435557
1744225588
1448485371
2140526712
-550844597
-1980354330
1426269723
-516283903
-1837444082
1312113073
-499444381
559599669
1508458843
1099023687
374742069
-1617055233
1867092902
1309820479
-676620054
-1833494108
1667656677
648719183
1008901362
-1406717677
-2066618545
-2079386182
-1847141312
-997736575
-1728727194
35762951
-1183666460
-361221067
465450551
-1767934477
1527056632
1623132832
237763296
-1304761689
-777745216
1645534128
-1765035437
219388461
-1002497267
-2088849307
-2134097832
-1938050784
1418167777
-1100846685
1801940184
820305315
1898531160
316232010
735158615
1525192852
1074032325
779233411
875133634
888098304
732036635
81086301
2049454954
-1623385896
-147611250
332571031
1423976784
-2057173531
1282891641
2089469119
-1712913246
561451513
-1727885695
-589225093
740115077
-227518618
1124427771
678904358
2031953941
1382031028
1657461898
-1135241058
-1703452247
-552745331
1280216844
-1251984037
92525147
-1241598212
1971132855
-1392333372
-1141811257
-1136733226
944832894
2053064637
-1599633903
1561928311
-968819783
1443121284
205103149
-523725134
1922722308
-1141807939
-1705357222
1882471170
2108502118
-254390838
-759962386
1011427332
1633438133
86227040
729879897
-239599831
-1963409863
1208858711
-1619094685
2080562342
-1803362160
523732416
-611455816
673445040
-1161300784
1118699324
-689536859
-152809499
747677170
559381899
1933151780
-1803724019
863432045
894749795
-990208491
496451073
1463832865
-348627838
-1622290994
-194957846
-754738314
1605763846
1999748565
983576239
-1104186939
515824124
781396203
-1838942296
-1929810698
-1843259850
-1504417971
98103191
1242798185
1443161696
1714643509
313095127
-1862239463
-200233131
1327283110
-305144107
-1422127361
-463980114
1076047465
-52559425
-1259189580
1240048796
876505682
14026108
-1369300647
-368299529
-2023427897
2147215067
1469455546
-444186730
1757984130
247857678
-2096499279
-466026016
-1372158059
1334206809
-1285108024
-1574644829
773097134
-204619003
-1091177182
717369124
-360961892
86280859
1661225882
-372726666
-458190063
-70971058
409912364
4088079
-1661317719
616958392
-1422750829
-952099689
-1946316757
-186979639
-2023634124
-258310397
1211150605
-1128557061
-125295302
1967870946
1349285949
-677139254
-1147646207
1016209143
1676171806
-1637004957
-517050953
-1331894777
-191832368
-506327397
-1668736704
-111721485
717666740
1469629218
-447403686
1336875272
1970885935
-1608193032
-712593150
1560505493
393729709
1732319775
456903701
1218925501
654302952
-1420566639
1196172089
1772876175
658606697
-1531273356
-302888451
1522656339
-1459325362
-888885877
-1775609026
-902581210
538037582
1920758000
406026189
100669129
-2101108486
-921469441
-229110962
1026825397
140120901
564255637
251329378
1494391666
-440724410
2125981562
-1507449592
1536649512
-1219905477
-565866981
565759040
1656372597
365849041
-1940862596
-333782544
-507622527
-465994591
-1742693524
-1337703413
-1055332016
949871614
-1142884615
221600752
-481634217
1683624429
-1642640090
-118440177
-559086767
-633257356
1166455003
-841239086
2062206290
1442297623
245220892
728091833
-370078180
1238935199
209186941
-1103768633
-1732577360
-790305507
-769755947
-1625493476
2044305704
212174893
1917682225
418816995
-1960942909
1407060863
-1882434037
1185345646
514568001
178108819
-1918439492
2044065438
-1088276879
-1896325949
-259324114
-1155876472
-739959545
-1012237178
1752251093
-616765612
-20357709
1533913842
-1898534689
-2058367896
1697752942
-788158846
1767532457
-119089978
618220822
-1453894631
634753397
-1664729166
1571166781
845600071
859559770
1803086232
-687726275
-332775734
-318910597
1851674667
96196239
1794290518
344289915
-1890437935
1484524892
386262680
-1862763472
524386621
1237756244
1042173048
-1745640554
-1894362531
-260826689
-1977059170
-441655803
715083127
534704593
-252153288
-417717850
-1196121202
-1327353279
1796866041
1084054307
-350263542
695867420
1351299172
1988987549
-1712449641
-1549630250
-1050631607
1711291363
455837772
-634694751
1648841103
-491401761
1067156496
-2064895999
1506798644
373177683
-646785991
1648804256
-1884556398
-74225979
1496747381
998195550
-490394141
-1799294024
1229506285
-111096916
1385966599
-1123981540
-261677145
807666714
-337451132
-197460730
2025961003
-370942419
-468402995
1480479139
-627607959
2136317813
1948075462
-1881930902
-793845287
-331976993
859035783
-2100968304
147895780
-1053686457
2032774752
-605909055
-186903422
-181709999
1992619804
-171641844
1617040163
-855035783
-1952228214
-1541559266
-1523526701
-1732876441
-4015560
1756624050
-720073576
1864741767
-1015607935
-529508792
-493412066
-2027977767
-1887378998
1490933268
334312085
-2136434939
-1872249592
-2066169287
1422510554
2016265394
1483755652
-1629385418
734003156
848463895
-893488670
335375520
-1335080928
218439633
-55631777
712355601
1192575472
-1504422153
410458713
1197604192
-1492241616
-827307157
1373030164
1006172946
-1188851223
528532850
863795386
-748291569
-1124319254
1955656839
1840925347
446281112
1440767140
863610219
-574283817
678905976
989909334
187712896
-2079947312
-1793207687
1265171305
1563576151
1482915715
371360025
1417025820
1764342919
1760984225
-1835667587
2034654307
1147222208
47907097
1609240998
-2075408372
-1658170849
562938082
-1752883486
-1873986780
-658812221
1615606774
-1491783804
367152792
-1522667617
-972364127
1799848407
471656734
454170769
541723131
-2016699825
-924996267
-857393740
528746674
-121523455
-176249301
258958833
-244702196
1800089172
-2125343362
-2068999460
-706781909
480444664
-2094561019
-595038787
-740151661
1543390999
-1402511
1665509867
-1214653975
1388607691
-1667303473
-1910372256
1522814461
464646607
-1343148753
1162348682
-1592923894
460243064
-649351030
1228952159
-894657732
-682692635
-1286523168
775302579
-852742799
-2137996939
-1813421663
37460685
1290907715
381716857
1996451661
-1570906057
-438806714
1513169706
-253177250
-300637740
2125087885
-218943523
1147392613
-1365060296
-27522957
-794520204
-998466702
-106813645
2065291671
789901335
1990811576
-1201232209
-1096693464
575859492
1263824753
-1972254533
559314786
-1920879261
890596095
2097748455
1781140567
-501939074
1195963219
-1367985967
-1120306958
-1677370449
-708281198
1572517376
434914360
-1166702149
930752245
-1461938960
1810720977
1046319646
1451934192
832285293
1955989191
1096709511
295853462
2074313764
-1934955124
1898286470
-1417277893
1566639478
1826243137
-1895993469
413124186
-1496513137
1316406837
446008050
-32544071
-587580745
297959851
434697924
712410314
-683276569
-202189089
1103110688
1474443092
1089534367
1228161355
-774874030
642603346
-1461904650
-1231796954
-1338546173
-1586570469
1585271794
1629246253
-1858040406
-651765310
-270366695
1255187620
-716971710
1277101247
-1769458616
-1074637921
-968380611
911817166
944481986
-418106499
-1122548552
2075228951
622208139
-1585041995
-1593735441
2131141518
1232310263
1469261524
296029682
68124060
-539728771
-1186353210
777434776
1645748223
-2032985136
424150867
1711988660
457028845
667045936
-947376148
-2072459642
209522559
-146132996
-1364124248
-2135771532
826979149
-1758390644
-1421983608
-1914372103
-1749994923
-1781244355
1629417218
-208082211
-94567136
580108236
1048802493
251140006
1120616743
1338168039
1772472728
358614094
1497551218
-136739839
1471689968
962373685
1754666369
-1110076571
218390818
1495030617
-2094724496
1699508621
-1645632690
2145287363
863396437
919473332
-1911456930
369200196
1732259308
1982751658
2065535046
1684843361
-1507918730
1398075878
-92099444
190560651
532977117
-1064417055
1534623499
-1454080109
-1370115301
1548577441
-1105320973
1350475356
-213886755
353352083
-1804617197
-1510001455
-1656047517
1710199198
-1733719974
-342593255
942979753
1587469940
-1015449702
2126283017
-1891329589
189023018
187163791
-42560038
1052322981
88778506
804064800
-1503400165
44222649
-690209880
-1858559004
1274683624
1045290581
-1799401422
-1073399577
1607928156
477672181
1725728268
61447853
-145086141
675274213
1008417436
1563847798
-324119532
-549229782
1136278113
1368274627
1386867485
692111522
-99086006
944454424
-1248126976
-428088982
843025477
1433240580
712555101
-1760294017
-306036715
972605790
4717776
268938151
-2102122136
-329674544
1074906398
24359825
1362672168
282940057
-1245547606
-624271813
-2143098863
-1660836210
1661052461
529452691
422514819
-1172652703
1404498341
668562529
-1393113704
219261477
1573635982
1573084003
288086137
369049617
1644821071
2048182457
-404146963
997230723
-570845961
-512374141
-1849859534
376313160
-1382548952
-970613304
-193217264
-164646118
-1695711661
-215478631
-1692483798
1492795497
405139749
1663448694
448194455
1262333022
1109641792
-516801297
872880304
-1964678628
80538925
-1301021042
-1037533397
-1020419000
449525905
-1749107212
1771918952
-915104565
1198150815
-1553054911
-103080438
228992214
-438340402
1558973881
852104394
1296927014
81723595
1310948259
-650048377
1732824712
992958639
1513491572
-966661216
332216991
556214388
2117017901
-2027131002
1764041957
-2030502235
-561455360
-1461582708
-443853841
-1349182891
759830585
2100217601
570977012
-687496111
-1902157988
-742850176
226175887
1488504728
-1689278327
1324989573
1379700675
-647013109
193928488
-581553341
1348272192
-792846752
-407304767
-694468171
1653091044
-897936292
-240914901
-159834125
946945412
1212953665
-825137176
665779910
931236075
-1842519932
1944915663
-428123778
-1784688606
959398082
1931785195
350163202
1384564721
-40983307
1126027939
-309418969
646285989
257386466
-370494438
1682839877
-907213804
-759757611
-526129960
-1725338361
-1155950114
-168405872
-1754210135
147102339
-2110221323
2048763264
-116057915
605786250
-975369890
2143658802
1187297329
-692344768
-1167043272
449495301
-480851356
-251301650
1019631613
-121627617
1310763052
899605782
1843267847
1381632164
-333394222
187391175
-547677098
-287850971
-2259588
1054855475
1171112080
620156758
-1480723246
1591690622
1940502856
-428697340
501912804
-1783338792
-702654078
1555838021
506205515
-2013608499
1343562358
1052276720
68035469
60494555
-1481307500
1394779471
1207808966
-1440516028
-1809534776
16473107
-1016025213
-1895964890
606470143
174444935
-56676623
-1009541688
-959838488
-1245395192
2016714806
1385108789
-836499458
-1878264908
618758430
1382093839
751764934
1632752994
-1206087942
-717679972
1384730453
-587653935
-1091792700
-360932315
241029397
2022189347
394403719
62617983
-435475000
-893892981
50008317
-1646038807
1322574795
-156392379
1746888825
911191833
334168735
1088697798
-1031671289
-1539494512
777598117
-1150487755
-2090013743
-571561419
-1707728600
1893346585
-307928637
-1033894878
-925341023
-989358
680927090
-1911418440
812043573
-786403507
85810233
1484080120
-361946751
18915699
-1270446683
420129557
494421914
-1926589983
552324114
-726126524
492256847
-196703138
1053906325
1581652183
1388309168
1231396745
512113437
-2050414967
1778013139
-89381038
-76172332
991815963
1495094997
1857424043
2069172938
1825510687
496244511
267690110
-1983808811
-938871789
-1101811990
-1412337696
1521118386
-1126088271
278717444
-566214777
1213502319
-1387263356
-660740909
-31577991
949121805
712204222
1376014746
-94199802
-1635328672
-477432760
-1496312325
1594010872
-719367878
180221723
-792996164
1236646920
-1598904376
-1516060978
1268250573
634308498
-166546373
-2007164305
-1723761015
978568844
1764080042
-1290773611
581850172
1235785396
-1224287434
-543199819
-2128827163
96589320
-33887634
1116114612
-1223977412
-232300677
1115240437
-1438679874
-1501629706
1834311397
-1570878878
777661781
-244226490
814100538
-128409753
-1082039892
-25496665
1054768638
-140492
-180114379
-1361357096
1318605560
955845149
317635448
1216567336
2002850597
-1414997895
592707110
-1901551373
-605450257
1166992589
1227551854
572773483
149334943
643797034
-1741241714
814805147
-2068561905
-376180525
1872353452
-1574552663
531840162
-1571435742
-384056346
1253458267
-912838792
-357059413
1624407206
-694836004
1114025438
-2119580255
-840841669
-127546690
-499822588
-1891795848
-451382363
-1118724286
-808111119
-1160661044
576497071
1650064599
1881750458
-454432127
-1957341629
-752650528
748714737
218230314
-2049915655
1771015354
720799580
-723380306
-1941137168
562530557
1776001255
890073640
201182177
1308594432
1491264730
2065581071
-956059023
-946034526
1296302158
562250391
-1001212475
1657843272
-1142876707
-1437460651
177771099
1458279201
1792592536
2064260137
354758680
-1043246160
-1795707331
-9670313
1862297500
16282763
1859875497
-1271082505
168184029
-1739782304
-2083674485
1779485327
1936242419
2127592504
-830281894
982070782
-1114739408
395231999
1397145224
-1716771685
-164314765
-804945597
-722756105
1339265437
-130369603
1268932668
928624556
1359448764
-539935996
1791604492
1762553026
-1964986856
-147484857
455546182
-1685442656
1014637146
-2032643870
991785396
-121096850
-87528168
254055715
2068119892
1689305796
-1994601602
1765802012
-616498524
-1405329500
1878192425
-2007637062
1930938655
1945788074
631329110
-745751530
-1008962298
1679565697
2070042171
-1561944821
-501202077
1279909017
1202662068
1950508295
-829435318
211592214
1263204898
717015334
495924578
-161137653
-1964520816
-1492283780
1239209635
2116409831
-1438886634
1684964530
1618681696
-1550273233
-1057718142
2019497427
161295752
2080656749
207381044
1701871463
-1152181976
431594344
1413474632
-9172799
1400278579
1621598612
-998795270
455461525
-1491026299
-1498214453
-247664826
-1308369971
1124003877
-1372066243
820474063
1571485596
-1586811958
889619365
73227009
-1039208238
1166200736
160164541
-292453511
1819706994
1036847691
501877491
2098852771
1804037505
-1717599700
482994269
-427742300
472425504
-359682846
-2131853591
816721787
1422811613
1394842386
2117967064
1490928226
-836486843
1037909099
1012363372
694776954
-901824835
1072127972
-13845281
-566270298
63654033
22803528
479128215
699918518
-1438409651
781143283
-1246468456
-1230744120
7904587
1514434269
2086602042
-1404775702
1286164621
-2073384489
-1409721317
-1551313916
1989200332
1548026389
1524320086
-1260877068
-1925917232
-1008718356
1580535284
-119298822
-1388022270
230960091
-551298654
-673973674
1722417471
-1592085297
409564580
-2029448144
-438436370
1683230370
1567394057
-127161161
952437076
-2031615260
-742014944
2109115787
146038822
141098462
871471402
1610903647
-388113313
-100951597
1795541072
1858651610
-887260076
-1079698807
1103390423
-78412098
-1976580347
487038215
-598318703
626946891
-1862688331
894107551
1285151382
-1138465563
536832699
-1268922834
-695700940
476681716
1169321370
2024373922
1711581987
1491469323
1494811727
1812621756
-23273987
-34516917
1237776874
-242062314
1137012716
-446578167
-647953824
-811889817
838025380
-1165602898
1530878878
-1154581498
-1977973868
171823583
-1016009759
1460011692
-2002421673
1990968541
279015748
1304440445
976860784
-215139283
-1183148390
677031753
47841334
-1036587909
390136190
539479054
-765603571
1710190522
2045488551
-1304576575
-1692984618
1273440144
-419092096
1916432973
806479528
-696163855
-1853126665
257031131
-287257409
-1984388087
117250964
-1052889004
-257656908
-1222492321
1510821582
923417891
-836000018
-1665952457
1331572121
-2145569985
-554933160
-1257395145
-1588562877
1553125224
-915513004
221903948
-825936000
-1927150928
-121000210
218993870
-490112573
-2134573252
1163674964
-619314975
433406414
-2024878772
-1173614970
-1522168289
-238221684
676768888
-1299027895
-1026893453
-712145890
-1784560325
-1515630239
601474631
1354190387
1538780853
1187100158
-2014690335
1039184796
1792576684
2037223286
-866941686
908707615
-1840199213
-65025228
-1972335120
1138205066
1350873679
328150256
-2015019955
1859727627
-284102026
-1423400928
-345428537
-1643566657
-863814183
-724521811
519055513
-542774392
1082368644
-906296599
190704243
-755928798
69815427
890917569
1416462751
1761123448
-1965458008
-1143348690
995267684
-778931148
1488436620
1404409585
1176320687
1369253524
2124056018
-1566808193
256855534
696771972
-655888718
-2020317383
781996863
748023784
586293173
1394008543
-541367350
1396202552
195266749
1464744518
1757722474
1654749266
650585928
1690730569
-1391807086
-1030892918
1211718645
-876809731
1576579182
627851270
-1072556986
1414126632
-947933624
-1345358775
1218530470
-1016885774
-616831699
-1750532596
-1121767762
1466979293
1392757967
-1686717100
-492744797
-938955278
591129261
1653155520
1875563331
-789957316
-44516239
-1827018717
-588941632
-349248390
-173382504
-967851438
1721092108
1222883343
52690263
650488894
-1520628393
1498732861
-1366641219
1895338820
2089787605
1863633042
-292086508
-815772477
1181664452
-1490601055
-1839906675
187534575
-1539492947
-233856523
1354137371
1072690916
1490415849
1460569410
1444034462
2030344702
-155116186
-422037282
343979332
-1126272921
-667233109
-1195209618
-187826644
1094693616
-61057511
319714788
-243767221
496244260
-1328021901
265152168
-301393773
1795769498
-675490401
-1422573547
-246230959
-1912329589
-1799441235
-517268698
453356758
1734796963
-104052712
-35629200
-221463207
2130998299
663515724
1667605843
1662292763
1222402567
1206964840
332595052
-1847054388
1971989484
-677153980
1340655437
-1186728403
-1594292331
720496309
-2074510992
-468418314
-1842987994
-868724465
-1083823000
-133069831
-657893775
-789370645
-1670951080
84089734
-1151676792
667332393
1316903849
1644310033
-1100549486
154624824
2118413815
-2027240430
1319381730
2126444436
-2095777205
-935232980
1327557445
-2070050160
248713103
2033938833
491709851
-897636523
1308286526
-1700109660
2062963112
-234237142
1555592794
-670779937
1131765291
1357425397
-1881673565
1859897078
-1151525072
1647105281
-1393395963
-225397188
415141282
-249214208
-1149312943
-566596538
-594580445
-1705328556
2141442864
2088088525
330835232
107817097
185902163
-184381992
1171846687
-2107334106
-1356766225
-929029094
-102368165
-1713387099
1085656680
-825557608
1654584977
-1515865922
1116345420
-317236850
534827036
-322816533
-1769755262
1729877139
-1961080513
-742991832
-1401705534
1585363963
-836874047
2092180219
1430470727
385528700
-250879297
1232723635
-176789309
-397045485
406618301
-2085736204
-2080901229
-1299279064
-1581541635
1869560178
-1046385868
-986229520
-1779801324
-1646577925
1176783092
-1136843502
-1539231815
646412475
924970732
10396301
1976039904
-1348558917
-912649939
-1394359336
-1748249849
-790432598
-1951967688
971811914
1406637262
1582945760
402966196
-485624900
-78923315
-1070497377
1699611738
1454851180
375025569
1858257051
-1147700173
1699443491
1961506376
2007250108
1260062725
-1331726950
-718102354
601706529
-376917238
1174919961
84675207
1000552552
408065507
-785208479
2032424799
1240078892
-800719413
562417612
232263406
-1111904050
-986492145
-593990991
1368418993
-254015880
-1165397315
-522206963
2105288885
1332326495
-555716709
1645124191
1484928949
-98104505
-205853093
-1490011438
917147751
-354796468
-1216048884
1735809953
1042993170
-2047215138
-1119410734
-1874606666
134834276
-1936629492
-1359508263
728986261
-1641842559
-63612154
802589062
-1300867208
546218847
-844343588
-210701585
1205878458
-233736368
-441361525
-1769080947
-1482796168
-201180448
1783084602
-1055823824
-1801960588
-293260576
178571456
-1379713486
-1155065027
-266291774
1678359658
1984745711
1759199372
-131162073
1396645114
835677812
-1111675151
941096630
-1124032527
-897627275
-1614095698
1220608303
-1211655151
1441332868
1764613603
-648508737
1531376924
322370176
314889194
740291477
634617826
238009419
828147460
-1846227020
-2111823238
-872636481
312202292
2008010507
-1603980081
-1823174687
1500473707
1309215426
1904141662
-2086336937
-957300252
-18656298
151430717
696716823
647365841
-152742169
690480734
-378192543
1093577271
1365289296
-265250028
-7152914
336267798
200545144
14835159
-207379863
2129344972
-2141737881
-2087640509
-296297442
-30155846
-1030317412
-1016543130
-17423
-1917991641
31690268
822284090
-67093616
1426038372
393365454
1040952176
1590354924
-2141265615
177324550
-582449553
-911001116
-2014848673
1357368927
-1019713125
-284442045
-320697418
-563594035
-1646618150
2106314988
137668376
-273752079
-229234861
1390843731
916382694
-1408957777
-1117784712
1310729775
1885762977
-271572227
866828102
-909879699
15823572
2108753406
1922866123
-1880175257
-1712892111
-1988658866
-1153841432
-313356203
-1026227206
-1384098401
434942552
140696323
-1402608990
1448646276
-1848663312
1705389508
-1690694221
316251020
-241410520
1431815846
2088477682
-576723309
397061081
671807974
869509568
-788599981
1370402887
1799822758
-511632190
229229633
-1334549918
-79037219
-1235542588
1198645398
400925257
-2020997746
78730458
402259883
-864242674
-881809860
-1769212984
642583945
-1994579264
2002292380
234814115
2033038528
1332301733
-832387188
962241207
300726647
961229255
-1083124156
-46328917
-1277070908
1758136753
-1715380534
1344784099
-1837043906
-1548284550
59767211
-260227803
1791339983
1330336002
300953831
351398526
1164106702
-46567813
136763436
-1832551322
324767564
-211569877
-1992018873
1925701154
1732738221
1922552943
-873159209
-260071575
1880359546
-1429114622
2107951939
-1946312374
-676749706
1967972991
-2106503699
2034511180
1573593070
171385636
573165223
-35267882
-1492833451
-246428712
-1422809755
-1998395695
1171907343
-1633784210
1233152052
-1206787701
448645517
1185730603
498036075
1808455390
-1288163175
-53753723
1428208927
995775633
-758461966
-1442789331
-1541462565
1966338813
510209307
-1466545073
-2069993328
-1691204621
1719821935
522830360
-1422020662
1739344861
19653497
-1430937992
1604175396
-1442387677
1595822210
-1715556823
-1606434818
585813455
-1473627286
1203233263
-63435668
1336799091
-271347781
-283108576
-783474319
1141477706
102776826
789691494
-1831323796
656690332
748138561
775160515
137480146
663337831
20297226
-1518703915
668648221
656386363
-907198132
-1591826853
-1573998077
-2034045339
1350828747
-1576671753
309999083
1194613071
-1588485204
898267956
-1693148004
-1130345946
84042311
-1850796341
-808289481
-913185603
1327900736
1213277986
-585989017
-1748173647
1179807192
2034506516
-536539690
261627852
1076788864
-644379401
702675170
-2102238546
-1591283025
2045155802
1657270928
-1513696343
1845392117
-22091506
490421952
-1276528659
-2109794226
1351755751
-940997982
-2117470492
-621740613
-11731517
465257064
201545695
506451726
1163574347
798164540
1134851570
-1753046779
-336769031
2091211380
1069911579
326483610
592786649
89399044
-1455715415
-1138157671
-1553108078
-534062540
-263915813
-1987507086
1046211239
-129957230
1237625286
1275220816
775317498
1864528937
1551396732
1827541610
1075926674
-1314028302
483914090
1710541720
226821277
-1269207926
1781176066
-1384387288
1916978616
-1823542491
1193884569
-2095375374
-1650231955
-622289982
-563421551
290687657
2135760380
1422835103
623489466
-1030425996
-232405155
1614233839
-1075828235
1145110716
820359813
-1877478710
-1844185574
1813466695
-1552186136
-1282038683
127860763
1216426885
-2054608833
719948162
-131802007
-472510934
-580361590
-795243991
-144356458
1394985980
-1802343848
326597528
-855461317
1134612205
-1640629434
-1666812809
-1503810789
1804697196
461090500
-182144944
-1147857016
-1370678793
2125503775
-1286883779
-1748217339
-624516876
999000762
1637856994
-489724116
1002955713
-1958664802
1482839453
2034727121
-1803415031
-480241866
1777094908
1060089704
224942681
-1363808686
2048179823
2019384739
1230794482
-1677056651
-903623362
-1963705761
-1285684256
-275986100
138036412
-104213312
-1100244405
-173374597
-1711918659
-1622563174
-1923863284
1221594527
1773172548
-560109294
1545507459
-1681698672
-348768640
-1493987452
967092135
936948710
-2086911495
-302510937
-1555195811
766468542
-554037242
1093780975
2008275214
814187198
-1715675006
1815697714
1555604851
1408349781
-2128934465
165943438
458234034
164055879
1245356217
1657299081
-462540114
793705576
689827982
-634475399
-802267494
476722599
177960237
-1646981851
-405516593
719529294
919489870
2065753516
1977500128
1051991431
-691578975
-273345883
1246627050
1856309793
-1072271543
1914756999
-842053841
-14418284
910588811
-608276917
-1447619866
-1408622526
752764610
85816655
239173452
-2125565697
1461932182
1690400637
691007486
-1027850797
-855961747
-1832330580
-1371834998
668677630
-1055238880
1568964677
-1108073662
-946639301
729402098
-513948631
1742696020
-956836791
251771069
1138951634
926214679
1279645350
1104055149
347152312
-4590169
1926317213
798150322
1634889973
-1624101197
1652533891
-1263366671
-1835901653
-656163435
501657148
-369143685
-1496422747
1628163746
-1185599484
-205839104
985417404
-1089418045
591868779
-973311931
2028906619
-737857212
1614861473
1811116821
-36148858
-1729692437
-1995649549
36551540
1915258167
1781870156
790581653
-50137830
223809033
-432682661
1067858850
-149304033
-356656839
-975420350
-1898192800
-2018845454
-1809989462
115961205
-490603833
538103951
-149184760
1708859138
1656651587
-1146864656
642673200
1221808941
-1997777224
113038276
1814695887
1862495804
512640455
1109982558
-592906168
-1549676146
-13466545
2031872496
1682985947
1430064114
-1443247818
28422392
1581880835
-610190539
1717358185
-984343047
-1307720930
-860261636
-1913155296
2125604206
-238717869
2099264724
-2020486554
830813435
-1488276049
2024768903
219192280
1281282789
216539793
-1013871695
1584712876
-1989394236
-1698503608
1113170834
868676341
398792055
-1064077574
147121188
1192293668
1723138647
-1624549177
540021103
-1567993903
381695918
-863762643
-909027300
-165418053
-869983126
-235540819
1520021064
-823341043
-1953149683
486289583
-1467290213
-493275933
-955574809
-1043045470
143456920
-1106658805
-1656759161
-224939673
295537973
256427535
228273262
257751023
-1814335826
-967814797
-71738618
-87437278
1487356053
877306426
-64751918
-1804427518
-1843322578
-1155220561
-1497008667
768087312
753647865
527533665
-431695976
-783106066
613596559
17364078
-1257427593
1558417989
1115379121
-1010915836
1821392763
-1737849368
1579403933
1832899109
680705918
-91046855
-320404829
-673155159
1782824938
-1269448501
-457228040
-2145641847
-1261936204
-877800888
836503242
336499033
436202888
-1918282347
529297812
2104338198
-640431035
-543172813
-1958696269
399807778
1135219372
141246184
-914736072
582916491
-540502957
1670257054
699162366
-1063375469
-1595821601
727326090
-1400203777
1062379628
199448177
-1564980080
156576483
1108744770
682874976
-2056890139
-1617403943
1041910655
-519065303
-862769163
-1798542678
-1582674870
-1636417373
-1342255225
-1651405557
-972263345
1547898742
-413152993
-500900302
1321669317
-1829485363
-1089267805
-228615765
-241721684
-462011574
-1405015231
-799275157
1906005847
39297338
-370323569
116936997
1109239081
357036042
-401420301
1814091996
846719651
-596179208
977632836
1263592633
1621829021
-1567505139
1652654001
206681117
-1407459117
276069961
-1724873759
439177722
-245548637
1383761952
992528988
-2016692130
1937767956
668309797
600611369
939923792
992421658
1926164484
582422455
-1083875105
-1611451625
411006390
1271751936
-1149352841
703210661
1034637039
-732293141
2016310134
110766482
-1203728167
-364277007
-1021068034
1024536107
1488981255
-1175045117
726613772
-324804419
668100772
359402923
1500771017
1227024728
-105188630
-1276502415
35727904
-876258858
-1635979558
1005238911
1298059920
-1896113637
1100956713
-1822362745
-1369796286
-456239971
986041209
-1016804636
-1832776611
-1885264090
269920712
-193635841
795342233
1147739096
-539660499
688561396
-208229870
803417713
-419107648
-878263436
-548635810
-1906875952
-1300498982
1848716268
2009789921
859384248
1978171518
677604583
1386461279
1539189971
2080364822
1823674544
-285036334
-779050248
198303073
1688790842
-1331768707
961729456
337670827
-1992224188
1958189376
805140726
2113645375
939339704
689368622
1518012990
-151630054
470042196
-1670102692
-797035592
139312097
-364750709
403631355
-424542763
1453019155
-768360019
824391081
-1589221111
1280628098
824623429
926841859
1589936594
1271176959
1031788737
397177726
809578745
-629584556
422829912
-142577033
-139047912
1136160630
-1066078168
-228905081
-1413633445
-1602326021
-1178757474
-1119977444
-245218934
1833537993
154656026
-1748636603
-982020282
798279183
1496588753
1144269772
-551038318
-1312631431
1446893045
1295179913
1097718165
193530527
362449684
-534568459
-1858639971
-1175700547
-756944195
-105730563
-164006041
467278249
455324776
-1454189800
-850403939
-1701578239
1945779607
879454107
1221988255
-423653213
-247992264
-453680565
1308562054
121982050
-556903603
634251315
-1173432731
1969965813
1818569166
583787448
-1883799087
1427576882
252810189
-1330677526
-268340829
-1609585540
1643879899
-1700533476
-884150021
716988026
-1564286294
1031915446
-1033310840
125090825
1348018931
1300785737
497691655
1983938163
-317458535
-819778077
883081481
824577504
-853212658
1337974692
1154601464
605636620
867843830
-1107212655
-190848421
310607418
-1325506807
1777456295
-1971572392
511237736
-1001698755
-1819814605
-365696134
-700531773
-1503710941
-250762144
1826895029
1326017117
-511258480
85326865
-1636544858
-821059044
-139080832
1305264624
1452629790
-1199792907
-491765960
-84688185
-954623263
1504273498
922154410
770299662
1045223594
1083769328
1096407580
-452858684
236245106
-415594619
-1624599542
-1033383294
1480559345
1856971329
-1136432053
1545478092
1103807844
-1996378854
-558571405
-1082011990
441929105
899708557
674138233
880106103
1990695432
482422154
1331573400
203323384
-1254546774
-605935185
30038393
-1304511825
1190935918
-1457814855
2136692881
803257201
-869891230
925215543
1444479688
-2020043722
1247281648
-1876786561
1423474523
-1741699793
-1509180317
-1131343386
552636674
-1618880738
298860968
-39622358
63482708
-1110421791
1246583384
1504792115
-747013526
2133444174
1927811829
1576645627
-2080653117
233389638
-64575885
-1517278007
1322037095
873463300
-1358295814
-1183659100
868031566
982356918
1336619754
-1130878713
1091779329
1521404494
298195999
-2020835632
-646136959
1076209817
-1547864203
87035774
2110354280
-961950321
-196778354
-325563237
1162147150
-28197395
613187026
775450743
-1677215122
-1162152191
-1331281737
1535999766
1761526408
-1138763068
-1704288702
-204152213
-537735672
1809303853
-198037044
1158944197
-590965146
1353644739
823086089
-1708452728
917874896
-1068961676
195037254
-736985056
1792263943
-224818011
328593905
-1727942349
-693702010
-659674742
953417310
-1220007915
1823770088
-507428682
835444424
-1503063936
-411303798
-165120011
-573575531
-1631662972
2044749935
945170265
-1012973091
702003900
1890281060
-1104892782
1288017964
1662823362
635666532
825433987
666974087
610581220
-1369369027
-1316996079
1501361069
-1004437993
1386480754
451515709
-1966283362
-972439253
-676982429
-368941708
1551931232
1255686208
-377190229
1478693
1552263168
991368568
1386064073
-698111852
885140439
591908333
-1536899327
-958721555
-117551858
-1203545627
1308249476
-1168274276
-123146141
-1330885564
-305989682
714196187
331047468
1862344001
-1190399665
763147916
1941720988
914580572
-981484979
2082208328
1663209540
-553370225
-1643514104
-1330688073
1113359324
804605379
101092638
-2040530655
-1027012541
-316597627
-193285327
-1211515835
1497058244
-698046215
1541199558
1305648233
-2089615461
1122998286
