-1609781685
1284279602
-1555175050
-925857802
-2022669424
-1422339096
87948562
-1383431526
-1932201733
-689838416
1012440722
1375550940
1547564253
855388902
-1205607597
-19093320
-1201704301
2144611708
284498219
-14963378
-1483197518
-1200452067
1282428094
173529761
-151041919
1726388373
-548839151
-1817221477
1694661543
-408872849
1279691868
-1519989676
-775172827
571536095
-1607643613
-1135375725
-1399904123
-195267870
859845255
290834068
-1992242605
-266292317
-863701287
-1283270901
491260108
-1328362208
376431471
-817955992
-1966509099
-1879791859
-250974533
228901725
-866222034
1913230840
-1871151720
1887234717
-1648348697
-413849939
287364327
-906908443
2085452306
-1758413861
-1577938854
-2007706049
1403861945
2053825015
311079567
637539205
1515662354
-2098365088
1134174816
130762532
919470577
320222915
220047737
-636688862
604547197
-671168064
-587282390
-1194024607
-919639770
-576120371
-489852291
1414586148
1638744278
-723701414
-1347417461
1112787154
-1511730074
-1362784458
-173528053
1106571514
1440462931
-1137154511
-1944052437
446223767
-47841359
476230401
714995874
880263828
1569146463
1383353449
-759765755
307353745
861776507
-1841671785
-1456607910
2056666087
-1086428904
-1702389043
-657502486
-1373655063
-1569517010
-1876881340
-246263717
1409884781
1400997841
652086092
1184429565
1497426826
1540897958
-821353033
-230283420
2141832610
56321425
-2061493385
-401073610
-1744518750
1361515187
532652678
-973203899
-1009796216
-710581357
-2046665467
-1195514145
-990375131
2018986650
1954302376
-1771139739
2029628708
648123332
1686001232
-1504507622
-1879146422
1473716884
-1391724295
-84326340
1326658302
-1328243895
437711574
-1523673512
1791593740
-435098802
1796317625
-845407270
2112471461
1095329014
-2146794568
888357603
1247794602
-819502488
1787416845
280696159
1369613865
1286120407
932466750
1649207381
-1448717529
49470710
-1731934083
-6297472
-1941695841
500049323
-1247824304
-1486332897
-2061652022
-460766718
1784358516
-855069175
1705196193
29750628
948886271
-903899645
474327967
-1814375161
-1092673852
-463474091
189366219
-1470411352
-520688902
-65788261
-1588031243
-1859268488
-145997025
-1149758504
1646439999
-341615789
-1603015911
238157264
-1538213665
1770180663
-1032332385
1675882902
1946568994
1412288499
871766230
2119467363
-227926093
841747486
-1996239042
340191657
1668146973
-87735222
-383067441
-2096630937
-678295155
1495360122
1352014943
-751425602
-135618852
-605459760
-2132590266
-22992700
729200333
-1227148662
1683415363
1183138712
-701791342
1282216495
446305953
1881509814
1479092373
-574748923
251065493
1796747148
1051144564
31586245
-1216643094
-1916959155
-1803356852
1516310673
952176095
-1567328508
-1103467975
213674533
-1919931057
833290475
-524145379
-147230643
-898138606
361483517
-1806843487
895007638
367925923
-1476493111
-267563399
494162504
1275099138
-503715192
-1303094805
1749845138
2064703452
948198001
231819921
470407175
1411573992
-282084020
548778076
1101903433
-826568301
-39564219
975935965
1968362243
81125598
-1987713534
1165261247
1379499292
956707207
-1238539017
751984791
1386958632
-35353754
426804984
19173088
1820652322
611888922
1162361359
-1439915200
-454300328
-437733404
1657692815
-687740656
597795494
1163229138
17395305
-1702065381
-943452698
-404884961
-1165145667
1564126884
-1478502234
1014339545
-983660364
-1614955859
1967049500
1238313668
-1979852148
46026614
1503184726
-2141689218
-28370444
2035921475
1979499445
-1889472541
1215336089
-802967198
-1121290085
692640434
-2117323776
1687438444
1106031971
1899640176
-856286826
695758026
-158363503
934949772
512241668
-932046213
-1265834166
1351462339
2069698504
-1089791725
-1774395386
-297893690
982566145
-342144762
-1895865213
-1270500839
1489439881
-880629466
1278134012
-491225283
-1180340664
624686186
-1048901990
-879445231
-2056343353
1976883184
156264235
2091588980
-1467735549
-156957372
484659217
-403936977
-226913917
-1376934686
849782396
-1329034222
-676964436
-1080103687
-1668213029
1587354972
1810824788
588898417
-857144945
-333259169
-1524081004
1268808239
-1349124383
1218453860
942557154
59164823
-227398090
1268792011
-1294662562
1247526226
-939211647
625893494
-1619112341
208188752
2024967672
1855232872
714050433
-497877744
-33007863
2063970216
-1483710400
312136991
1703833743
1839406699
-2137656887
-261637411
-1009532095
788440689
806381641
-1815479930
-1202575766
-1052186961
1482000086
865453936
2125786590
1943340845
1721527421
276591505
354804524
766741553
1305203355
-1739823292
1490296336
-595282019
968711275
-410451892
355168299
465902741
-357708832
320309016
-966109195
1474120036
196816821
734971208
1487908594
560442271
-70295871
-24444816
142116643
-1766976885
1734759567
1967152410
-65410113
-577604677
-796572882
-1130238447
1850308898
-1523788291
-500142524
-23858212
-1149042683
-1230862729
-1426381975
1879314568
910731247
1314454540
-1473354831
2032825259
-467778325
2078870787
-843574646
-35437916
-1242049413
912087786
1742585289
-520109785
769545676
1704007864
533418750
761462264
-535989974
1999802161
1959220751
1119225846
-1157651786
1883177870
1448832260
-1514410150
1460001877
-251403172
22631711
-703719615
-966602005
-1676975964
-275671761
-1064461465
-105813304
1847119179
1100120357
123653684
-52365470
683375804
270230247
-1576004868
1049182788
809823427
559471716
182294659
419663174
-2091290948
-2118330649
-854083650
-1043004418
2082516460
-90860624
1556740832
466243702
999143470
-1498631744
1964839060
569067294
1015835857
1617968372
567160710
1751703044
22836672
850729557
616214055
-1542003902
-415224093
-1505532498
-1289301327
472262326
1579687877
-531458979
-346874007
602606328
1634331511
1109684590
-1033658589
919056776
-1776559437
625690341
684783115
2114991687
-1046715325
-1944532902
1758673569
-1959612888
-513845341
527995595
984800005
-19669721
1922076133
-1538107987
653005428
-80947335
-155826988
-1883440828
-1042959598
1543832068
1752926300
2081248820
1346652137
879175185
-1284682199
-1100983721
-189869263
1760005183
-788846707
367621839
-1595233071
3953338
-2034848346
-1857268897
1978156325
38302381
-472183873
332940022
-1053634558
986523892
685263862
-236755572
1938889718
-1476610538
1093945887
-1845828815
1296439764
-1318803086
281899240
-580137885
1733548142
-665506889
-1750489795
520694687
-1911818076
2068708505
222168045
541662266
-1402675811
-1991174207
599938445
1545337456
1899699540
-611961596
1609391260
-914489155
1142617430
177838039
-140156440
1861543531
1990576073
1559486978
-1123900625
-651144340
-1906056016
848289172
-524843000
-81969815
957555564
-1509002730
-1714634493
-1976991206
1871122565
-134727421
786281743
-948546856
-248007766
1948214646
1222893852
-611498641
1491612150
-2129923291
-1754919423
-1894441415
-778121100
1233604750
2076868766
-1388271769
-289662235
1073477743
-338065339
-1115477599
1654076096
-1649365382
-462418091
-692364846
-1864267143
-332508343
1664619048
-4272068
359960838
-929397873
-617144274
490560722
-514846306
113276560
-1033811111
-1533752122
515394499
1998901202
543238588
-744295073
2127497090
538466324
-961819282
-1070786544
1190341113
814272895
167892660
995161030
-1897492967
1133402907
-739441570
-404416639
-898488915
1487345540
-1310988687
1928546854
1581033115
-981857572
225679110
617683858
-1878505368
638936067
13213041
-586681614
1389385217
791389445
-1347002460
1820274257
-142108745
907435732
-946682411
1836066674
-1480271477
731673654
-1229327265
-1999293985
1086001579
-1008396288
1867661285
981591617
-290526404
652212868
-1687240771
-651931918
334739802
201218631
768418442
55822800
513152604
-912266249
948545834
-1077169324
91927388
257019291
341666771
440217314
219945973
-1725105908
-1248244360
-519790494
91910734
-1115362909
-1034796687
1204071182
-1971558569
-873567949
-1386625190
-1867396723
-1909394606
-2001618887
-35143366
-948513983
-44723563
-784693935
-1568077849
-297008420
175966861
-2008324116
-113745495
1969181241
1198455558
585224768
1019068189
927350633
1595457448
-1676497281
-1832263076
-1608626421
-252942908
-1242096821
-1258105764
-914169889
-1189954992
1933835112
1939328149
-1194056803
329364528
-945926989
1345941223
682905859
-1000816969
-144082350
-2034400326
1197302572
1148758124
-773054932
-1014788505
448985640
895826448
1568335259
-383654442
513355976
-988104225
740330848
-449236121
-1735230535
560062230
188033239
432438293
-910957101
-1672414795
952510571
455743449
-507494989
-128888186
-1848388789
-442746037
-1867511674
-808712355
192948317
-1926367345
2067090983
353494944
982932082
1140839534
1067946604
-565832439
529619899
1095067843
1101369277
-1085576022
79375484
457151768
293570277
-986645455
258334975
-322091889
39204908
731514733
2145030858
-1362307066
-1140336219
1365402128
1017753875
1954979702
1036361411
2122850742
-1597283213
1257964955
-1597921998
913304614
-4851238
-881503782
-787588380
388589014
-1971615549
-1670503330
-1832537751
1823311028
1147095208
517410947
1142928003
1852361507
1197885879
60488055
2005223929
-1577078973
1903068356
62199070
1680169131
-1470385547
-1684900223
519747894
1163879654
502525213
391035373
-1462610245
-1564967943
-1926491478
1782732298
-1194047603
-2008803064
1439773138
700035794
-436710833
1806968095
-9718494
-1514182293
1069353105
-1579129719
-1852676171
2003657625
1608803120
1153885538
769819203
1659633267
-214744836
1879851883
1862075485
-1439423399
-564679780
320591133
-1356210698
1971622437
-135002450
-512420352
-1002066651
1489615775
1611369778
1421140540
1839666216
-314899658
-1712406232
1170102128
1609886635
-1687734035
1854714230
1951428290
-893987510
-418016109
469252623
-745364426
1744695892
587177782
-1304518062
-1611382973
-1474575662
1773912025
-1751171665
-195096413
-1506185017
175595364
-854986096
-1283999382
386010040
1855641563
-1715156107
1655885658
-457803666
2019599059
276231777
-643337611
1143609594
-854820064
1524225652
226306002
-1735167752
-1358535213
-1170797607
2145127860
-653506024
2011747939
-1411082783
-6046504
2119245018
1473274409
6189936
421423885
1913110936
1630451473
-206609001
1084957450
1993453001
-1370895986
1557182594
-147643013
-101826173
1655401934
-507300204
-1066678436
-394925759
-1370173393
899787216
824664458
-1283516442
-1110671120
-821063814
-452123241
604658945
-1873475797
913105405
674819037
2040732498
537210626
509746447
1069633237
-780754035
-1386576103
1827004434
-1120688215
1199290205
-1670266557
1359991485
1106952199
878753963
1553459839
-2128433157
-1315025609
1771505951
-1230852571
-294544621
-1978234769
758537702
2058164316
811803400
22050918
-774173770
1840876494
-820602814
-2085306330
927895311
311484063
-2024368019
978061094
-403057470
843174554
-691145568
-1522970985
1226114742
253975725
924997058
-101464066
-662642455
-730894441
-1427487959
-1993408254
1735512757
-206357025
-961908861
-1074169722
-724209580
-1012062457
2086694905
2139549946
-237045594
1493156865
1340031377
949818350
-290458831
1805960930
-1885060909
-135382296
685648488
1401004501
-284067921
-115904138
971540015
371927377
-966498915
1404306565
885033630
-150690418
143566342
1783247604
-1482260731
2092566324
294131938
1123668836
-17661649
-488885419
252211617
1192166225
-1639642901
526490269
1544573006
-836226202
-2076336185
557617096
-2088220430
-1530911476
-1451306722
-1973677741
834567478
-1847481021
-491612587
-1417479562
2112990283
-170635083
-1095580831
-290664624
513989902
-2131882744
1244477323
-1804167068
726992486
-676863117
2035537527
-713719485
-2030806544
-1260914541
581209442
818687627
1435833566
-976396929
1674963114
1089142543
-2133591268
1932973593
800652691
-1787384745
908124339
-25218905
-643191737
1091829322
199091570
-1830878559
892501534
1787725353
-1950071094
-49488180
1327080480
-574909249
-592843783
-646817657
-1537156665
1624891350
701567083
-262313884
-736481272
977373933
-727863204
-1089796614
646972564
-1891662041
-48063551
2095123192
2002692442
53640837
682775400
1123726205
1828880464
-1666269609
-776072098
-359903321
-951742605
-1999514385
739227024
567802474
-1960586996
-498739560
-99533900
-1732875870
242074675
1694465478
-1382070423
-900453526
1139081624
-1597924722
1460781468
854910126
302438529
774079832
-638031314
-476879618
527775758
-75527982
650063059
-1420909659
137259204
-2079754457
-1656201155
352385530
-758621624
-1432560016
1825133432
1868574453
887916906
-1227517846
-1827156585
81405956
2124268133
1023177065
-1084398704
-1488235745
480330596
1669186188
-1408251804
803806745
-1879506104
1379752754
-1067746430
-1903423687
-2097864536
-1536129620
-736069267
1378505481
-1740718823
1810658099
-1854483812
537711469
2107558062
-531399908
229330080
-1789514762
1197965762
-730162870
537031052
1611927416
-1164989196
