-138961772
-90441432
-1079160810
902506259
840260392
696173842
-999237919
1940615683
549629762
-1278607675
-1412307080
-521063434
-1391574257
-381845855
-1763600810
-661558154
-772162173
-985729918
1643272540
-1031186558
98419050
-1085703356
408055558
249894581
1030113725
-1060872055
-1192688417
673532071
-1358432457
-1642584903
500879670
-1067699566
1996759846
-926615734
-1972235246
650207288
-954545274
1924019008
-976145566
906288644
-144266165
-1409114121
766928505
-996576913
-1194255875
-849249760
-167107400
-775982171
-900697718
-1420261111
-279360628
1519399527
-235065001
257410080
-84463717
1541667635
-147386473
-117748551
-2037183175
-152357727
-455826976
1901379598
1976536096
-1997198833
-1225954821
-1125571193
773999200
1097166208
-1602790405
2024340796
-1557355884
-175967295
1995321744
1853633207
1461592406
-1629860147
1322000028
2001991678
113532404
-1197561230
-2147435770
-1622094641
-487380381
420179763
-821283377
-2069154259
-1272230285
-1753043088
1395795298
-403576293
1897218628
-582827324
1972930863
-199724121
-1077371912
-682642515
1969016954
-2097310935
-1808784215
-86809742
-1292764561
-1346314548
-563754851
-1543403455
1857561466
1202939725
-1310665032
1757079959
82777045
86467843
-586923215
100499172
959095649
555692318
-415112824
1071993966
512296634
1646006067
1709361591
1776048757
894982533
-749630729
-1949016921
-2049604969
-1545995765
948596298
2061278181
-799944843
61311499
-598174857
-745551723
-642499945
824617163
-1074194502
680295846
-699165556
1270200944
-2098548222
-1608337081
-737688747
-1525854065
-1815334409
954042776
-404618493
-1846081533
-1326093507
-928100188
-275379041
-818679808
1033703674
385078159
437536585
-1199976856
209864085
-24737525
1613981603
-1240476323
-1824988479
-1449731312
1531584879
-1391944170
-576471623
-54439988
1384107894
-1616872202
1880648652
-1534603817
-492489301
337937114
-1269019876
-543264854
-1378565744
-365445198
-1167928414
-1267885487
170650841
1972476498
1840346228
1477593951
-1746557362
-1951837814
-741506742
-197078493
154658037
-1938818445
727512126
-285382632
-1479227025
-1099198453
-1897199662
1315003553
1460793762
-501553148
231599415
-1294284811
-323034472
-34365224
-2118442292
-960497321
-673338202
-934781663
74198756
2045711499
-1442894384
-216604634
378389196
784700036
1479972460
472047544
-732984821
1514314081
-240249852
1576771391
210446827
1860329370
1176553088
-111695857
-1981991624
401608310
337404804
1476604671
829626439
1693374400
137309207
-1454172356
-436387527
294793913
827136132
-2066263462
-26933119
1372091472
-838771068
-1473938005
-69591646
-1579534704
397391260
-381369132
1774419005
-204192935
930807236
-1916128867
542911818
77133394
27077705
676159751
-1333503835
-1219409378
-1168727309
130741667
-2133628212
-1933245235
-1319545494
-670344415
293622503
-660293740
1073111253
-730222809
847322376
1615300032
-509937213
2034230115
1972595890
-267786520
261346382
-566596381
1358142367
-40249246
-19109251
1571230883
-945782595
558903799
-1154366230
714587495
-848944262
-2038558246
-1544115804
1919627979
1338629953
361796565
1878086998
1310414231
-443106493
710690756
1657348776
1968257368
-1116669318
-133883065
-1129528348
2066024235
-725342230
302951090
-135269667
-1804027429
-1412488407
-362009272
-1678132468
255461166
902164769
-567906135
650822139
-641136005
1429820693
-928934008
1358246373
-1215921024
-1183812127
536055712
559295134
207996018
-647949435
-1638436120
1887100080
-494170540
1219956963
886654981
-1919307065
-473656692
-215722553
-451357185
1118448974
976439986
1715359016
-1833337033
-257141671
-2126622805
985564077
2080397208
-2099584059
1321565430
-1487918478
-478090740
-2054056547
641037637
426541579
1305239858
1717776063
1886805071
1751413192
1159595853
1282486718
103537124
1674956602
-985968257
-1127130102
-225854911
1974409718
-1569920458
1827361102
-446578779
684502936
-2099679515
-293922535
-1203472092
1013365770
1625412855
-594849089
-304598342
-1573426682
1118480896
-1736162431
-114928990
1035278297
-1912822987
-1734663445
-976177176
1580504168
-2091241442
-2017506947
-1624904131
-394024840
1322189961
-1462164083
2082753290
-1496551383
1272565185
-569828757
2129217478
-1281996605
-1826650368
-1898795578
1342942604
-423536972
1604002081
1073915725
-281778713
1302718425
-185372263
-1142618471
-1288502032
1246836220
1288477863
55178057
-234332005
-43168355
1015639754
640093038
640862540
586816757
54810995
2006234153
925677488
-673583305
940508924
448614547
-1194851382
-1517037544
235059672
-1890680100
-1122174644
1188221841
1973086986
-94708810
140893480
1917885923
477551578
1587321843
-1164658587
2001176539
-181006650
-1561301908
-1862632394
-159986857
1139727287
568930341
-936127673
-1451678712
402494324
-406039378
83965018
535146616
1155393115
-1084734261
-151713262
179265359
-391675315
-1616060073
725353487
179793105
719461354
13116516
-1653545670
-1278495574
1492408062
2122797735
1907254113
1234295789
-776715718
373251859
723971077
-1536387238
920082982
654664899
-21798285
695767519
879445846
1256872732
1044851473
378713953
1801440219
-1644468174
-1974921223
-634263621
-272788484
956986730
-1917449525
1392137734
-1934827994
-1873221023
-1293197378
-1265559525
187313696
863547916
-163285512
1117432405
-344555646
-1437209056
-761796320
-264803429
-265049241
228457652
525750320
1442665884
200602977
-1797344221
-1848273521
-90278564
1914106797
-452789961
-1200538530
-10491920
-382646617
209720195
-1747376367
1232953221
-341322881
299459599
1181594434
-388926298
2030597677
-346660294
-1071563071
-220510275
-1002611038
-299826468
-733713937
1136539354
-1502900929
-306123350
790866763
-1923044429
534258314
-1253432098
-1598945203
194725355
1587967519
1876689687
2028341106
-608574058
434907364
1484239741
254488472
-643540483
1572316800
1610844200
-845436789
-1910720354
-1384592884
-977087806
-1210396449
-203579275
486709771
685777770
-912073473
-180163199
1482182551
-886959653
1873073030
-1781817215
-1494803235
1673589965
393968333
-630456578
-1695455541
1876306843
-2040067132
227749774
419915271
-1169957339
-1953448443
-801647018
-1330355422
1501452023
1190297894
745764304
1313276429
2089704362
-1024428210
946640845
1091457227
-1808390262
-109640438
-1244921155
-2134078104
395897976
-1756788127
-352747730
1404819241
-547422702
1180375333
-333385326
-1282392316
-984675568
-338969461
-490156988
-2035946670
1928792304
-591780354
399449549
1514226370
-2038057515
1875039023
-1791836318
1588744849
195024044
-1392311952
-412981327
93053943
-1257601136
-184090046
-1591499300
-1875774236
-306811793
-579812052
-708835131
-787838997
1112367085
-509826355
1397159564
1188495230
2048854664
-614992588
1452734549
-278169508
90610684
354249071
348749390
-933439674
-509191960
-1853753759
1707630576
-124420616
1367072433
1405383897
981769348
1212930903
2115649957
-653208353
985276392
-1932178714
1808099683
-365409201
-760967278
1719859070
1518096251
-1348117844
1288004565
2002629950
1588986961
-966019539
-14954141
-1653537089
2112855622
-1698597348
-1976350958
-1180384884
369587992
-1288696224
594904034
-668465711
-1622910071
-442437544
-1619424962
-798524079
-1515351746
-1118640919
-1395069566
-2085349987
21157610
335705050
1890144957
308193666
468828843
174124126
-2091907657
-1302311485
1511531187
-107289870
1933707573
1072575751
1161380907
-1838663575
1134760315
1389584148
-762952621
1663893060
1792685073
978945853
1446498285
1062456391
962285514
271451673
1538913499
595549000
659583233
1615239797
-2020546041
-306546359
-1329678810
731205003
-722996862
-1549096247
1198946424
1016718963
1277802735
-1405416106
-1596539629
-2100125479
-1139549150
-881176729
-1352125907
200612591
-240292349
1606406504
-573293412
49524389
1872931768
869876757
1442896283
476228119
688274946
-1539090422
-60663604
-116122809
1486531815
444945051
1226846848
838345483
718072209
1525717985
-826638794
247137096
-1347218826
2072156693
1286720866
-361145248
-370092616
-675779040
-326406546
1115049448
-241887795
168387954
1151884293
-1857655138
219853922
162936082
117791886
-660746342
-2131712132
2145931765
-1369500170
-199328062
898350304
1258158740
-493020750
325598339
1732685749
-543898184
-904712956
-1870571331
1887138919
-1112683881
-1336389252
2092690174
-1618288947
-765217244
-1184411199
-524690958
-1909062003
1029464483
682940049
-1352309222
-671150657
1101315707
-1004320763
-1495585860
-2139279920
-180409521
981270297
-660746214
585772712
-1499888050
681675627
-751120922
-806507505
-1667133238
1478168899
-1643440908
-1609773748
1384347655
1503462355
187789617
-1368698097
881301333
1849540543
-1348211501
-1024122992
490850145
1330694622
-466837039
718642423
-493498681
1457501762
270642838
2090116606
2117715946
-1642333323
-1638186512
-1870211884
781750280
738473477
166326862
951671876
277058440
1494982723
-1988176854
190828310
2034535318
901431879
-644217917
1380743605
-392888079
1668062774
1168872976
1063399953
-66410493
1329323206
1386095856
1534640582
-286987727
-1224229374
-1056871771
-1592045955
51982452
-2026843574
629055619
1494901906
-1472150744
1416216478
715625700
39946231
1541690148
1870173979
-87249826
-619024553
1909358602
41516740
311771704
-182039170
600829919
150713221
1222188057
-1382560521
1005898717
-1034016907
-1796152063
1549705718
1003796103
2019639387
-1516313731
-1191192968
1017351934
-550012301
-1089446122
-1052494680
-1489332845
-1195969678
1502308618
-1988594812
-424229476
-840293946
1399061566
-915338816
79853707
1365130273
588163186
-532821270
-1318214084
-1519250120
-1328137034
2023207630
584668813
-1395626041
1847403804
-1546288357
-533718989
-731050279
-378900562
-1093003450
1756270795
235669061
-1106400094
2117702318
-2011399633
-590409861
52698572
855690496
1866965259
1253893760
-1417877165
2052890844
-2045265745
1257435958
-176077913
-1105919816
-1360324571
1618068193
-1558133582
-55970300
-178670458
-780593690
890330189
1813966479
-1770197879
-1284471340
-2051696139
-2073887704
-72353444
1873151912
-2047657027
-1945441656
-1146742602
1174130252
1685010566
-1107538065
1844495405
-869052063
1564719470
-956892916
333547972
2132507709
-661145978
-1864606047
-463971896
2059684151
1355229895
-580192409
1338531291
674909473
-532278459
-48391250
1405791568
-1234110699
-212357724
1195201608
-2093518150
556435572
-1118393909
-801752025
640898751
941164844
65159896
153507909
1042826289
-362562504
252670803
1906805187
427678046
863033452
66893989
-1320944043
458693287
-1920235150
1109006794
1259782876
-505398705
838499599
576611653
-1844421548
-1827632747
-1667530581
2109594196
-1720612112
-1452153085
2002580239
-456806043
25992066
-1849672184
-130675089
1753429960
-956306656
206105540
-691319125
605319845
-1734180604
-350544605
-839092271
2041281839
-930749772
496466477
1701708006
-1129507303
754878050
1140765339
-940054810
270929992
1507231636
1468252076
1107307528
-866477365
-2048622073
1985998649
-1234729147
854430727
1618654928
347343879
-1106048997
1984781366
-1698635835
-1008519332
361083534
-1309222126
760042778
1472808916
-1851173009
-319378228
-2139592370
1693958516
-1323946784
1511762499
-802218169
843168511
1713171222
-254984078
146316988
596657288
1338995040
296438569
859048658
293479240
-243255448
172254975
2093653769
-1177356623
-1057943879
-24449402
1022113369
-1780278590
267253889
-2071980352
-878010216
-1638212707
-560393321
1242554066
-878024162
1565576790
-998709570
-1785739529
-110757462
-1058774259
397052715
-1308785993
-169203577
1466631230
-810714300
809114199
-1677608726
2071942998
-598275670
-648990829
-1640542562
-815041910
-1781021575
-1297917558
-1200894494
-1516233756
-660780850
918932473
322520209
1417176478
1669286537
72924587
1614332291
1202338739
1078907987
-1841741264
650362419
247051954
-1161100318
-1114993972
120585889
-422688812
-1871788421
1029554866
-519107718
-593096111
952064440
-1602291086
-1511478667
-1034615314
301700235
-1755261266
-1216743169
-918384934
-846709630
92796436
1694043417
-1531842886
443935564
-160284025
-126402431
156144386
2000767099
-653942369
-1166374385
469171334
2125896586
-984303532
-259487390
-1298789296
1793980962
1916777973
-1713100613
109300147
-320498024
2120374878
644413736
-840698464
-1684802886
-652235927
-1803703068
1644822328
-358352181
816778660
-288795651
961490337
-609661749
135640132
-1897054409
876679964
79376379
1731370074
-2109756112
232496471
1766391967
1454540612
-22960700
904091391
1440945157
-1658541979
-1303599182
-525750631
-1847633722
-2134902248
2015038591
-1580312942
-361679029
-436965919
1419265690
1160647316
1044412050
-1394447387
-1252762176
727746074
-1358747342
310793627
2110279073
1798035526
-1537546596
1829568452
567225028
-1469169423
-2005543773
1755404184
-1349373529
-1872047356
267928893
-229464255
1745101865
1818761221
-340005750
-189387380
803903788
1130647796
-1338117354
-1797391139
1916412534
-1416859560
-865769382
-1721084572
-646681384
559948180
-1679828600
1612312206
-821707119
2118021502
15339656
1133568957
-678332429
-809767887
-902348995
-1974126534
1878227527
1172063266
1275665164
343615082
-357132051
1834407537
-1817203555
-1637175745
1193179335
1169072257
315611107
-406120719
65372632
-1638171958
1748754522
-1523034130
1588971303
1003203821
1729719695
1429314831
1080953065
-1579012344
-825961499
-873506293
-1548602146
-1492702133
1989780885
834838832
-1856435974
-1775920437
1824837622
-611929777
-1019298744
810155157
-1631270658
-1614221577
-1541484021
759406086
-914321144
1423621350
680885030
1592452442
1579584726
-280762436
-192206403
-1715173502
-1131381798
742627570
1599290139
1491252793
469372593
-327613175
1240521685
1734515544
-72621585
-290699002
-595359184
-252332695
1192550689
-1119671523
1141824191
1238100347
132666895
-1854623061
1994875728
-1372824012
-1653135295
420072297
105443337
-1470598100
-824241980
1302882270
-1523030323
-919244936
-2045589971
2055853845
-2112488221
-756111740
-1335204642
-1370209904
-278224167
1435191845
1184601991
-438664836
1539689126
1502616301
1038959599
1761921573
-567350258
-310992959
-2022522892
5755563
-419402934
-179785303
-195636528
-1363707914
439862759
1095266535
134153885
-2091054618
1117858286
-830867638
1716784666
1657321423
1526913860
-614114365
-1643887953
-2047291356
768543571
-1313023176
-933134674
212387697
992544490
1140603544
-1697916965
-1257948530
-898310559
-237783505
-1800470994
1751212049
108456961
1887572538
2033205974
1414372612
595254434
1248239806
151489409
825635031
475012756
340611220
1205712346
-827577192
-144450878
344201672
-1792069805
552216928
-1893802988
-118858972
-1688615644
-1370918384
-97515243
-2095055609
-328666990
628331581
1070748630
-33329798
-207346828
291998824
2074559505
1795869060
1360451826
2116616562
-760381552
-1040857155
1770155664
325272398
560788687
1327183904
-576321174
-927923976
-2132243488
1030630693
667487169
752150949
780108174
109322767
37281461
87993659
-119091003
-844713342
-1389161388
1090195458
-1543156175
1485879128
717301202
1088751004
889412132
1109384372
328946202
-371652814
1636388028
1447101782
-2055446395
-469034768
1865809988
-2081485008
-1582806040
-1749863758
1292443098
260099386
772020692
-1706360833
504565842
1442597506
-1136827880
1137912629
1970717018
2129832582
-1788589430
1749395462
904365278
2127116997
-448595194
-910315230
344970925
747211155
-605434441
-885691083
-1091318180
1704695341
-711475307
1967419156
1328311658
342519308
-174398163
-1387690702
805776293
-836449411
-398661720
-149058472
-1788385845
-724530831
-561263099
-1860945515
-486698381
-419364719
-49310040
-1125445774
-1908252371
49127829
-662608615
-1785335190
1726097384
1353146582
-1314830332
-1663299432
-1935195500
-872364255
-1483482233
-609283918
1773685000
463846349
1325484973
-531514315
-1511440604
-1256367089
130251572
1694669025
1915560762
-29265012
327766678
-63822488
-1540915543
1633446447
565279558
-1147949727
-1481384757
718781244
-1879110854
-1328355198
959663120
-1015920219
-1729174359
-1868048114
1976454506
1100424604
-1482895851
-559571572
148624876
81958761
-359430516
146287033
-310098259
-781417604
1658018346
403708607
1539407602
-1169392699
923728609
-1719985499
1716219019
-1120071101
752263548
-602241271
-1911374211
-1316405029
1046854368
911298317
98672097
-1547175318
1145546133
1893547151
-1747676917
-1013499619
1246512004
111090844
-2065961747
432610815
529359874
-2015855835
1587050685
-1718946349
-36550132
148694515
-1142151210
523712291
1169085140
832563928
-624816677
1090571672
-2037383044
-731364058
1142878498
-1179171188
-1530925792
696512101
2092834638
-1043811619
2005363226
593495615
-1164679107
127881732
-1087123584
757253567
-1462934747
-1547281819
-1439973391
-317394502
108356089
1881305832
564520081
-418676595
-1840990448
2034217415
-566172335
-1596365048
1445409032
-830458711
1928077683
-287522647
962916584
252945904
1971645517
-2143697140
1728052868
-1756282033
411325004
-2071376734
-785629403
-644662882
-1806325189
786935457
285061736
4942321
-642877755
-139693509
1556289894
-1846088730
616848440
1306657041
-29266923
605479230
600190603
521681130
-429473555
-1112904018
-1245095006
1587790495
-330200370
-183570953
-1834142257
-536386471
1274237216
99134772
-192290148
979616511
-748403140
-1828204686
676917703
-2019735831
1064263690
-614325627
-1981685619
548345817
-701180182
1098120729
785714475
-1533189078
-1002754345
-555253753
2057559713
-1075288247
-349884727
-863847959
407708856
579134308
600140379
-313351184
-985598906
-1586101662
-978435666
-1525552908
-789609552
-1569730030
250051468
2049433548
-607466575
313053094
-1520378416
1552762335
-558174120
1903441506
1665886212
430542587
-981354921
-89782897
1442387018
1930747492
1535740025
123531702
-696434048
-1202193104
660656500
215856394
-632933985
-1685790255
1307225569
-1410436315
-1702220957
51879155
794442375
1859658743
-236370384
-1304903800
631112415
-1138804230
-363929292
-260600288
1647662036
929298346
-399753528
-1532783235
683767497
200157236
1305993499
819098726
-1740564256
611266413
-529298159
1897393851
1862558329
213951749
1366628200
-2008834615
156009209
-2079002884
588013596
928567775
-1603160884
-1284337836
1550000141
-1163232991
613875116
-1800791801
-1017549602
198057883
228798242
-1803419589
1311512351
-1086956391
363522893
-1898792525
1453344429
-529120971
-546328095
1342233993
-1943930536
1714723888
1129593202
602554650
1492731847
1609508613
208050418
842415168
848598168
2031808571
-903543432
2051575238
1277430219
137402106
2057971778
-518417640
799344736
-1576522783
-264613635
-1741830342
-1841140163
735169302
888866883
168934651
668522069
355812254
-734869916
-1117845399
-2068039929
-1040949267
-502869400
1185008519
651068099
202417088
629771604
1656609341
1305292531
372151083
-1119113812
-638735985
1219872023
-1627531539
-2000212167
1986297361
-1719672270
2064568843
690158348
2084605338
-1150465948
1878228123
1715112898
-233764809
1226237656
454203360
-1849355768
620706915
-1335362593
-445542505
1177279841
417942132
-232344227
-450192240
-1051194074
-1498408105
448525155
1787427967
-1984180786
-2132701569
417468701
1529238291
-178542993
-66907366
1593628654
1173719112
1138793093
-1957683067
-1017446183
-1180649479
-33283087
1476608514
1824778274
527369912
842221891
393718184
968513332
-1974964255
1884705851
1725726362
336038085
936304876
1501490316
152197755
-2052076745
849163779
2081856228
-1344361951
-895195839
-1381962796
-1773930456
-1272453752
-1986223922
2054986407
1188891908
-1264004344
-2135285723
-449933646
-2053003870
1589135818
1446699337
1461195180
-975135304
1017522040
-1799515230
1345796511
-2024314680
-804950733
-1144839204
-2144448254
-263497053
927381450
1919066638
1590766598
1037071406
1418037031
-237836769
1990328112
-869681048
-1029830388
-373320091
1479314215
-580170325
-1261937921
-1751812978
-1396198961
1212608305
793868163
-699657021
926075029
-798002471
1557742216
1005675274
1912945676
227043115
1308649763
1067293419
1815894201
-1318908519
1491601537
331126102
480005418
1922708743
-309309415
-1207725885
-1839810227
1639102605
-616393951
-2110204006
-1380294914
-2063686021
889617730
1600448726
-1143683103
249385885
-1226219890
-1638201628
-718801807
-1429020993
1859764913
-1694412592
-148674471
1284892787
-1723283610
-308360797
-885970942
-1193639151
-286923219
1157100038
303856492
109944574
-723442374
594073642
-257848767
2024044337
-143989840
-793394709
1867654439
-254295565
1038595342
-767961805
-2048044971
-2099598875
-457048087
-1548918116
-166960279
1243206471
-248884261
-1573669287
333566583
34533750
1924311739
-1409641642
-1024265115
922333366
-591394546
-827081572
1366776437
1788278834
-1584320068
282276090
1151175970
-1166292928
-1991220986
1661140193
1805533744
1950955752
-1668201801
-1293433201
-595304450
1396923558
-235169895
-329287568
-1792974306
-1423111313
100023850
353742272
-234163417
-1847141903
808293007
501204340
-1376268343
-1133526753
957045193
806141786
-1566619871
-1865795092
1608887334
821249919
-1566577587
1026609493
1695388409
-1513450544
-551072445
305232037
1748848013
-1551828989
-581057826
150410740
-546213546
-1005759561
-734613959
763173104
1127700841
1390853849
-998852800
2111903711
-1355900627
-954197942
-272179069
-524109596
-148740526
-648324418
-909867955
-857576576
503000578
-660415513
-1268019467
-1875659173
-1290286761
-2123048495
20548211
1285561668
262210828
1479539343
-818065611
2030297974
1734439030
433431063
-1926205901
1035873821
-86595660
369181290
-1829459903
1640123160
-1043296987
1900153335
1889601187
-1213194241
-1572461030
1240896577
267348198
1582695782
-1387327796
1235255487
-2137744403
-2057399709
397130128
1000346626
2115653193
1376853069
1396043080
514213661
1064531406
-1858867514
641087260
-1037178560
-1829176734
-158629892
607273834
858961830
1711651352
543302955
-57454086
-43544655
-1421460868
-1841820827
-1648150154
-157606062
-1086219472
-2056030059
-766398952
-351488082
1692835255
904239297
1486536613
-110549506
-985606512
578313102
1333969561
-968771914
1663523718
1285432841
1802180771
1464714985
519537478
-1956356956
-1329165229
1894352875
2088995378
-2053764739
1424700433
-1303717577
-1215942540
1500259046
-47509423
-2129699693
2120852820
-1541589471
1864096004
-1722472335
-1455336498
-931759509
646557265
-289293160
146498655
-1916497861
1696047236
2062621955
-1614280673
-2014154549
-1739832506
-922667255
-1073618668
53039575
1140310030
311162045
-1513874492
1084522916
-1950082089
-895180137
982519307
-870809789
-2036882413
-1785492653
-1943179473
826069782
1954330335
575991321
-1710392015
-1006867565
-348038537
-1014058275
975872869
-339180985
-97232917
1124237576
-1205635516
533089566
-108212974
1656233047
1038686337
-1370488863
1097099711
477506563
709254489
2059788799
-570700750
-1596075998
-402244561
154434703
-1232883503
-1377851059
634743127
-1272896363
-1474500328
1183266433
342108209
-2044828285
728518092
2122558794
2064296570
1792937987
121577590
-1465667555
-2071752482
-896601869
-644902897
720078597
1920295120
-223316815
1493193975
-884752766
1488782238
1097251479
-958293972
-549957459
1442357951
-268575543
1010866615
907984032
-957123217
-1359777747
514247273
1232842772
-746040451
1707704506
-498840377
-1847122102
-1499848349
861310454
1250758978
1228416815
891185559
-461747271
118423979
1135572410
-886589664
660024118
-71634971
1667953817
-1633516181
-1263734725
-784253989
-505314805
1867569502
-269429065
-557947724
-859732977
532535213
1300499581
-654116539
-1937079874
614722669
1563525959
1753586631
-1378062603
1825920998
573071100
1019546825
-386036170
-731892564
1765311541
97218919
532810959
2141473520
-697627907
-102545220
-1089553092
1604470035
879270360
-106838892
1088590793
892410235
918285574
-1234077338
-60241541
1447017898
-333509112
1661180288
-1387280080
1008105100
-471466141
-927125628
817842949
216816143
-511582045
882445330
-1760935433
1264244217
2135150242
-1873913146
1809809356
344084469
1983317002
1696010853
-1249496269
-1487916306
1214119447
594588754
-991845334
-1249378913
-1391023711
1105530694
1170854559
1865819754
-1994007463
-342886081
-1208165542
-1672681367
489332306
-1728957255
1590118169
194530755
-499251261
166786331
-155211780
1396181824
-1114851574
1642378868
-271308509
1520632094
-2063392012
1167154278
1018098837
-2111736540
-2131342021
-1442001822
-647982237
-454534664
-1387882161
-768051435
948808716
718354349
1231705
-909802207
-1303395549
2052032928
955085692
2013436688
-1597054417
1140696451
-2115548835
1429039237
-158054191
338198458
266681317
-2114881869
401902636
627237093
-1981728443
-849286637
-1913534336
-1096949571
723579706
1632316241
-1680029416
818788899
-1285676142
-761222266
-737785242
-1728099210
1838159086
584202156
-650134933
87285284
180253640
2064486222
-1929569444
-1315048317
776055735
-1440730497
-488641406
1379095777
1146442993
2095356684
2089631073
-1623883047
1193637393
648893684
2049920796
328421352
700947995
241478168
-1490720745
1058754623
-1206052164
1565447470
1298841054
-1784657702
1454100181
-1194856453
-1620600507
-324146480
1917807930
808849601
1299060943
612200429
-444785738
-553956619
-1537854125
-608244611
-1410350510
1186629429
-2084377380
-1312462230
-30176554
1677551224
-1093355567
-51306103
820728976
-713513850
-1616139179
219439408
1343430739
-1341149781
2136863728
-129695989
-2127644478
1318017959
-953321618
-2058002641
1619270350
1327697384
1997661447
1464691055
829776508
822513914
391804095
-370343954
1090928619
-2044032706
159190799
-305739019
-271239019
1168659673
-1520518715
-333746681
-1366214443
-2009229073
-1095012568
-326469071
-1049085528
1456926225
-1072577697
-768626267
-722207049
1739874291
-807863278
-803704695
-1959382892
-668355486
-1475445167
1197887244
-251308220
2057809268
1100068533
-1993256773
-1157596931
31111936
-225189948
-728943343
-726179536
-1384198320
-2083304807
-751125164
-195963960
-1689302251
1370492356
919010206
-530566988
695547034
916602478
-1452802247
-166442077
256192060
-1971841087
1527214640
1556708366
-935206887
1732555910
820050978
-1934677637
1802422536
-129089777
1042513497
1104762878
155888328
1389673302
996244762
1194260739
-1668807301
444125030
1385056830
1575355467
-1609738668
2107387385
-1156922111
-759587532
-1892807281
1334544226
1444791065
-2113484740
1051226017
-1193532243
492926730
1405121735
-586951247
275091716
-1284479048
-806101216
-223477434
-2099120813
-2001613507
-794652995
1424848704
-1295644113
-1546754308
-2042137402
1168774668
126600179
1683234550
-978260264
-60007661
-105308884
1201671772
-1338920443
1443302258
-375479498
1770764132
1187439135
526791664
-2141214426
-724334497
-302917322
1211741228
-409975574
-1208353781
-1494719650
-1562326762
1507031727
-875828443
598110901
-1017165152
1621506690
232776514
2056818595
377262260
388633657
-592210209
1011255651
-1481165976
-1181956716
1369946806
-304469310
-273147281
-1026029922
-934550445
1456863015
-794652718
-1580779431
259079653
-754175022
-247051808
1190582681
278143833
-1540963992
2131992675
1167844912
1788476580
-2079028818
90388
573539403
-1092490912
-205945451
-57215153
-1973574629
1216090522
-1416978570
-1908090102
1162573239
-565923863
1854862749
576748291
-1925916352
652028099
1339310347
1438127672
1907240261
-1974549749
1190945911
-1291437924
-1094049943
633853421
107374486
1322503943
2000249667
-1684176914
886399644
-523041171
544502661
1237924670
161226241
-1263769006
1046331743
213574480
1836870280
-304417155
1506604581
-523436116
131429756
1791692779
-1587926226
724723715
1739365692
-1908696826
-1748354049
1091671427
-422540806
1243583767
-1242851671
-1980549779
588156607
-1741549832
1757752943
-823209757
1651414705
-1319815411
1324315819
1935252998
-605412712
-1729041293
319388657
1399377472
1649875614
873735546
733653364
1249504733
193427542
408939345
903059624
852044000
506137855
1811537151
-2128145111
-460945132
1443948552
-1322291814
-555856166
-4685472
-1405476393
-1118678606
1184476241
1684757087
-1895297339
-1511403507
-1595809934
1016222768
1659641453
1490807193
-142401447
-1946644086
1302326054
1189907614
-1582910851
-638771182
-1991230003
-484423886
1209866257
-952716816
-1567749689
1349725426
143497133
647027871
797222213
-248781842
-1570375635
1874718980
1629798858
1662913765
-1330669863
1918222530
-1410864919
-106005839
513620934
-416619316
365461843
-593564412
-2080944005
-1700439749
642162705
1892565588
281173206
822772320
873605645
-1586146029
1859513904
345501469
-831059498
-2076706781
853036223
-1512608656
1060142499
-605763959
1853203260
-840417712
-669728360
1412807264
-370180923
836932028
-1353016760
1334755087
-712262396
1798798352
424575866
-1781091650
574125711
1413553049
526747440
-1537570043
-2043919471
-10769044
922222820
1097961702
-996080470
-1155945357
-573648620
-158013443
-1992218092
1420971464
-1672362751
1342952693
-692196602
-336925115
1422800562
225539902
512167772
1186022747
423176511
-1854936580
-335335561
-542805726
-582982325
-732430270
439455329
1999646642
-441296431
1409028223
-1383271883
-609035856
2021442852
380076856
664346301
-534515157
-167876048
-294381321
-470100388
440688552
-1654106619
148446083
1385465134
1606853243
-22054506
996142672
-1658848659
92445784
-1118331971
-584273352
190829590
1650834729
1147987841
-1128206229
-1115062068
-495408863
1704041115
2101969060
-1288504325
978365456
1465489462
1848123037
-1944213441
-908816904
-360324105
-2055445819
-1578505209
-1952342815
642664764
1115099695
-1940556683
-1244200983
1510453927
-914490932
2137014920
1859823518
1784280541
-371865380
1238558333
1041002383
169875338
-34955615
-1117614735
-1835973344
1195002792
-1012449450
-1906981557
1386833822
2051618305
-1663687586
-111732008
-1314777709
566111986
-813245504
-649005514
-358335654
1696895088
-1088066861
251681142
682030837
423907152
127445045
-694000259
551945501
-788634430
1872216321
-1342518998
1386834842
1170721822
-843686592
3112637
-1372785451
-1515185949
-274065505
1708686198
-1706340182
-668145413
-62702494
-1939327620
108654211
-827082941
-2118253671
-17030144
-639638366
2126500427
-1162823024
1240636834
-1574733635
947551065
-1892773749
-2003453677
-1171317297
-65572428
1828584114
251728891
602405676
140013086
1815929674
576889884
1021137110
-1295101279
-188999643
-250284362
513363215
1184305806
-1895912357
722698797
-2068764881
79926978
23150906
-1875907095
909874103
-763289045
-910660998
2121888893
993125797
-925500790
1559536053
1588970506
967930121
-528918150
-62030571
-1059258139
-1470627112
-968169040
-111338162
-176107913
-1689288193
1919833219
-1146091825
-48201116
-1370878533
424911790
31250995
837477871
1609641255
859667285
-1585799171
764422557
1616897046
-1604161467
1535351685
298643223
896057634
-573112704
1360910636
-1585345196
-639223548
373416951
-828249130
-4787465
-496704730
-516627559
-1018458727
-1809528075
1314679670
1226847372
-1970858063
-2015180934
-1423618691
1115103673
327812535
-1289144563
170306735
-218063474
-736888814
1017333745
-1751589372
-692662786
-552015443
-971530802
1072592583
340055244
1995214058
-414048879
-1061227347
-832415735
1066533845
562303888
204165928
1430294235
5400477
16652272
-328850947
875878015
-1896885441
326718794
227406100
-536276080
-504240765
-732162676
-945674866
1914332040
1843654188
12564765
1313311772
1475535495
1512847978
-1732477884
26426510
647203155
-123259757
2095165130
-9985366
275736480
1722305298
1275544029
1633206335
-1788232048
-1314008417
1091555382
-1261831047
1765588860
355751856
268469374
-1287056267
-960040204
1827214126
-2008645139
1699676439
1108970500
1044543084
1431810868
315155995
-134075463
1904280148
22487965
1884839530
-865150749
327802338
759383663
-1487160914
1504915483
456122326
968282262
1321467688
-1650323449
-191430747
-1330968445
1690814912
920602076
2141807024
506769489
1658802525
-922681820
-1437306185
-1977422296
-1083755146
-1991180864
-4733296
-252061978
-1878205207
-193337552
-2116637165
1446543099
-1895792885
-1351806958
922269784
-562776684
-535418369
-812537112
-1108045020
-1143681541
-1950328245
1880508702
1885601439
756161341
-2124154968
273283402
2121713739
-726334964
-366032103
-1183677003
-1593441999
-572144409
-694762946
501847833
-1964514468
-1136955785
-1673948183
-1885159508
-308798837
1990491708
624531953
-573001123
1716479009
-518309016
-1498549178
1891641948
-354370976
-1752051190
-1366734523
-1425848608
-1335787818
77635183
-876890290
196108068
470112278
-230470971
-1568027758
1551078065
535672491
-1466457344
-2074373583
-2019386909
-1388825271
811287296
1793332099
1679202981
1368803398
185828083
-474819915
-1035467394
208400456
1537033720
1078337944
2061287121
1025139774
-1248293116
-1999741515
-619112352
-856234349
1660813321
-633378140
61366033
1656568225
325756756
877591965
440008949
911239011
1787871030
1322487375
1253871493
-1449930641
2030191590
-253689616
-1043324370
-112085470
-1368095835
-465740395
194895118
1992537116
-2065035997
-23516990
-1596284928
-895165202
-484270047
-1399049915
865542614
-1124307438
-930675625
-628037825
1323301860
206262043
666954391
1082495106
-1420531259
-1565142996
898448433
-849613278
-805125799
1130781614
-782664551
-759879866
239462156
-453177539
-484236985
1680936254
21971550
-760516638
-1877343266
609553626
-1698892130
1272622471
1542804112
434135289
-1789631496
1429088679
-1308843328
-1768400288
1375024306
1553675588
-860026392
1039192268
-1722189134
6961694
-1870896964
-1281224375
863740227
-175848671
419107983
-645997116
1942173464
-1481172962
-1992873226
233984479
-1146760048
-1513922370
300506026
-357121788
209297979
1452245682
1000301746
1121182140
1359692700
1670786863
-907739967
-788276671
1482762800
-94973031
673122268
1099170385
422745263
-1173921410
1154675263
760180292
-784810351
1065755077
927880577
-1240557727
-1058733101
-1497823450
-1807660042
-890718868
2070871290
-1721027619
572528212
-1676108413
551147351
663791257
-1001982056
1592801833
-71275123
1726169786
774204202
-1961693021
1269556304
-414472260
-597419713
224429954
-424620177
1237027821
860564862
1116693121
2118853395
-1891201434
-1645939739
-1408358512
-466520760
295810104
1790107630
1521623344
-1604561987
67175652
-1752604179
-1388776959
2047259079
248379921
411643579
-1040618087
2117644971
958969464
-1670193768
1955113622
1337873436
1003567138
-1124335539
-556424714
-1434469118
1496644053
-1432675951
-1701908571
-2025245572
1899018187
447878573
-1060403113
23921960
-1277342811
-749393566
1277720727
1435095201
-1061563489
191249162
-904199904
476321609
1173657859
-962905604
-2074631061
1584003143
699886050
-846723019
-1608255095
-1604031021
-1267508734
942332467
1483888690
2018085296
309534482
805581092
-33312227
911701498
1136294948
1941033792
-272814703
1658338849
1454141531
-1013553550
975459643
678077493
-1420223261
462262589
147714370
-1381202333
1173329441
54969821
-323428968
333945023
-1512106965
1004477356
542077331
-2094434493
-1611254150
938793671
710888635
-616803305
-1014608162
-1846174223
1711316197
1283835410
2021386161
-1257099593
862138752
136674176
1438447951
642875347
-1375145938
738579749
-282033467
-286365227
1297776278
439135618
1088059847
499256831
1979463032
448450646
-743291417
-717814927
-1172918015
-773003673
545864452
-195054971
-433614240
257481089
-1598437632
-829652356
1680098968
1708061886
1924089525
728022361
1895949975
-201964280
-1260276184
-1404088819
-430799736
-1322254884
1809821695
-785990445
1406761572
1489364560
1387556912
-268038691
150834639
-618393002
-1348547077
816997936
-988218079
-1038193598
-1125555943
-973104437
-1391146558
-1505308023
1711490613
1691094542
230544314
677432779
-1224984933
722632538
1645714055
-1756617966
259909423
-2141802252
618247985
-1064319396
-846732641
-845412306
-1853725796
1682108758
114447068
2086898632
-1522949348
1823105642
219114949
1545659539
1063641166
-1430517765
-662013659
577520727
512496677
1125882863
958306783
506550006
-584922557
-1085869203
1986978407
-1216765488
-727673207
1959855847
686576756
-428673687
-1870409743
-2064189862
-724710925
1127798089
-124083046
2043317716
-1444349634
-1494091229
-1632642268
-1612575178
-1365571443
-331263431
1228002621
-734708165
736257196
857482238
1605281660
30148536
78827246
151860988
-799450515
-362601179
-2052598175
84354808
1014606060
-999316645
1808347202
862340435
636014518
1882340255
1415029683
769961138
-1093451204
-2129147426
1674607787
-498504991
941643962
-1733008582
-759121363
-205134604
-1486992504
-646262587
-1025479748
-863839825
471994288
-785747317
-1987972595
17868327
1404037312
-1307980075
-1259858178
-1669025624
-776289312
379867564
-472829753
1950883289
2069213222
-1306132324
-256588690
1278882846
924059688
265823929
-2011931776
-1861545667
1879711954
-85050137
-1978171139
-707160509
-1574334086
-184380843
1320556947
1298771368
-1701746383
-1449756343
942902031
-990490703
-1222908580
-136184798
-723491056
2029316373
-487031422
-1501864293
-29389571
-1722415133
465197158
1310650188
-200870088
-987139422
271613528
1986260342
-465328237
-615903815
-1713480505
951289599
-630495486
-1994902767
-264212709
1067659963
-727823214
932143096
460464321
1663298284
470106010
-1267835576
1200045191
-116650996
-1034294993
-151566904
-1405321943
-1113990199
-696792868
138350289
449319722
-991364016
-207789934
-1403357388
1456223208
-2060103730
-302011427
1446019163
-453310998
-831909837
-1430170024
26793389
1125940860
-2044453064
2088920419
955172407
-1357118338
-1673866589
1876183314
581416072
-154342281
-1017986871
-953579416
1929781467
-848158224
-1355656876
-342393660
1676718459
-133787137
-1748494778
1915998363
-477700765
990456609
1884238141
-1673611929
1736645924
1567131213
368986360
904266974
-904608245
693603653
-445525223
-1417887385
853144450
110473774
-506808788
180726217
-431742282
1598721123
1619429351
-727264219
1563976826
1379790469
27716531
-1635285978
-664385174
1882376662
1628558699
-1728532362
-1126241197
666661575
745321570
-430183565
203931346
-1471472946
743492266
-146562270
-1080361926
329618301
-388549485
-830280605
1604445883
-908874032
878666866
2073185638
-378326337
131977414
1817908899
1515338589
-1413331817
1526433330
1125581264
-1031061646
-898489258
152319186
-2027436174
51836667
1294552061
1376925856
-2120816489
2073846508
449950680
-1262878104
325305062
-948094323
-824000218
1656490906
-509027872
-1942407828
-1828128001
332510049
1307963496
677871764
-493246094
203577587
578008708
901108478
-2088844563
-1607514326
929959781
1130353991
-467022879
-849722028
-1506921564
109629603
635604134
-1157373626
-1679936562
1443682577
1085325723
-1837381961
-1832673502
-285350192
544090513
349091786
-1464380776
961843984
998282857
-2111636756
1134343205
144927725
-1181621253
-1341304352
133881405
-837348456
-1248462535
-799683049
-419528807
2130484950
-926074989
960828996
1347646266
-391453010
-831259491
554168624
1035031724
-1891450530
-2018108945
1749035466
971412623
59070094
1871144781
1370955905
-673066669
-1002503480
74502918
-6840874
1878095938
-457671130
359896224
920238636
-697437501
1787247180
488269237
-924520734
126018524
1831938968
1961551127
-149314397
739260920
-1196985960
-1712879558
-1657482500
-1679550230
-69299524
-353059117
865436974
-1776623567
1308770124
838479036
580212805
-779955843
707645339
46341658
430065256
146086769
2054287741
87005633
1759073139
-2006037333
713242869
-1116097066
-809046334
382497536
938772531
1533612725
-118809009
1471769355
-1130659140
-1299668971
1827456767
-231988247
-554926102
1209077866
994616888
55827261
2130620567
-1854103926
-839003978
-59992710
1690332181
652151187
1401080479
2116834912
1609488480
140962570
728468692
-2052268602
1675846038
-988034233
-1344664695
-1297224550
326939814
-1807837167
1163399703
1112036902
1133523272
1894277508
-1789753328
-1142267500
-1079245012
1256030523
1515942804
888815540
-1799261578
373919658
-505852702
1912838395
-2100180120
1081789387
-501254351
1193375694
556817760
133814524
391443136
749081344
328612101
-993724633
843815980
-1927922535
946107837
272898339
-2084860672
1722185945
2101646945
1442676057
-914656878
1086587260
2115896628
-328684374
59238412
2115254590
-430777584
-759692400
-113689400
-788966495
-593140255
1666132355
1831344097
609432812
1649091159
622795421
221704198
2084471
1154030807
-1098471552
759125649
839809830
192998834
1558220663
-616599336
-246538190
-1802189672
-1965647653
-53136703
2065045039
71055182
-282899529
-593875301
786832969
1426769823
736244398
-473166292
-294000687
-1975233393
-1641495012
-1898247930
707848696
-26547498
-56597124
-348591074
-948726311
-84629364
1551631113
-547846498
1873487036
433039392
1823106471
-59338759
-739146088
-2126174578
1506813186
-775791808
-806144807
-433301296
-928857097
1796074420
-573248156
712025237
1240501555
1737637531
160143831
502673456
574035481
-1865556393
339011349
1227029971
-530281495
189862579
333664513
436340220
444477213
-1263779200
-365386104
1650001198
1839767830
1743411808
139872741
-715067164
666167288
776621281
1096462624
1515997122
-2061546287
-1584922675
-904402218
1162195213
1302034432
1496726207
-584635584
998547293
-1793364012
1521511161
-96885395
255650449
636837235
1950634101
247936210
-1146514174
1688615932
-845092807
2034211588
-415092742
-2064787984
-90626065
1055610307
-1737649305
2095232205
-2028052812
-1275768518
-964961077
-77404421
1564430127
2095512196
-36902538
-1640972308
-46770458
1031042674
-1163411465
-145164674
1164064460
-2112946037
1838849231
-2089695837
1370116381
-997214637
1166186088
1226371907
-1333235602
-1465036080
164957253
1611719008
218065919
1192468041
582243705
1639648635
1231502675
773559888
-1224973731
-1213160906
-2073273598
-2121297405
-771013251
-1239417030
1495887053
-1210653042
1188354002
1755339610
-367022861
-23539725
1930423350
1335551224
-1908176190
2073993741
-1086405100
75170983
-1130864016
-726039087
1446758238
-1177704943
-1624285653
-1695529257
-603027004
-594433253
1728762990
377353496
660395810
729410886
-2136426603
980573945
504247609
2047045976
1779165875
877766536
-1141901151
-28790470
-2142924893
-1642038012
345182974
-1817894876
1358733916
337556386
1601966193
1204440310
360936841
457853070
307296337
-166050071
233825369
1860243759
-281541349
-1406064538
-1532736109
28809903
693462950
1019341877
319073260
413138362
897943962
1367929050
-1074503780
-1249662331
492077859
-1403466181
-1519485650
863990033
-1123371040
812409222
-1387022953
327240112
-156119263
-93113519
1940269962
-220487224
-1032553646
-579101694
387762698
-499502890
65979569
1328564848
1836904512
2141231541
53201735
1293226186
-658340210
-2116330464
1651061780
1489574839
973852899
-1018176907
-427313780
18020287
-926969263
1168144315
-1701611710
-623048472
1824085468
1533415910
-431605533
-2037426012
984674451
-510632871
1997567077
-1113727510
-942698267
-1156391253
710274943
670081954
-1246367956
530357165
22900827
1128100165
1885107086
-1921735508
54167945
1036048836
74409221
-1619649294
2046013751
-1270950743
-195660357
-1094028909
1301682079
-1760475780
1429749914
-1129789083
889974975
-2054351513
1765772323
793637199
-794745521
141345564
-1703844225
-690992954
-2140299536
-1250325258
-1228902701
-156798315
1486594977
1318754654
-1141186600
536333788
435418230
-553402000
1442197418
1261304666
-1518296182
414441949
1949587679
-982060306
1236456757
1292686866
1802248410
-1805292198
1166467194
994935193
-467734687
-1075993014
1709540035
693668799
654052205
-328418668
439884495
-994528905
58347841
-691984703
1645289195
-1115827842
-1039223362
1481517516
-1775680929
-392423745
318188276
1836847145
235208235
-1641487112
1240906236
1264823048
-1197641485
2137484188
534308356
2117302234
-727528906
-2091842821
-1587565398
-1639891948
1805497542
610514848
2040575886
-1062004430
496530548
-2109495303
-921988318
-36217602
810527498
-748545987
-1281622333
1525846545
-260704131
1487364233
-1923569139
-71330662
-191567261
1162549580
1836053354
-1588220067
449375906
2044209637
726236140
1424295166
-2076361366
823172490
-1493392291
1559873920
-433590684
-1707122069
1560889235
-1208283129
1196797227
79976214
-718191097
-962449179
1582809338
-2037822947
-2094614872
1366559699
-430023769
-1596665867
1185665261
-451564930
1123312592
786043681
1291772968
-1494612155
-59691437
498270862
-1472335838
1174338625
55040771
-261848511
1477620451
-668230011
916670615
-1436384721
-1565442096
413305254
-1908878363
1376001899
-1153403909
811523965
522933841
548811654
-1671111754
-1980039125
1400575871
-1698892238
1478221161
233586269
1511433807
37459240
-1566687835
-502328368
-1905537782
-482154933
433999992
-1943823849
1217860824
790009869
1604807682
1251101595
-700216203
-2048228335
-22450104
97341667
-550255068
-833615854
-871073720
1461902870
-91733789
447056130
-451540916
2082038973
-93933345
-1923578762
-87405181
1605803468
1709759274
2129450048
-1656143155
698265570
-1536100182
-1832777635
-123679019
2114516431
-1662200748
-1011221743
-1442173084
224143703
-1905256294
1047659344
968508916
-2028210635
-249462751
1039296864
1938921860
99498338
1979571639
399376827
2011832746
-1440845674
749678468
1608913465
1796091630
694820367
1340420478
413459822
918881364
1984504976
-847240414
1958981712
-1021905350
1653694380
-675957664
-640242147
1530143332
-377160637
1650675158
-786131333
-293202603
5199181
-1824511935
83677664
1705373920
-773039914
-1076566224
-1911418828
209053693
-793593527
1883613946
-728422989
-415882272
1014591216
223792625
1848005144
-983931321
-1797960261
-505167657
1517377015
-1150878445
-478956737
528661136
514521706
-495920358
392401153
-897110247
-1167266065
1766189627
-1888594187
775963064
-1596513904
369093297
-206142911
-1905285516
-2052328124
-803900500
636081222
-1178032440
1234107029
2222365
665941471
1645100435
-387707262
-321488175
-1326806293
1549958737
1883702182
2031321281
-556402168
1187560336
1852979609
390776999
51801250
1509892252
-1746090347
-1891587884
-2126525653
803975804
-1421928612
-1907692480
-1137985109
-98309086
-1762186919
1955195875
-176498565
2027252189
1270072069
-1937151678
1508035916
466180113
100683404
-881066420
811948142
748919082
-1673446737
1746744934
-1316160945
-31861042
109774316
1651745987
-1567625919
-1628573103
-683911205
1886227449
-1493010561
-331708307
1171639514
1877469905
-825370255
2086108210
940595180
1465451102
900815918
1434959163
-102932770
-799758000
1508328515
-922698462
302642347
-206438263
-387994446
-554743755
2029049377
-1686151952
798985789
975484265
-281211709
342522501
-1334675741
626172302
-159818767
-1542435658
-310266453
-144004668
172416070
-318177296
-1748238689
1008392493
-505976511
431620216
-1608201445
397852131
1273939238
1564547706
1150483015
1852332332
1584895782
-1821833374
64648673
478371564
1407690685
-154600342
1265950527
1820883034
1317076827
1010175603
-436631404
1175289334
-97268922
767983384
1496661617
-627385158
1941908670
-1156299008
-130636401
-639788401
619533921
-1855098508
-425971509
680570370
1017748432
-1300882127
1673327473
1551342903
-998942829
1135163006
-1374301252
-1225811939
-307573959
1650605695
-1376198243
1312522723
1179344323
669758411
1645532603
-1895653974
-116859838
213053501
222756027
851497595
-720396097
1786482695
864686784
1617083002
-2112765094
947500556
536400693
-1992887972
1248967093
316391789
-1878834999
151082517
980224146
-691976092
341961147
-476826666
-837948486
1294363729
524463191
-1474394570
45422624
-1742218478
-1260470337
2040384686
-1166345146
-143322729
1885471982
534061387
-105241888
2014032820
1997005818
1813153438
-2012570698
-911209159
-153994855
-198795018
-267350322
-1622929345
-1585243931
1803701969
721313225
526345412
-271948445
-1448029042
-2016610419
1168137594
-668694207
-1650684057
-1993129436
72803803
-1997026338
561472415
-1567637789
648527232
-497939312
1795119607
1770376398
-1504209741
696313248
-227860378
574762299
1934810690
1272609689
1456562696
-2056212812
-1224709482
246250690
1821977173
1797726753
-407232509
-1800203032
548456342
866647590
-1700240288
-2050631328
-986980203
-2011081526
-789443622
5042507
952152468
2024996696
2046550277
-319095269
-441998209
1280386185
1552947763
-1183545258
-52447132
684096738
1836535817
1298789530
2081254434
1332476251
-2137929394
-336771872
1297162336
744599617
51982342
-796120572
885859521
745485404
664798143
-1455740540
-966597547
-412108204
1340431658
-1951999097
2058478930
-57626544
317249260
-364083935
1406832643
955231199
-1743540298
470520533
-1271795457
-1567698405
269056402
-1007306918
-499979618
-2023416309
1510206080
1463530146
-1194554967
482486601
-1228758463
-261028585
-1460375216
-728540444
827390322
-499051737
610243168
-1097686905
-546230821
609516802
-390946379
-515566118
-1734508536
-607277406
1100939756
-466469336
1753552409
1102048267
-25684899
2274369
166967254
-453747244
-2145901240
1841263777
-1368344570
1615127013
1571514189
1423517137
1590861568
-1131633535
-848645599
288424716
1321888386
-838154874
1488386174
-485274330
-1706920255
1368624627
-1264473765
1554867625
1822057664
-1619986005
-1610780579
-16254911
2022347236
-1457809032
-640284276
355456601
-1324419896
588321106
98901065
1738434821
962753358
882751200
1132810623
2006768930
-1324284426
-1866263490
1711544601
-1872007749
448281714
1035817728
-431631693
-995594066
896726905
-1740254346
-2068361837
1745422734
-479826981
-590253007
314758106
1781507787
548651733
132992454
1538143478
898280720
-1368200282
-2017138991
-1188396198
250082540
1385198177
-1610013636
-1892320911
-32506189
-525242363
-1491109440
-260589105
-1081737050
-153229366
1274355372
-1219862871
1102590801
-740088387
-951432475
-750678905
2126381108
577041038
1711652909
-1094648777
-981993819
1269674152
-329178201
-1896173564
-2084590860
2109388418
1606609818
-637056984
-1919687728
973306420
1193469301
1976216190
-2062566936
55534157
606246930
2119102843
583110101
-1311289373
164824638
-26552737
-2015299530
-2094189078
-843737735
1361578663
-1171187684
674582985
1679695097
-525257531
-833690712
-1272850134
-688365323
1071023122
-553558285
1293627665
-1118601697
-390918141
-1457791699
390857264
-1086715535
-856918373
-908021752
-693518728
478537772
-1381405152
601155926
-666407949
986391581
703806993
-1445195024
-1836463920
1315258402
352408406
-1132658470
561061055
1768345836
-500341831
-1080090204
-224507009
-1058841083
1833030804
-1709051630
285080756
973590292
-1296344884
1386639615
324922621
1022749023
-139331075
-209795
-1730298810
396075410
-1414725386
908495169
-345125542
-1626913346
-353865369
218098494
413403835
910541731
-590738215
-911642993
-313023307
1860734770
1403982045
838106009
1844583600
1562701132
-1608833912
530889072
-445304378
-1068063024
-1125897954
713663098
-1927642475
-724801580
192799244
982138705
1198192725
358895409
843294747
-1342755859
1895386924
920875589
835558370
521489154
1875660736
341530867
88214396
-1911174233
1446678030
933017070
-1553268869
-791255752
-1748844166
-1025056969
-1235016932
1041165692
-1014429146
636996323
221019067
742370569
1506981766
-1600613343
-2001296503
-1408887322
-715168717
-872493957
-335447173
-139214734
-1340638464
1796939100
-1872459643
1465766533
-1586136757
-1938686511
181563400
1935226068
1167098516
-1901887341
-2139928696
-1887815015
1258559827
395542085
-412636255
632594291
-849735419
1165205497
389141051
690159498
-1906766457
-721089032
711003132
-1588908554
-739564632
830457538
-873502466
-1427698335
527789817
753525331
361264321
-2049978646
666022118
-880196184
1273707875
-1725711540
883969289
784239232
722016782
228387391
-2018625859
1530928999
1738925232
1016171550
-73948174
-1332157457
1465228017
243050953
-1076651712
1279116608
1291754082
-126320948
-2088131779
-440262957
-1765348367
1929499072
-1134014189
-1679105158
1304842917
133033713
-557824948
-1747135837
1732120966
-671930048
1721756143
-861782564
-38626084
1136526667
-674680623
-1576459623
1431480988
663450314
1310445860
1117953077
635065887
1692579900
-1633420973
163115574
-1680323819
-1030753086
1009153042
799131349
-416928840
296377417
1040227248
354822588
465872452
92246511
-826036561
974295825
1751051685
-437271393
2119719318
194841267
-373257870
-1101237763
586189316
-579862590
-1748782822
-1861880951
433774344
-536046491
1307420252
1976711678
1722567344
421487046
-615398660
372857595
-915818273
-493946783
1504390579
1153094885
-458961053
1673240702
103311974
923315466
-1071899834
-1176756485
644037019
1296288778
-1130348700
14385743
-1934460120
276249714
-1610287042
1373125579
1739261996
-717869143
83757324
-945485535
-1132480445
-15012593
-801806824
548434474
977274356
1831014242
-2098646967
549445347
-1342699922
-272124828
1630885373
540510648
11249780
-2039053638
-2146046692
-2106011131
-783126892
1559931415
1517066857
494187225
-1382541154
1488142745
-2044421605
-98016772
58323028
1533454450
1614167468
-1936303310
320843102
-61289269
-251399440
1647205313
-221633408
1111784676
530065512
-474279375
-1381943794
808855167
1525457623
-1139505582
-1563578466
-1370969986
-774301674
-1690141309
-404548353
1412111051
-573562076
-961913040
157844586
-664752009
2003756417
1452826012
93268471
-1030088667
123005371
1345054432
1796732498
2073689769
520035144
1688969778
-1202615122
-670263317
632940438
-188383894
926063608
-808168943
-1435771808
-1149006142
-484174000
-1496574243
1161516867
-234434851
1448214964
1898037074
153557649
-828051702
915456254
-1972265571
-825042077
2014760905
944778256
1710637363
-867820300
607738765
536135756
-1917986506
980217133
1773849027
1921182282
-662120164
1309628027
1495961107
-49369660
-624180334
-1343382808
-863864859
1780414677
-2113388643
1677495401
1487128102
-1537147294
1034935299
-1013016972
1118516043
1508701144
948249832
-1217704746
-408207979
439610903
341176251
-1277127742
-930336874
-38135379
-1967914670
1853207852
1237691636
-1187003833
-384863661
-1355155625
-1751267475
1362025827
-689408554
-1012037459
-1344937957
759827530
1476683336
-1289956146
-2123507464
452282685
-722715502
-2001496342
1454004899
1564455918
-809970311
-2063712941
1293103715
1884893489
479439175
1424323149
-1226109844
-912928269
848877995
546889256
-1577972127
-120834710
-852379171
1318811280
-329705958
-218408306
1573729541
-1217073373
-756834138
2079823047
474855133
313597764
-2037211757
346396647
534411924
118452526
1829941868
809881433
1010590709
995208780
1238151810
-591301477
936167112
1547353287
-971026705
1393432809
-1115766664
1816339039
37044952
-724330950
-1947072523
328360061
-446988303
-825517201
1208506331
-1742111351
1894719301
-619624502
-446376237
-937668743
204675639
386566556
1271865913
1736203178
-2049306685
1694250050
602529535
-1435410446
-770663927
-319487663
306640080
1193859317
-1919354868
1120596240
199350136
-1408820808
1079054262
1923726886
1823113858
-1441150861
-1215820769
1114134676
-2041443550
1131730090
-1692853234
-825844764
355724373
1981823614
1536496831
1611904162
1766158662
-1882314944
-1944257306
-1529812725
-1146691085
1777750854
-1272200205
703314180
-1526180336
-1972591358
883796376
-765097651
-1613868501
-2024378033
1420302728
-1695658506
16814864
-943526642
1151139712
878372881
-1898992786
828417009
-2130651254
-113825112
1763989434
18024598
-1815413120
-1304511759
309701715
-1127714345
-1348729137
847724480
726761958
1109530976
-462547587
1910084668
-1546337261
-1534791807
-360739988
-916524587
1778878032
524507204
1684569823
-543013515
-1125448947
1929192898
2035271997
-1540021259
2017847577
-917216334
1010609429
743117266
-1222796476
-1259681726
969824354
-141225440
-930003388
780459561
-93141233
-86855490
2125852892
-127058948
1355467196
321715146
-1755256262
-1744610111
-226413374
1036197975
1170225824
-267981375
1773632372
286760541
2138503751
1575593378
-1232454744
-1383577616
-1964133761
1316944052
-1890288267
1172996021
-1260049126
1543650955
-1417630915
-720868720
-77834742
-706667315
-1004370451
-682424158
-1178594487
-884913332
1468373379
1827170674
-261736712
1628833110
-443550256
239890281
-37556277
84589644
1922117503
-1591355773
-1931846749
1691213681
286387541
-784829885
6692988
2124401923
-239565383
-403646744
-952029303
-2118696817
-1231327113
828695005
992614044
-62008703
1034064064
1139791221
17728459
1195138298
-1071342731
516422615
1343807312
-1791469082
-2063721052
660014390
618864561
859868748
-1171003566
603821381
-1228915680
-1579641113
-1542791558
-1333939222
-1472208605
1352149494
-1248100779
-2083580623
1747340151
411837008
1787266780
-1545900925
927755570
-1825265734
-1361272694
818954006
-663043801
751634556
563542118
1519839655
1133736077
910104626
-1545398208
-556085913
-477712670
1055729631
326008634
-669984718
685142028
-308614329
621461130
-579675130
790420674
1265557373
2128551549
1544841650
492513577
-1316288838
446762942
-2124537139
-317935167
307563888
-787747624
311932649
-1386970494
1215507614
-1403727880
-1560805367
-732320702
537156965
937394423
-181013937
323554393
2012197339
-1270497384
504124153
-1615238522
-1164974305
-1609404915
-1915917682
1503203604
-205683539
-341418048
1329800788
1570390840
2005605619
-103493553
216751364
-746179139
-1238596828
186762967
1114057408
1681157602
-407172533
795666804
300914756
643738242
1796612514
1836549384
-1542389412
-899171467
1463869988
-1856189124
-1777209707
-844240074
-74292896
1593809092
-1870571977
-597172539
437771663
-1679745562
-1498187663
-1080750129
367335144
688419644
146000598
561595659
1040214579
-505751369
-22698232
-1733514010
-1034059620
339807464
771010738
775978593
-1003312951
-1720307078
424748731
-2129509318
-1289605842
295766530
1669567415
-1385810359
-1234027617
-1088388101
233214369
-830257875
35861030
1971384075
487363783
-1097745369
-2074254058
60769931
1543696901
1101503813
2108469856
886334790
1879217205
167517122
387020324
-1034280833
-697166619
-1628579668
2035528843
1622708024
1965304907
-1390557753
-226587437
220856753
66628725
1301992113
1446463915
818441518
649427908
1933101126
-1929076032
1933529085
-1588575590
-1712392635
-1697643625
-924233289
-1355235246
-1564371149
-1087116387
-1997462587
1790901104
830672511
2143796091
193029670
196067609
115893478
-825588817
1585943662
-151705659
1933485849
1284745304
894058257
2075134258
-1027274084
558460496
72553697
941270939
915012848
-1144339073
-1271824171
2027156009
-370704140
331015278
-224206837
724966570
-1080197497
-462255846
-1493593073
-699236736
-800135054
-830213366
-1402178211
1498934491
-1324295035
-759436637
-1215534556
952632362
-2113330689
760965563
1001792844
288560334
-318002638
267041131
-1909304902
1299818256
-654510233
-54519511
924233170
-1425159595
-2101768706
-698268907
-266413251
127771536
899732441
-544710254
-673454357
-1137447177
-152829445
-1811265000
-1207579301
-1317902088
-174060437
677712199
1219133210
-631942546
1892918366
-1432662976
1001007496
-835812336
1638971540
-730754256
-1129789471
1920582953
-1764026366
308877613
1570324603
-1592567411
-233039184
-1658098364
260477516
1114962635
808285412
-1580681006
2122569391
-1389580129
2008782976
-915730670
-1493951641
923024554
-203274072
1077322231
-1108911901
-1467544220
-311671897
-29888452
240781507
-872420271
1195976466
968769720
2113478811
753326962
1950020142
-778961162
1306817781
-1890920962
267307662
1012649221
-351942500
-414554031
1120593664
1250582155
1311968279
308892452
670418090
1179808032
1521914227
650161662
515443311
-884640296
-1304414138
1776958698
1973730966
-240074719
-1276193297
1918823786
1291694765
448810448
1901157922
1426828971
558647723
377322613
-1271689309
1029642489
-997262252
1702051830
587344209
1262852213
-421117983
-1303990693
-741414043
-407826684
-725241121
355202278
1606215932
-123461238
185644119
1628244582
-1105072686
-125262761
1598474542
1371058892
-802030513
622582497
222720975
2026219518
-808048697
-407732557
997417478
-717292565
-2036314370
-1639857755
-881388241
99354590
-790529303
-642138291
1470195855
-2141749993
83944891
2115047861
1835047425
2094951063
747499039
1781038413
-1298220844
-1018606533
-479757631
346613795
407674611
-251758836
1039634962
-26406831
1447090246
-2097252651
1646930508
-835996235
504568920
131084532
-474843724
590228199
302202426
-1718886283
1403137822
-1456832153
344241830
-1416544420
1904913078
622314774
-755618714
1936093505
-1315459332
893778663
77504246
-1241349342
1133533712
1835718358
478156648
-1818258316
-492136657
-1662034664
-1423309945
1767767419
-1444812675
702145171
1404280639
-87882021
743082244
-260890480
-1767305156
-1833761170
-1595528452
1853640622
1161566160
-2060454570
235918924
-1011384807
-927760615
-1641884842
-840389808
1340249340
-1943887518
1460104029
1267174877
861454643
1663350985
-1162392221
-2075526015
1788162885
1173213474
1426723192
969185295
-1861391727
-742554341
1758345242
733355865
-326598714
-824317536
2063547334
2118640447
1249649304
-484750464
1934796753
1007875816
2085568176
390570832
-1719711625
-854482865
418216931
103211919
1631504436
672713985
1226182054
-2125495029
-1506062766
1542295332
730039745
1398601090
-501222717
-70850885
632397379
478661771
1394350896
-1320395993
-924766539
-2020480330
-1785260719
673589488
-800472942
-2093816078
299008639
758908869
-664045835
-1743557073
-753964922
-234107711
1869299092
-1825801916
45284288
726756591
-561089811
1783201041
-1004177826
1036919824
-594902594
-1162151704
-1896443640
-460012645
984620473
1798899496
964194473
-31625724
-1958668424
-1748249557
-1749344893
1220756033
-524616786
-343269535
517986185
1618131849
-1144000097
912009916
878500845
-562575010
1533709521
1458814031
1497329654
-305732659
783320579
1360008753
-201112297
1510776820
-1614573730
-1741748057
628329021
981698756
-1103185942
-1791327615
2004565608
55066632
492966467
1020543940
-988833667
1826630566
449155723
299341449
28874841
841429795
-2105059422
918762020
1659442473
-719498900
1685640084
-1489261433
1318640888
592772818
-569276589
1794711016
-1633109623
256882518
-2044377691
-2089231710
-1732153754
623255846
617034079
-1745459368
467403832
-1431464089
44165843
1975323488
951252313
-1507517131
-1566531450
-2146065059
-968814681
512752871
1582036774
690660909
-1335091301
-24864873
-1946616646
-1367976442
977713305
-375772960
1830263579
636340187
1211477641
-435649815
-1244578398
-1621287164
-436530011
330892962
-1795187166
-846197987
-1703815788
1748524109
2005855512
-1892966867
65157304
-269701056
-2082617056
1707925770
-1920407357
-789809176
-606029397
-1252931076
-2039525488
-418512111
-285859601
-1419216480
1145920304
2072534371
-1850549986
987423247
1746534466
1224885295
-1312886566
1422605375
2121338246
-1485556629
-2124596505
-831000664
-1723194188
-1643195141
145728802
1650708522
-1142559606
1957118258
-2055894351
1378473517
-225193949
-1237387369
-1272941189
420590858
927195023
-212504341
-1980824870
-1058212951
654157215
-1056070806
-2038112369
152726378
1955464960
-1039010223
1064439542
352866632
-1354006902
197487008
1082847610
-1838469828
-1292809510
234419745
-1542078902
-1444781090
210198813
-1589089880
-1528208308
-316066222
156645678
-390970469
-572193199
1316838497
-1925003549
-365800012
1558611594
-606954266
1457534116
-799068923
1188681019
-194453
-162909380
-1736014020
-1646135634
-764298734
2041836275
-171616216
355988585
232276665
214243804
-1638128773
2137730466
-1935334823
1872710506
1162391249
-1099842830
999814062
83629385
-1422241807
-1733371575
-1031918051
494687595
2005293905
234917922
1313186257
1178561888
-1340705057
-884668681
-361229786
2070533866
1990382846
-321176074
1441501770
-911741488
908499918
413801971
-1123448799
-852294926
899480752
24384416
-305628823
-1767109475
-386285560
-18044420
2090010398
1602258976
-1355265723
-1553410039
-1608991968
-2050793313
-1870112995
542766529
-626291694
-72552666
575669277
424578122
-1802028156
2123524096
-600913056
-382503576
-1307708845
-447329975
-911895138
-1170014670
-1290289329
-598171966
-876342680
2109145352
-1297556449
-1106825500
1031528881
1479420612
1843190881
-2137332425
943608208
2047074094
-1953289451
479268323
1704047683
1256026293
2039183931
1631860359
-107507082
-190406820
350685369
-17708983
1649229253
-1889365262
-757210494
213298989
1810139007
-1009400699
2042986229
2128519850
472555437
-1302295784
-1804050046
-1283005574
-1580244910
1017724819
1761910931
1515094705
952076531
-1490015238
1233221288
-992246255
1726525017
-2099856926
-515227196
-224559716
216392341
1090950175
-1679846137
262889065
1350588739
113029058
1133854876
1579398843
-1008759789
-1098420158
2000581588
-1470918833
2147001221
-20555016
-176726637
156863988
1535453171
-1150480944
-63050006
-2025837215
1707425492
-2139984579
42050565
769859138
1171388478
-416268947
-378767545
-224320109
-930582356
1552325310
-626695501
387779633
2019478273
316278127
1911493517
1248162734
-1879030068
154793114
-2121550784
-989551516
1922954957
-2090261407
-738660222
-1158240052
1471536056
-1268771992
1092982709
-6993392
1273653048
-109747326
1668579728
-1334918690
-1717523658
249500078
938907902
1442133374
716945754
-1980057276
662712646
-1589490138
1429206737
-2114300309
-371455637
-703888755
-1634637743
930495437
-1683971627
-325524035
1936472666
1178349454
1347602480
-2108059859
912722365
901702521
-1614119533
365817870
-853364639
1124613244
-981624091
-1389254171
1438882372
-431743658
614848380
-1680623015
-1538464064
-1256150898
-1955719674
1772425293
-1162487281
-442749530
-1414718548
141745713
-1775869167
1504195984
-1619913356
868433301
1599060300
-158571935
1158254566
-1734346753
-2019403981
1114314308
-9976590
-888895235
1634915498
838145456
1330603024
207727996
-768383543
-2022139683
-2057684823
-84274085
1677722080
-1505001357
-545566027
-1040120773
51869370
-1051221628
65574308
-1214444904
1824255014
2089508028
1641271681
1031669789
-744907854
-1772096297
1547291221
-2083049933
-1703231303
-875931566
-1232088631
-1568488998
-1661205344
-1392356763
-595667186
-1843480644
795143004
2144818991
-949677823
1951300991
1862009910
67723059
1413850761
1883210842
1399251666
445613570
1432353091
609444074
471999597
152920122
-232884639
1487639622
-1558313627
-1563214674
-2002316849
-1786752432
55593726
-988494618
743821206
1961679182
399803746
-951799607
-1643380859
-1083101512
440397289
484147608
-1396371699
1980912979
358507931
372930590
-393472660
167727230
-1058908174
1962621477
1979416078
-382564149
1927906787
797956908
1059222831
-823368239
836042015
-49398698
1044511428
-1755500225
605208469
3995556
-645021797
-1398696140
-128196805
-2019079578
1262170305
295065550
-1076751858
1793110766
-1863625437
-96666111
-1332477353
444085639
-282959497
1119137705
-2096111826
1000766629
1934239324
-1167627551
2060448067
1371621469
652917951
-2109913963
-1795868708
-382607081
-1684597631
-542344107
-145731047
1230209409
-1094629034
748058988
1128872063
1870261190
1233445360
-1840315087
1405782707
-55599617
-793551525
908875420
-1519553147
-2067899927
1196536490
1825817371
-261130960
-150211624
1736156883
-2006964058
-1798604833
-2080334613
-980673321
1371301136
1717838963
-1152705407
-1917336539
945647264
835012995
-1414877973
-147207872
-1842552352
1172224164
-2094174366
403205279
-785508172
1014698473
-1169315013
-486431789
-1703600467
-1235663955
-733524903
115222767
-72870241
1626849935
-2036181790
272342051
1052304752
1066188221
-259639756
1928633258
-938592717
915854197
-348830438
-251136538
254815092
1713768905
1464778042
-1782687288
-1099017771
448073634
1097402322
751839605
-793139239
1936132614
1669151139
-1522314458
-1534669057
1056862621
-1296565204
953373775
1404680722
-1289370511
-1848420837
-382481661
-1753387841
1005260788
-631240960
-23053930
1753194599
-1344563385
580676163
-1523457917
-1267637706
943528377
-1931340456
-1432431984
-1649738124
2025225613
-1735219920
848537391
131255579
1049748223
503279346
520843047
-901008472
-908172407
240060394
-367014029
-399937482
-1437073054
689887425
-234527126
582353351
56658758
2060333039
1283907359
812958181
-1380157316
-1287420052
1335056138
-1136327831
930283797
-992742995
781908455
135219866
-765397391
2030035406
-1832978466
-242912647
1023549447
-197672181
-1937229341
120542042
-18014108
1577980788
-349538209
226672310
-1615190413
-412879391
227514383
-1872829377
-70455553
1064857378
-289312468
36729909
2063522422
-1299070341
805725388
679809784
-1448207632
-595877553
-1989712760
-1289096739
-914145682
898376218
-1952690083
1884987716
479107430
629977764
1455804119
-1958580247
2004047231
-2080147085
-1775631509
593750906
-1771165544
70048384
345753381
-1465952662
-1855850482
1941705518
-578140286
701114117
-319493058
-1720376969
-2043596898
-396958781
1047312456
52521576
-1220558958
1538126048
1033968150
75748302
-741378537
2144150315
-800598372
1376273713
-51826578
231549982
-196233632
-46808063
727835780
-1622592722
405030461
-1784045809
-1966712496
-527028124
270819427
-220897986
698319232
-830677971
1537327521
-937401478
-607167405
-1811789715
1129066214
-374766105
1566605512
1358460633
-1187057916
-755763107
1293989624
-741244795
31956151
93213204
151077824
-440065348
-2013686554
-1686529893
1220397730
151110927
-718043864
-1962834417
536144364
-1566618448
1108401801
-1491698040
-705956582
1050366208
1339633804
592242902
1625911672
-2138339995
-686051212
78437996
-743950069
288124001
-792366913
1538811548
1461675953
1824499680
-706409230
-943869692
1878619783
1905162960
-636039780
-1427242168
-2676342
1444564982
-1161787244
-1459007999
1159803776
-1127327233
569688452
-1023828748
-889867240
-1130192683
-750203221
1337513606
-471010224
1280446516
-1419639331
-1718714769
-1337785066
-1110811780
-1799735857
1566207918
2024416306
714459848
626782097
1534902716
484707170
1970029886
-161782693
-1774564093
-1501655610
169487528
-2032608373
1937801873
-1896732802
-792666556
1571161326
1726122760
-1423481967
-178393897
1584900926
-405479207
-816694256
-1648138233
-299791637
-1765025359
1533073530
1878836458
-1796058851
-1791700174
-601010590
-1228850215
-1692268806
797505254
-1904719793
-364007542
1906666788
959695216
-1062422814
-1492291235
769461125
2130114820
