1190344421
-1435969240
-1199703667
-602137862
-218804604
-83173902
-63265677
862520793
656433356
-351694721
422021612
-624110247
1252775103
258017562
312052805
508026736
-611257421
373531281
-2011523067
1655502650
-1350003659
-1663789748
-1415470218
1354354736
-1031925974
-1819758687
-1446206876
-143269735
1935270711
-2023112857
417296932
578320192
1363716706
1965981896
1576468951
2106456166
-2033629703
1206003291
-384812304
708802042
-1088985934
485740146
343305715
1413420807
-1271544045
-1137215057
-1020967042
-84999571
-1439832557
417814237
937857420
1734328531
491839489
-229804036
1018447096
-1434564133
530567077
-458537827
-2090094784
-2047266664
-79695452
510999920
644264076
2129109820
-12501976
5170459
-1789110802
-1296813547
390352064
-929308084
-918924311
-1200057926
1341575300
-80171247
-725801673
840354945
1881918076
-63018650
1470419398
875534131
-1161339839
-1495623409
-876568060
-774062846
118224101
-260243800
1709982300
-1944987973
223414800
-1574256646
1841109759
1140113719
-603340950
786924943
-1790517273
1856145175
1451499584
-736469624
1531616536
1861005743
-1171271839
-1193445459
-1114389720
568735042
-356167351
948244165
461043713
1154903152
-1886038911
211489575
-910250010
-1986275605
1591319621
-1739429232
1834865331
149917553
-1252560538
877517111
723579240
-1818907402
1396555122
1657006110
1229115367
-342490337
-1188613103
986340523
1081165564
-1604585993
-1144312143
-483846793
-445922658
-1957473060
-261218715
2059231332
1293213812
1501786298
701282314
2071207412
371258010
956883323
1531657899
1047676376
-1511822684
1784786622
-2132504538
1634246855
-1386647326
-729362490
602593295
260623249
-2001720347
-1157024076
1768295635
-1721837709
308902978
-1239950600
1425709856
-416015444
-1406521195
548894469
-989535356
-1898640304
644412872
1623977284
943484500
685582939
-169506923
-232880054
1694235087
-1203150583
-1371282103
-1467250100
746178178
-230529949
-325087543
-1858813998
1124976109
689300765
-408482342
-1908536918
-1470525594
-714166881
1829785500
-948694497
-1996472515
-783745951
-1573219753
1401725290
-1915050976
-2111721605
-539300999
-994884247
-998875455
1890850172
853322207
789332110
-394995787
1032025977
-1351673773
-1409092583
-1085722721
-274026391
-624008107
-1730659959
-1373467251
1211983280
82685214
-583508145
-1765642335
-450120455
-922452255
1592245445
567599603
2085776200
-480100781
-1794109091
-698695754
-1888544434
-1341241235
-1884806371
68444824
2102434047
-1864119696
286412874
-1931647889
1762777185
121935401
-794425245
-724543727
-826933849
-579963274
530800721
-1928096126
-765839234
1915930632
-431016485
127834452
94557349
1065900650
-404122017
1297703755
-78749245
1970003265
152526014
837680703
338887796
-284992044
-1066190184
599661894
1486308516
-1807902514
596222137
-387101167
1578691872
510534722
516307666
-292397930
1919537258
787723760
1007743595
992529647
-548174132
872810950
88321304
-1819963519
-906987089
-40031063
478231018
1881166689
790220844
1799106420
-670490072
565517042
-420540189
-813332928
-1062514369
-27789614
-1839887093
-1742759962
750372854
-850457866
1553656011
1272201665
881184485
1990541843
-1572383545
-566340680
-61252569
1839878975
-1176417028
-872134533
1370792014
2042297816
1160638672
214941195
-1717375337
-1594450012
-426358684
220557952
997815390
-1422554823
-670364883
-96876282
-242912301
988132511
1682291650
1629100840
-1890126354
-72760781
1910451446
-1455203760
-424663136
770727885
1184941097
1027786126
-993718
-1854374363
435621083
981841816
207142770
-1323763598
2093052289
-2142645999
1995614131
241734227
-1541132901
-1393622258
-1616548619
-28479501
834587910
-1929298475
-368605218
-297178009
-1493513074
946325479
1650765960
-1479871911
-1605685305
1686405440
-970155404
1092631275
-1452335076
-1645373732
-453182531
757405397
-1302927064
1041263229
870863760
295806416
913040964
548713131
-524409893
718446646
720450912
-1220339972
2117112388
1593448169
-29605098
-64828267
2130617436
962710900
-438205444
-1682573584
-1794536684
-1356426639
-1897730247
313839838
-860966545
1404451369
-307032486
1864622543
-64519559
-446685311
1975039590
1109508945
625678967
1710378771
-970146257
1502427862
1964857183
911982747
-840153621
1095543737
324664458
2028880532
1315922946
-787733117
1541528999
-899613662
1488800552
752325225
-2407182
-933320398
187973038
1632291353
-71956314
-612829985
1032643093
-278295371
223806384
-200501737
2128989412
1020111391
431351204
-466087298
2031965115
-2097555081
-1502376460
1723943825
1921842599
-662436639
-1851890082
-1042007538
-728030026
-1598943861
-1690472282
-3703917
-1211327282
-1370469394
680655749
-2097572219
-162958406
-717664173
596325089
103028787
-110813563
1736091544
-1461321923
-112201414
-1091852277
393914419
-1071191950
1860744234
-1527073588
473926519
-247271521
224565865
-1337561085
-264743146
-1079536547
-1975422121
-703089162
166484710
-526288585
1048371635
-1974333552
-117553433
522476376
1025542972
1873105708
490478980
-269594234
-1311957349
-1510474061
-112884199
-1708423601
128537471
1045733096
-219790411
-648093311
-1331672822
-713697278
819647520
10966238
985458283
330425210
2089909023
-457129968
2085102027
-1145071834
1859796470
1419419610
-381005459
1188841863
1285329709
1330510992
-328340720
-1652873378
1825688215
-991999031
1413764503
-316944764
-1485868657
-858769070
1658040555
-1485880837
-2049099899
1431341925
-899762144
1775209279
-582609224
1327273497
1036394966
-2021679902
1238156612
-401935844
922034913
-1435612585
463975007
405957280
415299372
-24090355
-1666640929
1722570387
-440560422
-2137821505
-637810689
-1702440686
-653791827
-1024777974
187043681
-37911265
1395155627
290597439
1089430359
-767098736
-1170846210
-1543592070
-1126765475
-1213218230
999278363
1044972531
1889295594
-1852082257
1292305702
1637135763
-181062553
1209539924
2107179925
1110421194
1436855935
-1321863433
-1596502765
299276703
1691148953
-2095934801
-831975258
2010722312
-776743006
901008229
-1633295085
1119569275
-1541435377
-805896574
-1332814208
1743017412
1477988898
1101129961
-225387941
1018735897
303083627
-506863832
-1731910277
-963347093
-1016654191
455234793
-1089216380
-304974594
-135471534
588441518
-1376926066
9218619
358297799
-1550950211
-1148634616
224391364
1163802604
-1912380840
468237274
1382476745
107177055
1586377777
1303326922
-98340455
1860160360
488006428
-2094491360
744625276
-963649223
-1921374202
-1540088181
-1383275329
-108915850
-1684747739
-1457087419
-794836977
366086134
-217288592
-695532170
-532561398
118653899
1621562961
806899157
-1347638765
-440385921
-1968334951
-1802848107
625232485
-973593184
1793001396
-964120194
72176746
189781119
-572143587
-23489447
1381242445
5719092
1700991507
-239663472
-1798767155
590804964
-1447237747
-714619114
90305620
642656582
1529192298
1339889796
1294788679
-1343702686
890470636
1316628868
2016483231
391965083
1070735975
-239132814
-1690177608
-1537400592
272531253
-2130204865
478123625
-1622523522
22673644
891760793
305033300
51860040
-177227822
-1930741944
-1404028802
320307514
-2008342896
1546534619
-520192735
-182730389
682968358
1403806851
1932498369
-1160410718
-396710113
-143348930
344745596
-1060604133
93958405
-639605193
-1769044826
-1116940149
97335574
464282988
1921224853
1421960544
1605300023
761645201
210491576
329950540
531030056
1159109684
-126379538
-1352479740
-91346952
-79911647
-1043893996
-1608184508
30232507
-1109983737
-1354116640
1198238999
-1525263749
-704812198
672700141
-372748204
495287660
1446939003
-1873346795
-1093512853
1928568674
-1942996714
155298822
522132833
1777810311
1081077196
-1356368369
-1795891944
649704264
-737754351
33237307
-123212076
-1180656753
-352355498
-1214546016
1100477434
505065783
3853673
2062544120
-926320871
618864828
-932142052
365825904
509963822
-117107406
1746088997
1317329344
-2009588445
1158988408
196283460
-903361925
-925033319
-1011720531
-1429109846
-1954167641
-169965337
1052688097
-2080298343
22830480
854170977
-1561294065
-49667769
-300829735
-241483812
83115339
-322799352
88875987
1821065329
-516923337
1017709483
-1184862959
291852673
-756367173
944977187
17046843
1296759802
-1037924620
-1633354903
-1774496734
279581655
-1807848852
-1764511583
1599485205
-2006486803
-1309837940
1738771323
-79455886
569765859
-678687666
1013002716
1086576767
1659764609
1011231286
1192186300
1834989690
1530543662
-229962878
878339153
-1565205266
926018483
-1225411168
-1704788115
-1746254265
1833055045
806425311
-510568156
1463072424
760451521
-1298819735
346743217
-713289732
-1758929864
1118410097
630003609
-642777269
348760750
327999144
75430416
1131120974
1323445023
-1414848268
-1958953572
1651264580
387883202
748173411
-1191729416
-480539898
1747522448
-2089516963
1002319930
1471436121
273937415
1399236121
1415502903
-1619828349
-1687898325
-725897646
-166044634
1626499872
-1247957299
789914169
-1314919549
1058679605
777429519
-1088907347
-1122433483
-315409019
1466427942
1871906984
-541598478
2068809507
681842529
-1237996036
1888365538
-204803512
-136813973
-1271312064
480794498
1794872166
-292786740
2123385348
297989067
320244605
-1556210763
656317003
665786770
1892694956
1415478268
-67969478
81538609
-158097910
1948325476
-1175321844
952369511
-1382688842
1031738658
-2129462968
996173180
449337388
1893995420
6739510
-375413336
-1157817894
-1575840397
318576782
-700481867
-1699358734
2099931587
1534788723
-489914909
475024769
1721466537
-29865313
2013129227
-1345400384
-311170811
-2011009314
763665158
1671292330
-920640384
785097152
837116751
-223574322
-408891440
-1423900279
-1587679258
-2093589658
1202284858
-141592980
-1319288201
939264935
-1622159528
-1558340104
50801083
613899354
-869496292
1484028370
348937246
442359467
-1454890988
-1053305436
261560482
656296256
-1708000273
1588238421
-1717145086
-550383987
358721087
128611450
-567236582
-1709439898
-221554816
-321803253
663171973
1770598613
-1164106152
-1253778599
-1208129656
-1625026515
-1549117920
345898815
-1770205650
1538877534
626952610
868559512
-994008397
-1565459061
-1100292572
781885168
1893994021
1565047769
-470076763
1985821821
-1333458360
1115171466
-2057167002
133397839
-612888902
-1204847543
-2112986709
1961652166
-1121522601
168218822
864337858
-781097915
1081572062
631733125
1598400836
-1212661212
-2000880428
-410885133
-1523181670
-166610965
1426152872
-1341926726
-1298697534
-693257540
807513623
-609861547
269647443
-1562113777
302744273
72022246
1997902526
1718985893
1528764764
-245847737
-402217258
-1793624138
1150576440
1804413278
-1278349935
216373612
771716932
-93251659
-934933489
-1235098220
1794292064
-382657975
-1939133476
1570233234
310650962
-393619295
-1225626255
724236438
-1352373779
-1464794334
-863535360
-1363934964
-930787985
-638125151
1652972401
-1188762280
-230732757
-92146886
736327079
1295150531
884732007
473731423
139777031
-667076176
6637191
-1658881997
1576198201
1462017554
-226968470
1990081048
-1951404240
1393491745
1155404563
-193620858
460440936
164381003
-1018607988
144835614
-444032146
390155624
2126024710
522388990
-1192008027
-2138364878
-1781668283
-375350698
2090428998
-1183107852
1184211002
-1907499973
-1986177880
-1191842944
54664689
2143077051
644771009
1003989349
2038340525
-503029968
1098945516
798203489
-780561584
903621849
-1982062612
-654101484
-253145088
1365525926
-951922384
-1877737226
1028888583
-780431278
1538746712
-244484469
1242271995
-754828361
1762239991
-1022968108
-1880669666
712514397
1994433434
-1153925880
-522168057
-1890862765
886697225
442328452
-957737855
1881682242
552843980
13623551
-1920960078
-472045378
1222452976
2101489409
-418171009
2019391711
-449881846
223460245
615570479
1678138640
1279192700
990747709
-444776114
-836093146
1332028150
-516724698
919097811
-805873484
-443253441
-1671110756
-213348732
1468273053
2030371893
-322169153
172946585
-246455319
-268419054
1623922550
1560291999
1914561756
-896168976
-642830684
1509496735
-1459063996
1686338446
372201626
495143039
1494432530
-1943316140
1593868492
-270547033
1073274412
1764753556
-1623095098
-1166718233
2118047361
-542009326
-1205056928
-770122857
946169181
-1137971002
1285032240
-25797377
1129751550
-2011853601
413992768
1460704505
1952287078
-1128688885
-1544539904
-1415144747
673642866
1890005493
1657345149
575066236
-2116275925
-1464518641
1343461331
1328925143
344400987
1077994385
2054300384
-1135491471
1122410595
1094397632
-1154731974
-184442534
-572438453
1678253171
-927958686
860379982
-182206950
-311965486
-2070859207
-1736137961
-1989702296
-438746527
-414971982
-218759121
-777671887
-1637650628
1515640264
-694713432
357605099
313557668
-144357198
-830856368
450865369
741131961
-1104487083
-1849220336
-994739807
1839316617
-640682758
120926356
1946308380
-1630346167
-465047487
-247392976
48925293
-1406040095
1501660500
-148561407
-902294700
-602828371
713672030
1620621907
-194110268
-2128532095
1574274366
-418144190
-310632782
2105647598
-1662247561
-51976285
-1262085841
-889202749
1676260715
-2093501660
872772792
667899350
-1677816375
705044401
300356557
1410512131
-764150206
1395458585
679504319
-1750544267
18291330
-521315599
1325312718
-1318701532
913584734
-1805474632
1351641458
-1118397538
189636937
-1502912453
431699193
-149267703
443261196
-664566982
-1907094191
-1406124953
-141945931
-3887796
1718272039
-398717157
-184256304
-761641217
2095416112
-681650259
1697612244
-1460277437
1485529029
12424649
-1621952032
-747447545
1829847989
295691917
-1876036442
-962786524
-1230582954
945817348
-568690521
-1996784518
1421678813
167377644
-125495136
-875907496
-1449964305
-1516250177
-859819964
-1083745503
414807159
-1953131535
1182906410
-767647957
-1334575175
938904181
1674962184
102025706
368514727
-1691614587
440403489
-1311759027
-1005429133
-1727843422
-395946244
1341718375
-1269103515
-1463919142
-63129514
973447762
-1653923346
-462660023
-865237928
-527210928
447401468
1887864801
-738266612
-1893973454
-192385137
1317848173
1814477837
415923708
-800381557
-766230062
556072574
-771593271
1443059664
37564312
521830460
22301420
919258503
-624406360
-1302471849
-385435304
-557407042
1984783703
1192638653
-1030990015
1249093431
1981788578
-1122397384
1966964994
-957548419
998122427
1652012442
-1814478015
106727735
-931078460
133851189
-1092686512
634665920
-871485991
-1435074160
251913686
498386422
-201514156
1364250200
-1457543762
-1027580847
908879947
1901397141
1042414862
2034530871
683147357
975975965
-1941567765
380066703
-1830746706
1201894988
754347676
224066452
937861423
-976574732
721284029
-587158293
457163554
-352411502
1089017942
698719990
-2036768803
-328128061
-701692613
-1296964502
1442133197
603222518
486027445
1504235294
696342973
-671677599
952746849
1265808678
1199645272
66609208
1631926104
1238725408
656675820
529383196
863423887
-1220395059
-944770192
1737595601
673150337
-361454365
1513041864
-1081079500
-1511716086
180859168
522529862
1009585515
-1129443690
920893346
836644724
-1721673378
37632890
2126000245
-670500336
-868404635
-1449418591
-1663398291
-1700509097
-22516415
219815787
-1013178826
1026215814
1066513744
-396004143
-55164247
-1383312995
711889660
985673932
-661806496
1529549157
-1861163660
-1406124041
-1593697652
1627432116
-1846688866
-1330123918
751471365
2004734703
1983707212
-45845750
1488506786
1508718033
-1508405843
283747734
892566218
-648502678
405740549
479468451
351806795
678272617
-165752928
-640550829
-401447062
1893557661
150100484
1894536321
136367930
-1351007304
-1567735195
1435088937
-1027446735
1628718678
-1821882019
-1850456569
1235003383
859802429
-1212820516
-945521283
370332801
-1316573466
1596035420
-581192007
1858418526
-1910104260
1433981273
-936919785
1467986512
1955419810
1691630592
-337957949
1587841310
1486570299
-2117672410
-2145619806
513373352
2141412964
1532614779
401054066
-477473988
1680750725
575263231
-897757393
1194723879
1800437001
408907187
1270588344
581921933
-962612566
-518902892
310613426
1782922109
-260293647
-617530172
949513900
794923839
-706978819
-1353932022
647257988
-2141038096
-516144254
457986940
576716552
1685160784
-502044140
810176634
491818719
175979994
-345000027
1067445982
1928014506
199056661
794509900
-1771718031
-662092443
-1909156566
196715591
-1767330400
1526536467
569465781
-1399443901
1653518447
-1474630502
-1933868577
397179354
47157932
-520727573
-1369908308
696852572
109507944
217108069
1550092433
238590417
297195427
-542546053
1121562953
1515620414
-1592149434
-1565311597
1982582504
-307236057
-1604415659
-1577905359
-1397502160
-892389547
-354949020
-991801772
-639981022
-1494176039
-1052043190
-101184992
-891339560
4937040
-249349100
-1705042244
614366609
1703472231
1427595068
-315997315
-928883443
1828545697
1821519643
-794448061
-684922597
-857371049
-1457720933
1350032163
-1321565073
-2081335552
1459008304
1983466310
298796985
-86108494
2065424392
-96108016
1854988274
824816105
-460211072
302350724
-1108378120
405771142
-200511270
-2112454938
-902452387
898417433
725457965
1270197409
-1241507717
-4678814
-2021350756
-536592789
-182732853
1788077332
-1852233014
927271846
-36062602
227039709
677084813
-1603832823
1875788332
-1108421726
-1753365791
-1672910209
-2031625163
1997712399
-294372578
-900412850
-367322683
-913502130
-1471542419
1606048380
1287575955
-1508160235
484126328
164569965
-697624916
1220499174
1858835040
-1925776688
-806006653
-265678190
1922994419
684812732
-96280499
1331896830
-1848559842
1527533845
375050123
-1399178967
-737341536
1687285812
983958504
340410221
-676305664
-360828474
1625674820
462864644
-1522258239
-1230937356
1079401232
1414558925
1850154451
1947515076
-1192027684
-929703344
-1573356469
-1144567874
1428800045
-808373249
2084885590
99635666
1336948627
321216958
-1683910037
2092830329
149954299
678387621
801380031
-127512295
1808502593
1360686340
1131670014
-13586003
-1046235383
1902190503
897517879
-1016587355
1254329295
-1921652902
517111063
798746378
1474156091
414303663
-483872679
-310976539
-328257607
1066417662
-962446979
1727324129
1170851145
1814806956
1723141047
1663426095
949613459
1985879216
-618052822
-1992844887
-1139797955
-522410413
-73793451
-1536343751
1338832001
-606062026
1919157965
2084486780
628366585
1885683097
2119373612
-615545183
564097725
-1525664551
1408900169
-2138630761
1058935215
-746083014
-1246628952
496203623
-1809276908
-86212889
150796596
-943684643
-255128729
497396534
1355142699
-778784658
-1586708887
-1459266769
-1596296359
2135858261
2103288956
1092665934
-412901752
1819065086
-790655439
-403904120
271389494
1729806504
2039008031
1355720331
1117313672
-2047429307
1549143286
-424918198
961820287
-145108572
865003475
-420243016
-778859415
-1922069807
553747413
1392486355
33424025
170356667
-598780945
-160112669
1992869209
1068809495
911074815
2094774531
1410148127
-132592764
-820240353
1865761760
-932966401
1583594480
-1514307781
-608319552
-1954254751
422118969
-888001820
-1966232634
1984539379
224120343
1209791074
-1408683917
-1637733920
-1516166600
-840071409
1259584880
-952790207
-1436251732
1034061794
319014794
1049972948
81625987
-2053885366
-1340042500
96558827
-386212684
-806892484
-1203546636
1366726310
-1307377600
-86959217
1875476304
1163585380
2055644566
-843809145
194913704
1534014326
24478009
754547118
-2067996016
511034389
-1854219361
-1709715734
2129698334
-373847914
979513948
-747212340
-1078653271
-528378661
472008575
961867045
-750128940
-1755868404
-1385217220
1600982495
-1586283574
1064246407
-1441084470
-1618745591
961664458
97725972
-1484572786
-1526824141
678726885
-1311888547
-1916715655
1711265531
1828280326
86779292
1700120493
1222297831
-376232909
-1949410922
-250622874
-704880010
617132561
841226439
1962692887
740261489
-1090173011
1655476702
1135672275
-404977530
626801273
-2065159061
1164170990
-1782767082
-1788045932
1800891350
-1639372060
1881456717
165830733
-1517253230
-36007304
-975399053
1659324649
1448367763
1966648608
874669953
1521268644
1595786237
436933536
-184615433
542477813
-1573940451
995652340
161644780
-618260970
886953116
-1324682894
2110904166
-1320884541
2097217265
1668497968
1985069803
281001793
-245156841
-1067513182
368148055
53714849
349154944
-2055373176
2090857968
-458776251
24611144
1310152198
-2028737353
1360941987
-1512155218
1254982164
1698734848
-363224759
-1867235393
-1218165992
1331024453
1686733088
-1389720493
718702032
1570968118
1163786228
-1465193923
189246069
-324797677
-512152013
1688782013
-265807331
-1258579650
1623629300
113734969
-482128288
1551566347
654875963
369572396
1941188414
1522022875
-1422014341
-128571042
-970527937
-2038994072
311693659
-536768171
-90329636
41586785
1387754940
1331133963
-1017128931
-579873991
-5856517
1099912416
689020803
-84864453
-1961358989
1846262737
-1620297945
-2146190367
-1289870267
494354410
-1964185822
1445567590
1130494298
2053140217
-1672235473
-2025295718
2083984809
-267298684
1227917711
2067223028
1295813045
95005180
-1555570900
-37859347
-1166890407
-1606297039
-1048148479
-1706702197
-488269369
-665774071
1456339128
829973051
596171981
-1409879956
1532575380
-982282013
669024346
476372866
1595176593
-1388298184
-1730636991
1874018592
608137416
-1576144564
-1191970756
-718252929
341178904
759187818
403166258
-269531346
1941880323
-1089988571
-1605821252
1833466697
-2056527147
1329474222
1455819493
-631538453
346473482
-1631092634
180188721
666262240
-1158517007
-1808812876
-438150176
1817007775
948356492
1805627927
-340126093
1814634358
27290554
-2044460418
1277692271
-1964962553
-939531625
530010327
1428276576
962202866
-122391005
2059071461
1706223648
-1600505901
2029379873
-1588561322
-1456980647
-2079571602
463063873
2007293972
2024661831
-1014155223
1910539648
-114395941
-198936638
-330152006
-2144950065
870634507
-592604805
1046180640
666860274
1259515326
-1397749371
-33326634
-1927922261
231657757
-971450089
-712221626
-1837970409
-1303705617
-794456176
613102459
2124425814
318543730
-1018059590
168644635
-914756751
1988852334
-707777710
-1787046765
-1454403208
-458053498
-1114658873
685915795
-1722070037
1376583376
761139010
-1198550083
-1921271717
1483709864
-610323738
793847192
-1472820913
-1439969343
694688600
-16703286
-133941397
832556668
2029394049
1779587974
1313022158
-1390479492
-333411950
-1352263869
-1624065348
917456762
2144379208
1028630958
1564326269
1084436053
-1468355983
-428523296
-454798716
821301356
-649555794
-1300482349
-1341784878
-1900869328
-463621767
-261969902
-1453567076
472564468
1385707881
1078935983
-2115043541
-962168826
-1665887820
700152442
1684195331
-411078397
1258004982
-1066685585
998520903
1515426919
602729008
-907297936
210792283
-1352869021
-1176389358
-1384230349
-1731916854
-1744125965
1404502652
1423427197
-1360375958
1148975151
-1587570110
-1814217840
-887561794
59249376
857265967
-197942815
-80816997
703449430
-854072756
368152333
2138951437
959715959
-2111424927
-1534975730
1937146490
-249986277
-771222596
83255465
2142490120
2018371479
-1259344848
-186263766
1611281468
-1506665
-1611789472
-707376301
-77166877
702049585
-948175043
338549137
579923252
1520276534
-1724414772
691133297
1687660598
-614125878
-52888276
147346001
100088159
461366
313372375
886622554
818663293
773209852
194926376
1015341741
850533849
-1005116629
1347342364
-1673526308
-1094975079
728862197
1919667804
-128920165
20945254
1510686846
-1861747846
-1396798794
378385230
1256163318
-1355157381
123150918
2131145962
1822846185
2134955157
26941727
953377219
871302101
-594697159
2083405452
-1678171151
943043324
1751868498
1261740094
920107781
-222789253
-941570609
2113782144
563639592
391693212
-234226337
1406112175
1559582339
-453330841
-321793157
382064105
1178653410
-657920898
-1629671255
1674705412
1308425619
533362218
-521360899
926055618
1775981460
-2120720720
1529598435
-696751294
216826860
1861209321
-1541517028
-2019254344
1264179801
1420018961
1935084550
122533728
-1736953814
1481282014
-98183137
693826479
-794917010
-1792005420
-869497397
-1074824501
-366431154
-1093129257
1771323989
1038396221
1286650039
2146382337
-257386957
-186026267
-519064005
-634080842
-1121090675
-431490770
174168633
1659083252
-1927640832
-273564543
-564860870
951146735
-323187554
1854300926
-1010678114
-1847585316
1004335929
-82860439
-1608666761
1801073677
581724129
-2056723614
-1727170636
848982845
471078826
1182245849
898721409
-863682259
737699250
-1279402817
199673582
-2138238865
-2027660447
-64630015
-1124331058
-1966815103
4544754
-1049437263
2115075553
908108572
1574095410
1963027334
-78525387
-1017705778
943055752
1513367942
-1258228024
1037586118
-767448268
210958593
-1030445710
7159790
944493275
243019457
-303788799
-1418065089
1211835714
1452762494
-1965089627
-521935537
-1897362342
-1052990057
537992590
1114463022
-511970436
1593431039
-1743443757
138828915
-2076276236
-1383359371
636098453
2076856977
-1880086077
742279927
-2072129180
-1221076626
591783584
1929267320
-1498669856
332590390
336857408
-207147312
247944867
-1784962709
319158999
43755507
-977587618
-1546603200
569042141
1302301797
-1741166014
1226217767
1875249429
-644811539
-833191776
-1299138136
54400458
1077162888
-703793197
1808016244
1945565787
-1307449440
1288938589
-218639174
1914044410
614834557
-682951345
1480085432
686303920
-1240545029
1220775662
493437588
312420003
1146927997
-1501564013
153704555
-2019998309
1252676897
-1650264366
-302413910
-403877694
-1999873739
2100971230
-61181539
1782264491
-1097241112
-1040689108
1453827909
1531886997
-1056334012
-1254727851
-1583224979
1865552367
-2133418661
-1493072576
-501831169
-232691425
-819648064
1636088192
1613008019
1990871166
139683897
-1118648582
-1736346552
-1705221977
-2037446990
-1070952758
-1524598569
-1273848591
1083273331
-1794536090
1977806052
-1975572679
604995733
-2097213948
-1058990185
1695376356
575498162
41201721
-1517522069
198781475
253671643
1153901538
-1883863483
531283065
447074766
710164295
1151641288
828065146
61149800
1574032252
235553511
1375591636
107452248
1527964426
1648917435
1533368467
-630297579
-1315496241
-1365354
-44077408
-764778479
580570402
1363714903
-1363023222
-438686930
-48529606
-978663425
-269550712
1160179057
-1566033712
616382852
323083966
1066538485
-1541804543
1348858341
-1088067137
284216609
-1078232199
1575613310
430586194
1934753309
-113869618
-359482979
-1903523719
293501825
1762436393
1730946644
853930926
-1442170033
-2084864469
837659024
1038068847
-2102862301
-501042931
1961737578
-152182531
-672729688
-744276471
828396476
-229548961
294436430
-1460648456
-891942665
-703028563
1996898361
183519804
45822004
243404170
-461894788
1301808863
817040520
1942269169
132580230
1637239548
-1050883173
-1786777547
424472028
1396339549
-1747643013
361651010
-405096440
-1888130203
-534755923
-1527264216
-985356080
-76589008
-1898536571
109319386
218362027
908743160
640491447
725019954
876367216
-1337143366
655004973
-1979023049
-559172272
448047384
-1350411494
1036918690
16071942
-1692544384
1544208974
-27079521
-1342722740
1026963342
1331095500
2112339152
-1561101424
-668313681
-484393319
453311638
1514871271
-1555265274
-1683397930
-945633390
971231810
-1573714542
-2055009775
-884976535
333226207
-137943409
-1164368681
33888455
-1313619455
-1031638499
-845118067
30656934
-431298846
-121872609
-1016946561
1163303888
-708491800
-1934232731
-587974343
108038306
406452759
188653581
639176981
-1242064110
-1930926649
-1348468698
-1256494315
710445298
1950583958
842292629
376928498
1644436597
1124374687
786833468
472384884
-2054475278
-1765540117
336890712
1734537220
676744680
2023487271
-348361430
-1989587585
1513230145
1397635735
-1316379431
-1644674484
800719322
-1953350070
962634390
891611568
4166979
-774873969
-314751487
1144970848
-1117570109
266445223
708230858
2063218775
-948832866
984821691
189682587
-1394928662
1241107609
2049404432
1353265973
1005188632
304874429
-1468106888
-583814183
1784259110
-1932787877
1899133963
70165736
-767806357
131475792
-1664349673
1695389389
-1242655128
-721791606
-688033196
1494695194
1992204315
-1581684022
1704180572
1504136945
-490636652
1890472875
2092882009
1241745829
-1407903800
-2121892894
-1223026945
447461792
-1004481628
313417158
-2131167043
-668537466
1645646437
-184884206
1040968494
1389246362
-1640566746
518038506
-1984719915
976724320
141579706
-967429349
345023241
-1142278780
-770046277
-2037440857
1749639726
-1943124998
-1257669405
-40811137
-732073691
928728165
-145644390
1702796178
930309893
-734594371
-673132849
-2104911610
1997752842
-1290812885
2116774922
-517285436
-1350823219
-1686756809
-1285626686
-1533890246
1433513653
572002852
1199121131
-474368421
1069823405
-880636262
-178872109
-400585750
1562920727
632579461
-678293202
746023160
2013512191
-71869379
1512961135
527836587
72436883
-501017625
-340676776
-672280512
1861246675
-608219110
954791636
-1080095150
-1730231164
-525237308
1108190468
-236401061
523487849
-218380209
873548695
-1761407621
1233423029
-825122049
1446844254
-604392072
651955387
2125020317
280221982
-2023172346
-1394005017
1614147417
-1395963992
1397474375
-256935439
-756855060
-504443097
-1455108204
-1691905970
-1741287683
168788408
-1461996931
302941418
1156213701
1288305984
1250746638
-454330860
1157495029
-1717282184
1331973460
-1823645254
1330445014
-1521256116
-1887281377
-760038443
-2058768974
-1659355547
982656008
-340821978
1389764466
188388868
405011381
1576893218
-944799864
-1313779695
-1420802981
-1251039702
291768590
2036541811
-247870588
-982060290
-793056465
509515426
-314570991
-2122821005
-1039674427
-248831111
1143822978
1952531044
-77987773
-466584496
967699573
-1110815002
1745942741
-2023984054
-1390423956
885912255
358570437
2096274666
1821739219
1419348759
-387559648
503661292
-621796032
1265455727
-266688871
1287709778
2022080764
-2052286765
919509932
61895612
555967937
1795071819
-79052282
-860750596
-1904437563
2123625622
-922045917
-2051506454
-270465033
1688928538
115629113
1576078964
-1090730617
1638546453
-2082265772
-1062299912
-1166717012
433411097
-1769721150
-2048865323
1913220769
-1090122570
629901232
-1626333377
-1324629265
2066269048
124508436
220320338
1941935602
-37236717
1191001038
63205993
-694964587
1341141980
678301961
479614896
2075078239
-680702853
36426983
-1826817800
1744878259
402685407
-919096483
-54712118
88110675
-770373775
1496647514
1783730110
1046056741
-1715505012
884877358
-1929512948
129524794
-1713670101
-1938937558
1521696355
-783906805
-1793993757
-2133561469
-507446279
-1666309371
884738580
-1485749637
-351322653
-1005422009
-1556495525
455653826
-1184113242
-335307095
1335881546
-1349800424
1996246797
1934592000
-2098169765
36474935
-1583483076
-994893665
1317323552
137382384
1091330309
-846068447
-280728385
-1498837612
-1220156807
570686566
1558510750
-733005931
840730562
-571249702
-1492746919
-1996183957
-446015696
2096647165
1993093372
1437936827
1295860369
-749772514
2043663470
1131545014
1740659140
839236713
1178674731
-1915464769
-1796402544
-76756700
116040757
-660905648
526956977
1936419381
-1141918388
-1382499298
1000300852
495250407
1504162140
-864347526
-110174204
951504365
2101116214
875191033
2127148739
-606426714
-1242911358
-1016226217
1071836638
1548335266
-1658034956
-155280488
2029076699
1213448036
-1225301570
565940847
799615732
-1611440023
-1731596731
-1378123805
-1938642711
-1538909335
1506388247
1813936432
-1772567534
-1578205988
988960795
246305003
-973194573
1475035583
-1417528567
-134092184
-1933321837
-472484969
-558591716
-380117153
-1157473585
-1976844107
-1682815482
-796697651
-1677533717
-446327620
-2102658524
1062229015
-176272087
1706341728
-510666253
-1821214347
-1138932706
-49387664
1124137153
-951807859
-201897087
76111893
-94559577
1876168286
-1532395962
146933339
452549046
-569434273
562686954
797100273
109867631
1571388647
-654423024
1232440364
1111655288
1991161039
-279849139
-1687194543
-1301603187
486459221
-1295034049
-1137143789
358578356
895237955
1705103332
298133338
1717378996
-2004801457
1867459624
200192581
1004841671
-2078111803
415631295
-15287182
-1309433714
1310735203
-332372939
-956417924
-1435788220
429482627
1783285570
901777349
1147679798
779859327
1394624610
-595215756
828920690
480669520
1694589861
1333382081
-867763522
2048896376
1804903875
-2064982417
-2058707764
-899323358
1329431923
-54018662
-950957653
-1580108666
-1408827908
-1579932238
261430655
1167723410
1141161739
-1116563001
-1562073484
1433337542
1828128199
1373620486
1674851823
21854559
-1054182621
-243251069
-1939156730
-618472521
-783387790
-324426440
-425806798
175720171
496110400
-295955891
-123363773
-17908034
285220190
-604883047
269112979
1323435452
1209105982
-937368472
936895102
953063330
-738432895
-822564226
-1237443055
-511482372
78522062
-885545636
1679469568
1844853520
886376165
-1789267519
-133402403
657450746
455993843
918264179
-1771631225
-1336552
-743832025
-2029586626
-1296102177
-934930521
-1892242044
-1537812675
-1776371518
-1300262994
456797689
-1088170153
-377566670
1050502938
125181614
-1366766580
639461590
1340550954
2066788000
-1746784911
671165860
-653490931
-24393617
-762785672
-1449321252
-663243064
-469098634
-978816907
-1251620041
405492317
900692508
1060555997
444015200
2043085609
1110101353
672685904
1601009827
1513251213
642645468
1053552088
831254499
2134022352
251681146
-406422157
-1049276463
-434501820
-585752790
758999246
828100443
-334545754
1346938688
-1078681773
769622369
-2007303478
-1104150186
2038648933
-98936658
1979915383
-2032657566
1642170090
-875301083
502433423
798541317
70613257
-305742790
608995187
528034337
-1098936268
243451556
-1668527963
199001005
1244687720
-1307386544
-285788498
-239127093
-1784386125
1716679576
1626571585
212372506
775189239
220413108
1463952800
971423049
595850476
-274464144
-819069634
300942060
-525296022
-244206817
414710437
1142741650
-410518808
-300492081
-1713212775
1201456150
1496053823
1281162173
-1061421187
-1329065675
2128036020
376863243
1491899638
-1324967327
285126964
1378815664
814590413
-760451884
1260220385
79426991
1900059673
-1901410841
860710605
-777761909
-872107107
688189347
648423172
-1093841415
-1300208018
1742590616
1115191248
-1875020841
1569178585
1626099949
-1222830537
-807104420
2028218755
1064419000
1198614728
-806980207
-2046843184
-1699804273
142945174
1539885568
-1806126456
-1618316961
-72853371
-440662614
-439806280
-387924869
-96940092
-2075997635
-1342884138
-1239777032
42173593
955910790
166138920
542036279
-1341836701
-1636322012
1999287397
-1329444414
865263069
408737406
-1896362341
422217308
-1447909729
18048502
1078911572
-469019566
720481514
-1820380578
-642900748
1929655831
1535905700
-1486052950
-1771785883
255462415
-779598175
-318818329
986809845
-965609814
582442275
-2129847957
-1773904770
992986549
1394593956
1232337998
1392957638
-260339476
946935762
138886424
-1249572567
1209472467
75109850
-159511877
283334005
-853174587
-679674391
-1513890365
868874260
987002701
266300143
75280075
-1307810448
1203126708
526233509
2050072627
693454226
-1066057254
1523884753
-189657329
-966401012
546111817
1629842376
1652572002
-536724967
722923654
-68480204
-320858229
1385232130
698864042
1777458199
1850842878
-435606846
1627437106
-1008948977
950547511
-717392148
70234642
258273755
-1953845780
338618828
-739676657
-781841123
-533210238
554690509
-1700367538
-1163079071
-584181567
-1824405734
-1683767769
-477046691
-1022629686
-1289879162
-1399859650
-286469254
250268743
-955899728
1017819604
576706707
-187382043
1816381538
-1045431718
-803633157
-100120577
-420183239
2018018887
1645176004
298150555
1507014027
-1002890198
2140789822
463126681
-143959420
-1051602174
2036056510
-556327639
-2006945902
1384293325
-1136704864
-1356262787
-935972350
-1783693218
528455310
-775153985
-1314090261
-1843166349
-1821970431
-1137802171
-1752398518
170790406
-354651897
200993027
-185529746
-276175389
425076807
136468801
-85319530
1263970682
1971280450
-366167667
-1358071848
-1100337930
253991643
-1443941391
-1184689853
-1288006514
1626569496
-1961341847
-161862584
547307546
348114730
-284931953
1431643733
1501322216
-283848534
-1790714216
874590402
-229233968
-2047958747
1567252355
496566512
-1341760123
701821146
341299342
-738206033
-1147204819
1766051265
-511268884
-1063996192
-735305932
539221711
2100043957
129173595
-792899491
-395014280
-1586144738
-2049836782
-1188039399
-1838223499
-954550807
739225974
-607041252
-1584379193
-2094650850
-2063996903
912717868
-2056798725
274758139
1915377556
62194235
-1057862994
765757992
1800949930
1349864632
-1778044845
1922516014
233753261
-987335391
1006538035
825605418
-1555524064
-899893028
-1779397707
-2087545923
1370133917
1553532487
-1258577953
221690182
-80862983
676825869
-338650852
2116622931
-867436891
1346917307
-2003071937
-35399084
1004166998
-742797166
1864686023
901060241
-1235785752
1130779550
1174787172
-680237987
2021807487
-61678585
-73217094
-967475573
-1210730513
-1132543322
1517584228
-1221339615
1151712861
688462811
-1001963974
1798961739
1471984166
-227941731
162936279
-24966254
1720302591
648691921
-2104641963
58961485
865359708
73959647
-450400678
-555012009
254351382
690599043
-92282024
-1786456574
1952097863
994278624
-755717617
-1179876790
448533624
-2134417446
-259054762
-1888932275
-739773442
310912676
1605878043
-1200430086
1597623200
970506647
-1704323160
-1684983799
-329919363
-767783611
-2067644633
1343897386
-1737154260
1529763022
-935311000
-1641407872
2032833316
1923392881
1168560096
-777210032
330777182
1011828582
-2145001996
-657666571
-1471464647
1559425002
-2016167049
-922440681
-688277860
-1710915430
-1987486863
1076721180
-1762250655
1560176644
1330672418
-1413706787
-1574830095
-1527515270
1928166726
-953809763
-1656203477
-1051213270
468725145
1180071478
-757019767
1127307627
-262596451
-1046119532
420400517
945289817
2055967642
1757785703
-434720199
589365411
221188325
-1991374828
-18402491
1912746658
-32277403
-1899766292
199264500
184826542
-1872733102
1019997343
-1762622815
-271392339
-1131496896
-1550047502
95240535
100523756
506075227
-902874193
1888385207
-1261022927
475330292
-1940519203
1342134814
-1400752880
382840380
1943167537
-956199418
-1180668803
907583566
-697694012
1807474604
-882037854
-300873870
-1500020219
1188396787
553639667
1351738527
-999667728
-181863288
439934590
-1155214783
1200004223
1651008582
730235527
48021309
-179781023
419305946
-2045874861
229561905
-1776907031
705452970
-784261564
1524372736
237337417
-500723726
-726982107
-1478600563
1605030655
-360333264
-1170705209
-46931771
567176590
-853547326
122939340
-1701801757
-2012205711
-1427639604
127247042
-1800638481
207310412
134260319
-212791181
1683697031
-637402012
18002647
8637818
252751585
-1668341935
-928204925
-89363431
548595727
-1442667535
-1705900405
1059660106
366577029
803836320
750146574
-1389646061
-2002769448
353388197
1138930570
1800478750
-382188600
1502754798
685934465
1589717128
-2102148992
-1946095616
895305560
-375242759
1146232347
1200064808
678182785
1844234484
1143841386
-342944010
-582373412
662231407
968800756
-591678741
510192730
164067494
-1853373635
-1738465167
1985831907
1421960747
127650379
-502711285
-168775303
-994918847
-2133395355
-174741044
975575965
1852575595
-1161315299
1126790925
2146182641
635876671
1018424721
329163609
472062238
1968409727
420836077
135709868
933864695
-1185393559
-1432475341
-1535821091
-1769013026
-1900981939
-1299507906
-1635473833
2040278630
-760085408
-2079645437
426808847
945570362
-1804006192
704506138
307732657
300275516
1431864856
1704156796
1313430812
1378226161
1295349652
-1113767794
122088977
1519372827
1488333143
-1813007522
1276384550
1444407463
473985596
-666995157
-1592655616
2073155529
1833325371
-1162314198
2117880512
1024307045
2087744509
-58984057
183752381
-1056204880
-1675930447
-1256653143
717917300
-1989258217
9783584
-1426494534
-96593476
1716590687
-136802049
-2065122714
511653181
1317211149
-430038653
-44119070
1531319330
-1498603513
-1151667141
-119738065
1150027533
-112387462
-2122125543
-1881361505
1393390155
1593507070
2139732433
650387864
1358337352
1981556984
-431287194
-78929001
-481241787
226092608
118063872
-889348745
-1142063289
-1268305918
1137402627
-1841799181
-907659950
-2021921815
2076949854
-761319831
194673367
2024402809
1333094944
1265589472
-1483402134
1322416060
-1078699696
-772093364
-784650569
-498534624
-53340931
-992396528
366117046
186277279
-1630547821
-311011389
-846537443
163462944
2105645424
297423926
369813270
1296661533
1188265142
-957906250
1741086258
-1584377723
786085474
-1750640755
811840924
1847586018
1692548509
1441112271
30927505
-1831469634
-1413266862
-1782516142
-1424044529
173983043
-1345359872
767796733
-1150667316
608742177
-1298396720
302555205
2131347561
1508271796
1918514153
-1742460683
-453093145
1495738212
-262537725
-790605779
279119194
1629380431
-568655046
391739308
-1153626917
-613739483
187085604
-1425577903
1088327874
-968304044
-1927440347
1476639710
35108117
-216867228
2015506177
245800703
464835642
-425484125
-1654578254
1436495754
-1098925580
-1031649532
-1054865541
-1203963128
1172642188
-1585927868
1052300348
2046058868
-1665223858
1044085581
-528887544
-1199579070
1318444343
830487007
1623632884
-878933598
-2001116437
477281645
1112595761
-1400886267
884797676
1463195460
1812637533
-737415712
-1666744567
1195285746
-874952427
-1515822673
-1015452141
151471589
-1774177330
-1043048900
-771076905
845594449
42490853
-1621629152
-473335737
-663758249
1870919155
1880199562
-806614278
-736937885
239088998
-2007543490
-1522151466
1031559637
-1157898164
1748109793
-927847414
-438406429
-623719310
-701382541
-1966263230
71248573
-2097440339
-1483904741
-1727241962
-2113165071
242630007
1363889450
-1689676094
707171600
-1646316611
-293909159
1087009820
652471442
-469473034
1214022741
-772203326
-1823354122
-2045365897
-1562636931
1570960018
-1468284883
958390789
-1569524758
-857410978
575123768
2098781611
-599421521
-2026592288
-1620885745
1234709710
1455867745
57666795
-424624188
1849815422
71705561
1254942691
1896011240
-1566094066
-1443400648
1646722415
1240928813
-339309850
-1854960597
213690732
614894412
-773675882
813790831
-465734876
1525518377
-314150097
-937693801
1145467071
-696657868
888742350
-25223923
-1503719943
-1679763951
-1397836424
404680278
1584335381
-1074392966
412663341
-1660524903
-104734447
11773284
459834679
-1563109279
322638874
2072337248
102059202
1437986209
832701761
485025092
-284265295
-1321087496
539187823
1599880202
-1196779346
625141046
1083251606
-608357641
841087875
1714621983
701104169
-1983141377
-1267477592
773465454
-1102864435
2125595239
-1703195364
-996914916
-29722032
2139994540
-495823753
-731494431
-1715074342
153898659
-1536327872
912983291
-1874961823
181327073
-432167556
-989014995
-1891383966
-1308042660
-1764163450
489296394
-879695667
1609925458
456581925
158628979
1942612544
1850212457
564551387
-1739649187
-788820104
1802158871
1213819515
-232363561
-1934632701
707990595
1029922302
-1686372533
1084560442
-1847267028
587388821
312252675
1938790510
-794996087
1341939201
-1585517585
-132275359
452411890
-1437838302
-1060157788
2063075576
-769498754
1607209422
-973497432
284273197
-202913364
1036989924
-1957467156
591587146
2021941638
1266386336
-744794727
-70418093
1997411587
334425391
-518239473
-231170365
-192180819
-1838385786
-518080983
1266411387
1782337923
1560429422
-1238234170
-345248777
-1089901537
916976611
1803391877
575228866
1962214939
-235542113
1223649231
-92844244
-1746825551
-1500815376
2014114329
999680057
-445686879
-431860014
1268279146
-611954981
674882391
1772989497
762513691
983608420
-1179912884
-1236339027
-1638126115
1909754421
255104172
-2118716132
2125027072
1054144443
-2011408072
345810923
1981011442
118266780
-355108243
220489549
-142817787
-1121639380
295626982
-1991144744
1146117748
-1582249179
-1057678850
-1087211947
1983766695
1161552023
-53384775
822091735
-175528267
2079822109
107165411
761750286
-1567418837
680418129
2029788537
-389827108
578845451
-1480202111
1687876424
-931655127
1033834263
-258392926
1293380308
520890611
-1574588081
397504900
1219133562
-1820249432
-68349513
819097927
632165848
1370681527
-2120723108
-1741396979
942694252
1372501092
1976923801
-2011577104
-895612805
-80511269
-938678890
-1082305994
-477089485
-257192312
-548655855
-1800254269
1140435731
1377889701
-1800429728
2105850574
-289335414
1744033300
-1538568266
890151383
-611595042
-952959378
349428644
-1051563048
1951901007
694363227
-1152661277
-1359352902
1455430780
-1618712541
-1996326064
-1684228854
1487757060
2077838725
2071856951
1038596844
-1158533009
1641838023
263807955
1647012431
-1656239281
-854628594
146063893
410301282
1818566562
253621487
888015780
-1700219323
115413882
427236933
-214708699
878839556
2120591839
1194685508
1436882620
-557204288
-1833683980
121528014
2111111633
-275398610
-1722224553
-1927228923
-1087306986
2130251077
1777253581
917588256
422914505
1273617459
-239485409
-706078078
300541238
1676469648
1013588542
-1753974520
115019135
-1697368619
1766219949
1873786530
-680512353
-1831648241
772709663
1196530725
-1014332500
1295073231
434180191
387181150
1825351772
-1023554972
-863921297
-1668261783
-868903223
448499531
937748724
-1028807869
1493115768
-1489539098
-721305391
-2095742306
-1925334633
-604359060
1878094352
1163171572
-389107322
-399637471
-325945591
1086498015
-805893224
1085271750
-1569802307
1768075686
1894552345
1352237393
-824635774
181392666
-962613869
68490209
625734373
-1874537309
-407086515
1460350699
-498241845
-1827021931
-348314092
1600548281
-2101689895
854910152
-1605167299
76452885
-1834985707
-643913370
1108465129
1116916545
32043213
-650696442
-796945270
847657513
1283010231
463609594
882670758
1242655963
620417625
1052047588
871211995
1030635318
2012046763
-1355472241
643026210
-2144649503
-1379391495
1716435707
-1900643753
-1787905921
1498637582
-149354823
412094968
-1220484064
-1457677682
1295987577
166731052
149415162
1381175203
1614364897
794092039
-1311272872
1988412124
-924179809
1695407628
1080176593
-1755983279
-2026541119
-1393761037
1551282877
-1059798518
-613403837
-1088165973
-1500773659
263734433
968208873
109684641
346058873
-502437339
1952594255
1264572994
-500209338
-1050715839
75713598
140083391
1466887975
993982108
606978112
-1672972273
457802172
-627892605
1688182901
-1681554119
966815578
-1618979643
-1038292569
1368809939
2142093633
658575070
2127786908
-1496740667
-1172556012
255196247
1711512492
-591928494
-555809403
-2130185876
1987085458
-1483192743
1463438415
-1490331666
1609826182
-1068380201
-1073186967
-1817228693
423588490
603806895
1314389880
-717177461
160714756
659517101
138427780
569138108
-1680608372
-1070617912
-1803336210
-1699743983
1710225415
-262965337
578682529
-795429529
-1899930892
-721059738
-431561592
-500606263
-2049048315
1385963417
-1645267905
1622038037
174682097
-1447233904
1138846220
-1236569121
-1873358456
296498396
1653820688
718625684
1281332231
164254738
-831456839
1932999394
525548461
-850703410
-280387718
-1591786665
-1499842162
-882998790
1105061310
-465379768
1527700390
1538194256
-1883558887
-1772635404
-1376998864
-6844388
915282368
-1660085528
-557332936
1138698566
466235451
203620516
176364911
-242398833
-315927208
-1015864194
-78280898
1588029210
-1653503902
1402590150
710614813
-844375762
-1509542253
-299164118
1563521060
1554472506
759030470
1581446492
1525827041
-955351528
1826624624
-1308286223
1959409260
1884572822
1892336081
931936396
2091203001
-724807631
-786060955
-166404549
1094509101
-1560440541
1777159841
-1054530784
-1753675149
-1385622369
971279835
759542867
1187843215
1814448218
-1334379639
-153281017
373872178
2061247053
1678082733
572226283
-1950978480
-87689031
-1011222896
820458962
1385283567
-572565909
546671533
396476821
1865530946
1078087489
-600216592
363162423
1750545910
997726444
-1742218720
-1597265334
264691658
892595190
-1993369448
777884562
-19298203
-68390650
798656317
-1245294105
-1085906589
4734563
1892920491
1551485279
-803680336
1452681654
-1446502735
1023396011
-1274787047
-1613598189
-1115062785
-1086952255
1046356768
-2109340103
1223686429
1944361659
-1070711537
1994222361
493161119
-203443201
876945231
-1507260780
-2116065642
1637214367
1498865145
-1496264055
-1129591991
-50279423
-520110931
-1285440498
1243982117
-1004924990
-1550804574
1861956348
1329452529
-2027517737
-1613859330
1674030513
702332741
-1228283147
-2068730008
-476895984
269537340
-1273518542
2129051354
-159462196
13696616
-1493404948
-40136517
771853286
-1725517306
262445033
1732364844
-413599373
-569279118
171140799
681545633
814145954
-1716889635
-747574666
-603086668
-902588675
1613975356
-1354111893
1163582773
-678587409
-1155799677
693646199
-1514502267
-1480380282
-741241582
1919420751
732157988
-1690603400
2042034287
-1370451411
-2116110713
-1249956501
-1391185610
-1849888080
1482861358
-1273749136
1333570125
300728320
510287606
111121872
138920283
-549366219
-2005976149
1304345099
1418421114
1356837112
1004929505
-530651363
-1798321878
-1845187989
2127456259
-1824500989
1655602569
-1289501626
-810215764
-1343096708
-1392630592
-2017009854
619222581
-935479532
-581978688
1755808953
1687617934
1021833053
1687755566
1575003790
-1399614895
-1021960321
2050256795
1503787338
-991929836
-1763425293
119163128
-423867257
-1123435266
65601675
-894384312
-2114943600
791052700
1776604597
-705668457
660676681
-47674891
1423500799
-801475542
-115320244
-212366885
-662302754
-699558153
919825493
2123386499
1478320042
-1702528169
-1694140961
1534618456
-1208541716
625818105
256573198
-1501601781
-1464468004
-929779174
520172751
813927406
227553316
-1736859918
-1618853059
847413890
986734058
-915926927
1314550342
18978126
-96677875
1744649003
815786126
-531323150
2033403565
-466431089
-196527981
-1925801094
-735296271
1057515615
-2088952815
294124023
893441283
1665364059
345506214
1585288012
192546911
1446379327
-565555015
2094154309
-547243955
-1207478800
-268662888
-1549002515
-1698674005
720945649
-1579903008
-1609134304
-1511293200
299139099
1602888993
-656898466
818317165
-27552115
-470971967
797325026
148107988
-1402807840
450872864
-1524868622
-188864002
-2069982817
-88621571
796075384
683902440
236941302
-1896650729
-1699943214
-1027653122
377147560
-623258601
-1079149851
-1739010404
-1983679674
94186157
870611320
41371601
1142367389
-1462105096
-528057922
-1095822235
-1713829008
4452394
2096460340
-969150179
-520647578
-467374485
-1563245139
-361108420
404224325
-766669314
1463953322
-1259072179
2138144608
545097122
1166406127
222815519
-440137394
-1170961094
680705874
1569235473
-647034916
1491314095
-1128177707
-1229044593
1433884228
-228230379
363035127
-154165284
-745886306
-2061449972
-9409209
1340068625
-1979556970
1967507816
-1664792007
992167525
-1630654370
1099883796
1103885116
-961496915
155965414
2047229747
-2104837365
51847462
-56749494
114363015
-195095485
-758552206
-178618484
35846422
-2017778123
2130527200
-811863422
-1518156278
-127444227
-1146445328
-1192067311
699595224
1292253907
1932365589
-209078373
2015382693
-72734560
300184508
2020658614
1323911908
506581972
-1488911219
-847803875
61415491
1461285750
476209648
1120817131
-1888899897
465313404
-860673070
616996613
-1916843979
484562268
-747729496
-772486696
-1940727884
1596723426
2107344563
-1664429500
-2059069009
1002170947
591262342
-1529896489
-534754304
1133129843
-1737419323
-1777004227
2025558090
-1097138509
-669535442
1623356151
868594341
-256137107
705293533
1437635915
-1142737280
957550147
107574731
-1284542597
1789251011
-1514557339
1263064983
266137145
-866017740
1645220386
-111488888
1626837849
-280561381
48186049
-735375918
-619782968
-76715737
-1212637295
-1296972264
-971069764
-991479150
-1027136705
-1977092046
-1623065299
-524099196
-929704345
-820358609
-654503805
-1538137420
-445368980
2081752221
-857390704
-1587338667
1733992332
841156103
-1641449281
345554223
1321083694
-1845523778
99368077
585093131
-1612432514
897627356
461650745
580047187
1044140859
-206651258
-355517513
-634035974
-1118953265
929771632
219064809
339915417
-735498337
-859849051
-326880752
58062298
305343140
1277498760
58204032
931553561
200784954
562926869
1538945683
-1245265337
2104891192
-2030000020
525001183
-1246578158
848657728
-598249584
-320652629
1970406722
-685025705
-948715157
1323488414
670857318
-476926537
-162084331
-1882125127
-1676701265
-1971443741
923584853
-795346042
-2100247269
95077884
-1531464345
-923280751
755361493
-1565849005
-1386560001
-1111044841
-796960805
342315582
-1113248882
-1315438595
1927665889
2053732655
-15042877
-1902095101
500705141
1104615682
500921428
1667108153
274909539
241105813
-700808963
-638835023
-308368806
-1600941667
-1284335160
-616472203
99184590
-1401584969
277392527
254156731
-2114672864
-1819366723
-153948993
1319867735
-1961414148
1529813083
-887476130
-1935541648
1293849859
912449761
117807438
-2060274314
-2121003863
-581903014
817958610
1050587219
-448557985
1310696668
1389579089
141577440
-1257174029
-1484826591
-635403686
-411849574
-385169609
-1748233642
-1268587800
-490782828
309154785
1990595379
238189030
1279381167
1563996593
-149293493
692730100
887780617
2118367449
2000980900
2052072811
-992854861
766347928
486745482
-582814818
571888294
-110958553
385511327
152015459
411895286
-1503161383
-1152703689
301296337
1886324295
1341268093
-1427297054
1468553290
632395136
-345320698
1059002185
-1970561861
-999972673
-1505461651
249614141
-388934366
-1959070580
-1330617898
1515066637
-2046938544
-1954152368
-727924495
1109274391
-1614186000
1897520391
-1249947997
1473491361
-11693113
-2094036172
-1453073948
-796889111
930981692
-1783718891
-791606038
1437526650
-552006373
1186642456
-678183289
-2025599296
1790810517
-89340787
-1365019185
54483934
105251467
2010477212
-1923546115
-1905278785
1001514507
-422399624
-1202038634
1889716075
-1649855206
-484429356
1831662542
-2131336805
1418004147
1964955798
76716843
-791876978
-488368369
2052458186
-370527128
-2031930851
-898533593
-1788023592
-1794577765
-850156275
-1092079497
478764281
-727842407
-969726300
-1530470141
899993831
-1686766695
808021886
-825060450
-331376941
1092089111
-1204812384
1773688937
1172658588
-125674758
885006797
739336602
1651865661
-998613256
308876824
-1694128002
1834279046
-1439445447
-951187014
755326656
1691771150
2001546810
-73195995
2094116843
-1870551449
1769358324
1445941592
-1953392852
1689278355
315975996
911847797
-1187525284
-1115945545
1218597996
-1633831536
-615836866
-210836722
-139250109
-1012150327
1936874500
-1391168224
-1088204279
188255388
-46490600
1218885170
-368544778
1120785271
631521304
-874030592
815720916
-803791732
1264750625
-319018583
-710286877
-94720024
882344783
-1457476886
-1472179204
-312524348
-1971665020
477005454
-81995528
169771035
2097348969
-1138662875
856233042
-1499830916
1284802738
2043814131
2086900746
-1120639712
1042883749
-1385119701
-28751156
-901594049
1402506460
1552106077
1591347281
1435612318
-1377717687
-1297916372
564237317
1514341484
-1362029446
1486611523
-1113240086
-212306097
845195037
404885640
-969901637
-1016980296
-1024324666
-1590281582
376936532
1804285822
-1236524048
-956655271
785216336
-690648406
676413249
-1954148820
1353367284
-84140144
-873240046
1881418471
-9210293
645126430
1329635374
-925702300
1559451025
-1013880712
1555621848
165788209
71112404
960591555
649894162
-459470717
305026264
-348579776
1912689948
1999380843
-1567344581
1263656093
-1780452805
863451207
973820633
86380679
1027203003
-2075258246
293031281
-248052605
1959970357
-1503699873
-1768600696
657485054
-456693739
-551822982
1878403469
75050914
-702806442
-442506256
131856701
-1368182294
-1007628913
1416687417
-750231480
-1278149384
-577171661
-1383857645
-549470924
1065437861
-1139389676
1742560185
1881093761
1864224730
377212201
-1503086508
-601745394
-3418083
-305667184
1303177393
353706683
-1403877778
906752213
-655052491
1140634190
1595133780
-1332945292
1790059533
1180491162
802324530
2098836380
1853942441
102823133
151054302
-395422667
-1065405846
1829896810
-1745292173
1985260580
-1526976359
-509464185
-1070081434
-392770867
402026907
-1228062824
1757714647
-1543982375
-1126996126
304896892
-175509719
-359079367
1331489575
1952323382
-1176397868
-880617879
782804565
516509648
-417866631
-1037102855
-329738552
13381499
-158607562
-228564920
-1511841226
64400891
-192809669
-578391918
-175870739
2080518977
-737964387
-892737235
341960638
397295705
-1635801238
-765027825
579094841
-289127802
-1064423940
1144814995
-1294244327
-1211960150
1501055634
-1329032580
-1530749694
-1076628757
-1841458148
792908345
-390870679
36988051
-201900459
330221418
641855954
-1134305224
704091415
1753254051
-447470271
-1642402276
-753575702
1901075311
522992618
1480379606
343396573
-885947498
743206698
-619815887
-1338923623
2078802594
1309277370
875975251
-263857742
1066355616
1959414049
1051270945
-728534208
2092805923
-238340758
1810178530
-2066109778
-1781628019
70163479
-318106334
147829457
1932807569
1611409749
-1516186408
73952828
-2103022349
449577584
932635339
-1895062063
1777750418
-1254100856
1648577840
-418147173
-23823193
555221637
58776472
-2005476133
-460467633
-1481975224
-1807505912
729037408
2102263622
47782178
-1479640471
395740699
2147219188
-111763575
403616802
-1917001998
-284045906
-1927572472
1491823107
1782320084
-517901515
-1603639945
1103042148
1944808205
1103892865
-1292419988
906042765
-1757347110
-737537084
-2138009615
1452725848
-490371264
608049577
1416614262
-1835402987
-446535399
258824924
2069128201
1927059629
-862371218
563887822
-2114301245
626067977
-1579863028
1744186553
-1331594619
251551156
1878788177
-934029342
1047599844
1519407038
644755270
1596165149
63898209
287035875
1241638898
1928019606
1887488477
681546733
276245229
-506173747
1558238027
442117718
1420241459
1982718946
198705063
1753600817
-225740230
-1160744430
-1461170138
-1985762999
-412731323
-334072703
2040784558
-444648054
-48905734
-1243605191
1336875399
2142533279
-1791765966
254348658
-282882477
185177820
843650832
-1337626605
-1340764101
177690718
-799304364
506429560
-1336142485
1472831345
-1146131216
-609725578
936323007
-2131509455
-235482404
210348187
876061886
-2117440397
-525904858
1221030330
-697923386
-3179803
2146940492
-679227738
-1097254519
-2032547725
-294975283
1736474940
-558660681
-274334996
839039997
895819174
1278164988
-1174211611
461033753
-1979614498
-450047187
1878466269
1116764058
1999120241
-1693516355
1030356385
293907405
-1590368635
-859853195
-1968204046
252816035
-502302435
-1302147996
1040821092
1378045637
1488664474
-15258605
453825672
-418403605
2055749508
-1967840259
-1256852915
470709614
1896036746
-1065520067
1709083298
797120795
906820551
1604482441
1761935200
-812220599
-1236038586
-1430207650
2068299367
-1394940115
-839235640
-1023683204
1719717894
310730348
1003958468
-1647952747
-1671338080
-613568783
-108549458
-1062963647
801331851
482268672
-1845549700
-541815756
157327675
-1152427893
-1453949595
1102312113
1864320671
-1472591676
-2016734485
-1176479167
-819828278
1506087155
-79110373
1688692896
263665110
-131180664
-1496643565
-1696297736
1698624517
-1345220492
26393029
-1347722415
1034263592
1284345779
32261881
-1450157242
805734212
580104493
607573656
-649554436
-183031695
-534419010
526590246
-1080742064
1141501957
259085715
-664665456
1660773967
1981398258
1090672567
-1102846937
-165783318
454066284
1397268205
-1521073428
1754154730
690091982
1810736063
-123939315
1237094433
1151180990
-1457425449
-220718673
-703143454
1049185166
-1793007988
-886881810
1582254002
2120740837
303650495
-380642783
-1373236418
-1719228514
-242704920
1539675234
383111056
191099887
897813611
-1072624307
678343549
1701032141
623938352
1890879494
-2007873694
-1841014129
-847801742
846849664
953627151
166758865
884130262
1773494781
-903323390
1183959451
-1052252738
2027734992
2113011671
309865409
-121340449
-1244709270
1235350271
-1581498484
-2070210288
241555091
-1389835856
12013209
473569893
799370487
-1853662436
2076705793
-1356776580
-1049714717
1378124516
-208150086
-1642307562
51436881
-371609393
-445110212
-2044752152
133287201
507264950
2142442599
-1431755853
-1094018135
-814954557
-1072130141
1582075538
1443948655
334815194
366734920
1599681682
-46572236
92209750
-1320568768
1370899847
1088303413
-1847883528
-634095637
-1220175075
-1615586132
-272305125
-1150313662
-1028852435
-1948483428
-1622871764
-594578626
1854285649
-271857970
-172043174
1973861754
-1981019206
-605602282
-457475703
958440471
610488128
443414234
-337788789
-1738516513
2071685818
-1368103980
1764104337
-960649044
1702190479
1626522390
-501297441
1443381258
587398541
1617072974
-2081286977
-1640930789
-1878331400
208116043
1124462775
-1051305797
898277350
-2084226625
1942589181
-194777885
-1234123318
-1482085562
-517823190
1429049938
1004557389
-2141141849
-1331634898
2002332009
-1141580188
1159621464
1820883844
-1943372970
1713293982
2127095367
1596241061
-1673014155
-356587587
-1658414889
-857381439
1480810738
1309554312
-363664856
1121133740
323694514
702020831
-1567859557
136305430
891027315
-1420200433
1783503252
726229247
-479118799
-872696729
-1030752894
-1331246487
-2115058997
-1580103669
255078428
546331726
-2010679066
-1458798841
1717204204
1373461716
-902981871
1597592231
-1799102448
-2123222338
-951562454
-716876283
1944849215
-196311002
-1505998593
861125090
104294154
-568171415
-582293705
-763184711
2094490724
-1635487391
-404326797
707659281
-972475804
-1732059175
190294703
-1992490989
22811720
-1428709571
-663548178
1977653851
-151481412
1016061073
-1992078570
-1341263086
-1364061348
-447087452
1752654872
-1572865220
-2009037449
196904324
1538415187
-1982087346
-946320618
-1462916300
1405864506
-1573378813
-1288536260
2068476828
-1796771021
201536111
-159894930
-1670928960
1715718338
1137455699
-1935189387
862320692
352186854
-1894037069
-1599047070
1201025743
1074518723
2096386726
1761101521
-1307494497
-191677312
640421996
1926810226
1815291676
852410226
1356075205
896650949
-584576097
1663081337
-1720529280
1175489828
-87295980
319052458
-1039996591
-1770853370
-1475942930
-393764306
-888305945
-1364538239
2146016859
587998569
1675702590
-1918227440
1885211321
-1483528354
-47725007
2093555350
478300231
-1879757231
-1573696430
-1474108254
-587449569
1970195885
176341246
934781428
1996414051
1377151528
-1015204949
940865600
-661014602
1482103844
594723459
622594609
-1786885138
-1512827816
-2601930
-358241616
-1175567609
1174677167
179038987
-1119241115
1027650906
-1153179793
-1019376327
504759677
-912528371
-930036066
511196788
-2041775186
1180980941
-1384663648
1467872969
-1191228296
498641082
-2032114908
-1271856466
796861868
1314803875
1286293825
-1084008363
-408878543
838910067
-1950004773
1830121024
1874198277
1457076202
-928598709
-2118949095
275250306
-1157888369
-1922459841
886613699
-1738534942
702773476
-755143203
-2146491220
-2061235963
-241179429
1690087214
-1954476188
136319089
-812152439
1661649081
-1159162509
-224550503
-63425000
1525106030
-1787631770
-1481022111
-56103934
-540154426
285787947
1417523425
681635964
-251136473
767572126
1683991657
611909935
369598348
-1637865629
1069115076
1662689325
1287286373
-535292427
716921025
-994923742
188443579
1528506879
-1443619602
-1270631991
-2111101801
1089415658
1043685286
-1821130846
1886798756
20266935
-259437746
-1744794399
-1967546093
-1816423155
-396626725
1955678889
838659262
201596053
-969896810
-1369670022
-714385776
274603141
1685215011
2106302694
1665390883
-629846405
-630345025
-1632799862
78711466
1645389963
-1686262584
-618446276
-1865246704
-1711791205
-2109805694
75793281
-1690251679
729944813
-1117720553
515345473
1408554601
-1521622787
1706751199
-449492291
268863130
1959740812
64613346
1423523008
-564465870
1874479356
982606234
2080249108
-9632612
-373708578
-193902596
1236976695
369888279
-363957815
-543232583
572184655
-159273323
-1221664147
1185916352
-1956091814
-1001663003
-1907889177
-1039670521
-1219690839
-1565214701
-1461329067
740936843
217200270
1280685326
-591513427
1351257493
916586836
121105035
-522369334
406185534
-923679121
1494196778
823693511
1710997556
310563572
-1220674090
601292944
1297861565
1695927370
-216627600
956693173
2058491
-1974068702
-90406737
1059806081
1725063538
-1549960284
2059807809
1106358603
1280259527
1799306218
814895414
2106411019
-862190646
1659746737
337559454
-785524176
262228150
-1799080371
-1162566288
2040134319
-2129394762
111812573
749330093
-1454470049
-1266615125
694438592
944022468
-565323133
-16829652
1761332807
-440321480
1953441448
-739526194
-1972799317
-529560705
-826753103
-277773916
-571470271
1473824301
-933497296
-456926711
494847979
1480289617
-1081376266
1461364892
1712899282
-709985761
517614828
-672424564
1641374545
1998746574
-2040998108
2060183573
-388451020
-1870552637
-1450694614
-870699191
165839649
194952175
1134789024
591975187
839226198
1085521268
-1643116791
-1331906184
-1509939308
-685195890
-1777086748
414526496
2043274842
-1066077520
-1264152323
-1569355243
-344284330
-1486208019
913204734
-1506684471
1894824728
-664925031
403729484
193677149
-892013048
-1465387472
-1255774704
-1233470688
654648986
-669381515
-207117165
265958485
1464727231
-878481442
-1817914162
-1567095752
-1561356130
-142521809
555450689
-1596357309
-118468989
1601694052
1553947907
468978349
-1308951017
-423090989
887401498
-1551449038
-2118696239
-835489646
-1340580596
-1284990439
1147909036
1721975573
1302833077
-238467725
-2054008806
-1053904612
1893877083
1595222176
-1441642440
998466507
-1744857601
-1541428201
-1001286590
-798667494
1656768245
152052581
612634440
1363852911
1835749046
-53903755
-1950021343
1179698568
-1853992459
-1589294318
-1880915040
1864233886
1381418479
-2116105558
-1214738682
1879569095
-895851513
1695752277
1449294262
1832029595
-595934575
1342692116
1538705199
1738870042
1280911085
259612765
2112365109
2025656525
-1207114536
1942420183
893173329
1161053482
-1906319618
1827311969
1652874364
-1805607876
-1753613102
596003416
-1253546218
682421379
-1322407518
1578278681
-1684154083
767695384
-693849883
148612036
-668212070
-1648939500
-1290925097
-1390115005
-1661301666
1394671666
-1936313
1672777610
47162606
1883264691
39768239
964761119
-534908741
-837312383
774950277
-1235466019
-817017962
656387479
1715681232
-439831820
-980051614
719653279
2103241981
-712125901
151874570
5102812
-2145487886
1688878217
-383216459
2111993674
1444385635
-1409017400
401740856
2020665859
1500477797
2030106028
1460674252
-1962519837
1764706368
-1120260580
-1051187456
499039855
-1964499832
2115207599
-341564432
-845757454
-1704271762
2001568369
1962510007
-1401405464
-1965457325
352710886
707105569
-1066544992
-255961954
-1338752178
1392119717
964622620
-1706044210
-1529815766
43024530
-1317990853
-556537902
1052359422
-1213635961
2110214681
-1720228457
-229665191
1369446439
1562304950
-601645597
2079507986
1623424781
732518613
-987432863
1983340243
1634623486
-1991028698
1410531836
-1642309669
792342109
-1789781594
10189679
1057601535
1415170787
-660185274
1708604701
1242959601
533806478
-774404150
-672594915
492027588
790272730
436602356
-854360935
1827330479
1410828334
-55511583
-663413416
-1865639920
707924889
1785572530
-1871861608
1796844212
-326708547
563486317
916088352
1831136597
236813579
-1730331099
-1064080746
-141542045
64255280
-452543399
-127565811
1972992263
-1594427954
1592903578
-1486257182
1888086628
1388107119
-216209
114511304
1050321695
-1754393162
717334908
1147106336
1959037985
-489442857
864733408
-1742175859
2098933147
239231048
1759401951
-668897337
2143122250
-1104987208
1869212609
1597799344
-1957170949
1286178624
2006821625
-1893554524
-1075287215
-1197211177
-2068378232
-858687212
1395304646
1934327051
-1358119005
263838293
101895919
1205316334
-463238509
2035552693
-29765629
-960604339
858679260
-842382129
-1587237731
-602898392
-1759894879
2124154656
-996700736
2007761245
-1738069178
-1959604519
934411036
1445971877
-761626282
579363574
-224284273
638303940
-1137125465
1501402767
772660717
65335036
1322079932
-1265572499
-952844284
-535200318
-1766874774
-964049441
30538202
62358964
-1022165059
-374946866
461639480
150272457
857920539
-1691764465
109828459
291899337
-1030832470
1392424696
-567741623
1712500224
1898648303
-1209043659
1501716850
-2107410386
-2073001033
-979478052
1262156503
-1914136639
-1460655814
698445501
2143638912
-1451373755
58672508
-1446586369
1937980297
360761627
-802133258
-2079219736
267971693
-269016728
1181084022
848751611
354201222
635161424
1201907010
-279908537
-45124396
-1315188380
-1870349181
1870540285
1285373
-1790127784
177970913
410576452
-1788671596
1352614649
-1320584342
39563849
1104551069
1010416221
-1794889545
1686484889
115430992
88709467
-1504711855
107083698
445094941
-1514435
1982119504
1492817366
1396403184
-1530909260
1254949445
1561994786
1334411190
-112800244
818263641
726292959
-506747618
-109913696
-586768458
673226008
-959787613
818776719
-1147469019
-851543700
-2027709750
1324880303
-1193683721
-1351298523
1991305896
-1544027455
-1357479127
-1714008696
-1217124185
-2107519002
-997081662
1433829230
-1632934264
-1410660271
-268181120
-78075629
-952008277
1062555198
-1282348877
-2098585043
-322643826
1748908067
1888487015
9551680
-1848290157
292524324
1888440264
-1499543248
-1396519931
-2079413045
1939740610
-596157929
-1725890468
-1732197897
-1217470233
2106536792
1571208384
-2033876715
-1735652970
-1196597004
-1224615733
2137545102
619222616
-644334052
312615827
-449043840
-674709875
413445894
-1004963097
-979625297
-929816761
102671364
-724593961
858289085
-2099398539
1213086161
749482361
-1734091623
-1811146685
-1153561810
-750591254
670744373
1288591553
-157513811
1211591059
815015291
-667888702
1230726091
-1891471699
-1516799615
1508815110
692942404
1823618822
533828858
1607185051
1211405987
1522229252
-1835609105
1486087039
750145816
581560554
380051119
-1659564918
-1647869043
1866665050
619978500
-1371532406
-7587846
-1817399782
1551439015
-841045841
581586936
-1674092262
760675573
-684988887
-1911404
1219774901
660537825
-261831153
-2102459034
181428279
241198124
810521218
1272669665
-1836918881
-1976675116
-519588846
971800555
-550196059
1319465417
-2041740704
1572736175
-2111594243
-398468634
-9438461
-1215910734
-1914493219
524422174
-304053585
-394822620
738328765
-1116076554
1205802132
-1060104072
-1794926243
-1003662030
-1666219005
-558568650
206067724
275386579
-475089833
681496079
-378505946
-2034635456
-1280775406
-602383311
-948366627
326492098
-767516603
-806452003
-812933572
-1108605643
776433973
-583060682
779336809
1366343676
1910577467
-1372971174
137381930
-2087763659
1952617708
1351949494
1633166250
1092415789
1583207288
1354135957
844358267
-533304554
1584175703
254624762
687443934
1113849847
1364426529
-627538000
36181314
-1819347741
-700441667
-1172579937
584320266
-682626963
1853087934
240174176
1993330067
565332826
-1595987447
1309272594
666212469
1645164696
-1404667462
1430646638
-2013701625
2036267119
1204157768
2080211992
1770902824
-796030219
-668614426
156834872
-588277956
1514378695
-1967966932
2073046857
555036789
1701540085
175827702
2122125360
-17552301
-1647997122
1023912332
-1743932784
1212059245
1029617020
1048199938
1802170716
552916849
-1477593759
-199243038
-1355470163
-895166872
1195745123
652350215
1506690261
116247102
-1855676427
1984467659
899051699
-916023423
611777527
1199447140
-1216201400
-812968343
245948526
1815217291
432394378
203537688
-837224073
-781082530
-71673480
1658530337
-1276574600
1895906694
216010606
2097238862
-343354983
-1098254180
338711225
287595677
-131372942
1063523784
1276691054
-1710269556
2099069957
773570475
-139371657
2100267670
1169021422
1682460798
72152302
440185084
-573710119
338463099
-861622867
1167704776
2024213043
-1843897221
-841736411
-1596916466
629744419
-504681504
-1956288145
16712309
1758711995
1772070068
-1945539424
1043643381
-1522312342
-323447022
1703527264
152044001
2105163189
1341681860
826757821
-1454943960
-1928828378
-12370387
-2072935620
1088753879
-691241852
-1289398935
-2058389711
-1867306015
-879080893
-1367928910
-491400624
2065695522
1255507518
-247974651
291038851
535952289
-563713117
-1035731452
492067325
1689201941
1331274797
-265760739
-1036084594
-671943510
-1747198567
1081939948
447722040
-515674108
-313212334
1455220190
-1501015805
664085635
-647214738
1850880278
1321148429
-1765058871
100700637
1092871315
1799860708
-999827848
-574505761
1797659282
889693208
-41598400
-2071168074
1042819632
-536623606
-1604122600
-151829347
-574395565
1379424522
-1434802742
-1829674248
1545065675
-684933727
2106191285
-1815980340
-1959667533
-1333517782
-1300868146
-1953810576
247931677
768738983
-1935046937
-164950652
-1800528147
1393732049
-205006284
744642594
-1035049723
-1567313040
950354698
1154560339
-2004452958
-1910329363
-848957720
-2075212348
6650885
1762668837
1006876091
-2011950151
1742580821
-1967675265
1245834333
761210178
679406531
338906688
1655528286
-1294779989
1100389103
2112662045
266231303
-1423076808
-586909047
-2025615087
-435196517
237884945
149582395
1162259568
1870306528
789332347
1918329286
444915260
638896093
1053234249
-596942741
715134647
-781878300
-1758202991
-562688373
96431929
-1650009134
-1587989855
141942161
-1954046397
1380517013
962475827
-496406001
1881020627
1437119982
-341742368
-1370323929
19690745
-763280521
-327844910
1759240748
975102378
-979496473
-705775938
529168776
1865533395
-405789547
-800787440
1601931743
-1282414415
91258682
282936935
-1422891404
285445471
436232186
-2058205117
-1559598645
-187524176
1879348645
-234295556
-786432112
914793534
-1823902151
-498394891
-264378185
2145336771
1519466923
297814801
-1921638940
-499236442
-175719194
-1213181594
768603148
583187929
1357574419
-1962756304
-1262262437
-465522719
1435728667
-576108024
-832327592
-762258123
1530218345
-1370284971
666601286
1586846924
1985877492
-1691829502
2065676749
1527031281
766263932
-1087796623
-77400359
-657049511
1032080659
1892515503
-1306528574
1279865206
-948443426
-1022516504
-1862445651
707683085
59410204
1965630492
-2044662223
-2052800762
-239350680
-2136747246
-12692931
-1978651518
-771740102
-1151970931
923192376
419437107
1146405555
-1942528323
478093929
154952167
-635233127
-1341589768
-316551528
142889316
-772373089
-1500824919
-268792843
-1913328517
1859393770
-192786296
2068995897
-1933001641
1637581264
-1040468213
1313963275
796180501
-1796316446
34781467
-1368477020
659247769
662219052
-1187317237
-338021195
1980176799
-850112582
-871150395
1519122567
-1037217264
1139234654
573721158
1031535460
-1772614250
339932848
-1451140277
151854133
-2089929358
-352893354
-1361958580
387541868
936928908
834596229
178629289
-459729629
-954271029
-73755961
1021001251
348866949
-1219570777
1596724478
-495875699
1113245548
-381175301
-107097944
216666050
-2106725044
535848735
-161319580
914076121
-231967666
628722486
-773967948
-1739616361
-1555875393
1184523459
1456614147
-70845660
1368439467
-683229822
-1938837526
612398082
-240441915
-1945673611
1837654702
1102896442
-140826743
-736404164
346383885
-2111479081
758437028
-870732631
1428645433
-1341799784
-1305848173
1815087763
-1959931868
1561717728
-745914743
-376104726
1394850046
-2027345167
1997906581
-577691636
716519931
566776665
-285710076
920780886
265831513
-1491100245
-567253501
-1452005124
-1547685471
-1006621582
-74043511
-1246517219
1195611180
-1707053981
-1287337101
1230350353
-122680344
-1580874799
38509551
-928256507
1484792668
1177896293
828911134
916008394
1327724777
1425037837
-281293067
2069251817
172603474
-1344432588
-2092234141
346406650
-534435715
-2066928076
-1756137288
-166458059
-1826500230
843824648
912686661
314084169
752516804
-1330816954
-688004801
215228268
1944396231
-1538912181
1764317672
1206383539
-509323102
2070180791
-1304264464
414174883
-68936403
720742171
-1635336169
-518987513
1575215165
922884593
1691166999
1975983363
1573950758
-475200052
1267226305
1973971561
-1428852351
1330654416
-559760282
267799626
353527086
569412451
1707476856
-1112814640
-936145252
-1193283292
1082423151
1648278603
-78303417
-1171606245
1944408049
807971976
-1718360958
-1179649742
-1992046292
771561833
-698275722
-1263128348
-478010746
-954747470
1806720874
934600499
-880231560
-129574112
1452340548
-802701345
-1306306889
1115912383
-49393842
953077716
-238228588
218698365
1987483197
1828841699
-920868444
-902453767
833985647
1727390901
1284313763
1623361696
-327064460
-667124996
-964669803
-1167813893
501877712
984043242
-453829075
720579905
-407429634
1833557990
1333923699
-1122299597
-535260234
-455257731
-730146656
2090521897
-1596849550
-1283178858
1928199500
257201255
-697647058
823921641
-1336729142
1734428852
1633025904
1848405426
345288914
-167270099
414328711
1599935649
1836955489
-2092850602
-2106659562
-1855670764
-724624676
-191317135
-1013059884
1692656519
15699323
-1043137262
-1918248308
835806538
1769727204
1265577203
-1905500565
440732789
1697888022
-2021100796
433810042
-808898535
-401055352
-1566131258
1485473384
-1674950216
-1655513455
-192779303
918896525
-767597322
316083466
-1978189613
-657198293
-1952622961
-1023324623
533412690
978090230
-1596854645
1423285712
-1523806636
1550086613
-370959952
743803038
-921104443
-1974255894
-1885002184
-1143692060
-297200039
-1892817712
53780420
998863203
-1368444772
-1903730909
-1158187376
-401424780
2058109254
-1664866236
987063783
2038957425
1144556755
1303902557
60214744
-1657974189
-1927836589
-1810823518
-1839041495
843686812
129341822
1518615514
-1734221685
1495852151
-1834235893
-589152995
1968359439
-398400228
81231937
-1686818849
-566281256
419624313
-625430835
-1165782996
-1459777774
-1705376242
1910676950
718575157
204744738
1013936920
2004405070
1255600138
1085059358
105831921
1953648779
47371176
-1836754049
1285798070
-1158435051
765242678
478554901
-950966230
1018697409
1791880587
764116026
1146167257
813725950
64863476
-917096118
1867439232
-1525678738
583767603
-1775930542
-651091797
-928863304
1135218121
-1903930873
2135775136
1833197212
444090743
-437088520
834994811
708531271
1889332226
381480967
1906709402
-98897944
423459127
448689429
1680546874
-1052213118
-1512475090
1729768700
-551669662
990191875
490785234
-1618418238
355181823
816645526
-2106515040
-942330870
639634512
-116536779
1600020142
1691569613
-1864428412
1102747265
-177844498
-657828790
-510186336
1532898005
-630180173
-585225925
-1064299610
1232611992
448589428
1264212808
-349129229
-554420270
-327903024
633353664
1941634280
1088336897
1464546514
-1569579130
-1694337844
1482963501
677744757
-1082034871
-1941115663
2055611962
624713578
-389852425
1960474132
-675299972
-1210877416
2107900018
-1065065719
-176370544
-1887991581
-2072513148
2042179479
1878773353
-1147887696
-1119573744
-820678240
-901582679
777817513
787128203
-499631995
-193951439
-216275651
-1975685975
879984328
337957115
-1802960790
-1641178022
484413938
-1202980826
-1840741058
301184759
-1436379978
107800402
2123837082
-1653943112
-1985249450
1024606766
-1782522567
-1480821654
-47037883
-1842839730
-989252368
677808477
-1840976115
-2038093503
371870263
-1447037790
205785970
511220962
64103399
-1649484426
1823371991
2072828142
315626820
-930636552
499083745
1521038039
657404990
1111634210
208128090
1425802455
-326406157
-1902155018
127229271
512272711
-1849488520
548817911
-2075528805
-1672915152
1375633625
-1997191462
305499197
-1564888030
1545932893
-987080835
1637735817
-1516753084
-1368096754
467674648
-476646364
402225580
1112985463
1988995505
1462739058
-1045778448
1157161903
-470221355
863382075
-913045251
802254742
1426415492
-446677876
-1651040730
24616030
2100266348
-2081739813
-2071912321
-14862771
880461658
-1971848594
1733988204
-1309122112
-1379612435
-1682391300
-236764044
-299557774
563911564
1824215444
1470294106
-901312770
1041599385
167207613
-253549202
2092462754
1054674150
1577345246
845818656
211488581
962493032
-1929523232
-1054779691
-420702790
238460201
-1897728239
691869181
1913641542
-287035773
-794228405
-63416987
827372383
1270991242
1166355284
1262948809
1979744438
-836173878
-1704592248
-234299987
-920281481
879068465
1927972277
1484615788
2006468815
605726542
597602885
-120941936
252425134
1932297148
253999010
1585707876
1026185934
-765349416
359468757
-1491405880
-1093087757
-150383687
-1147083664
-14364092
-987595405
1430045281
1387602606
-1148935074
193481464
-1575794385
1221622232
-1586128593
2023809668
-812538728
-2146891031
-1439104717
1920409525
445003798
1653643381
402913121
-2079128759
1612590943
49832390
1727399803
-1117913883
84868826
-717943737
2007197094
-1839493871
-1242368178
78462757
106072893
1723564935
-1758535460
-1826368206
-206156575
1734041005
-1247686353
-570898163
1055571412
-1734309538
-1077956367
-515227776
-1777568633
-554856464
63579264
892425256
-1473837967
1242590578
451070945
-689140645
-1850687199
-1515677643
1961692660
8655941
-778625386
-1821934451
-2048597271
-1416484268
-1052753202
-1728679720
-1246539278
-1852023594
-216294244
779707839
1860212282
605060575
-1700490306
475387579
-99672300
-910003857
56075822
995737307
-349577353
-839501356
-2092202312
-640248381
618897578
-1747720627
1998917836
-822044425
919358523
-1629927440
-113891947
1411573081
-1524866763
-340291379
-905656759
-2059590416
2124810385
-79085230
1987641282
1755829482
945716460
1563363312
885357390
1269327844
-1108756102
526939902
1309132994
1622067303
-557996998
-567823138
-1529170475
-544604234
118564715
1634568797
31868586
2021262534
-1910575554
-219319457
471737262
81852301
-947210036
-863005253
-1139240796
-743027585
-1624016055
350274147
502612221
1359129685
1957411962
555672776
-1527997076
-1361867761
-2127239324
378700924
-1273672006
2139210044
-1749973947
1556888856
-898162218
1024890489
-53637945
-1704505249
-497051345
-1404099530
1574653811
-1939818845
777895750
192278975
836146787
-282832537
378539646
2051482234
-1461254853
-832035771
1481146934
-258755731
-2032803239
-267929582
1035478297
563907843
461029195
479202367
2090119348
-1972998897
-194661247
-665929086
-1363144120
-1647055599
-1002101693
-1480773452
-534583071
174270647
1911568612
1414210812
107499687
-1220491099
-639725000
1360635949
-1554346125
-1724222088
-865544638
2087352940
1720022692
1882650376
1890916658
278758934
-2017685965
-344292371
-621981555
-791632672
1198546181
1919026500
864896429
-405531842
-1801493888
-1196928333
-663176340
-1100466679
803509600
1962191529
-295584996
1440716379
-1192330293
-1499338006
-1525531463
-1333119043
885469346
950160714
715890273
536718468
-1459164647
-480531272
-735994108
882871415
395302281
-1567320450
861786199
-1475464779
1091263620
390769606
-1194085363
1063116757
927868714
-1278273697
-1776486327
-119621297
-1521913926
-1827791935
347637581
897722137
1300593515
-1766654642
-1635885449
641504917
864701564
-1691759398
-1476042642
-198528599
492364170
-1063987603
1465357976
-1659931345
426284577
2095298631
-1507551793
-1221408368
-792627052
831940131
1432943187
-2046918229
218474768
-1483301696
-58904831
1714545658
-1127672337
825657756
-303238203
1801593335
918038857
1577822978
1822185292
-2097126980
-1425851439
-2109133753
-2099898370
-377209367
-745676579
-1280490929
-1238720469
-1360797751
-1816240186
-313963434
1036390787
1316034487
2042293873
1906621676
1884754891
2110068670
-374898386
741805889
-368616754
-1260735361
827343808
808799394
-1113450607
420565079
886706108
-1217141181
-1659647799
1406194880
-992775146
1759897406
-1204674927
103374327
-1063902728
-1353792805
-2072910505
1934589151
-963521835
-2041822446
1344023575
1048589093
-1944650818
573725517
2129861068
-1276768860
-926359052
-24452239
1481254434
-1446313719
-2075925315
1000832799
513583471
502852794
805179515
1439970614
-1444349980
-186325005
1228230393
2090695580
1338342399
-1151353550
-669005560
2122627902
-1719106493
-1303889963
1741180234
-106262444
691189803
1415718912
2118766669
1822837481
1951885403
-1421918012
-54896165
-1070173286
1480404505
1196766333
-2109279345
-621913955
1596231162
1261351803
738684075
-272570619
860459488
1482371299
472516393
797529155
-1139765725
412848599
-1266392561
-927573009
-1138915827
-989320492
-1818741497
658838984
790160268
1104064348
753905966
-293296135
-1025804766
-571672620
1604229932
1844205982
1961291039
1563935150
619868804
1591855493
-374390510
-431305270
1462581804
-1830466248
-2104704899
-1611529959
2043393631
745978939
-2139769913
7433091
1133589426
-647681135
-803615626
-150185718
-1415566491
-547332731
250139549
2072629551
931682555
1003153830
1127304082
-1569249132
-441969395
2050515218
-350553884
-305166110
113772890
-1712131337
-368277877
716804844
-1196060127
-2036837033
1766504801
612007700
454123698
1922430474
-1701648687
-858759187
1020080962
944289801
156869325
417032994
-1389578753
-1207648024
-1804478203
-1042781035
1808458084
-1433527644
-2056272555
-932395061
426142157
1221799326
2019458942
442936198
206378061
2001098471
-862581224
64641971
-1603861313
1430527678
1105933511
1068479878
1902139675
1808257878
-1018072660
121721315
1719707146
-2104980517
1956306463
-1897862657
-1465571141
-340469833
461956762
-198516153
-322190857
-316432880
1478233591
-313712768
1844055666
-1506479723
-1270861858
335776303
-1867698076
1141234810
-220858760
-1504779206
1618222680
-1639552832
-1192134808
537973966
-677409980
372336825
1831939066
1577209475
-2089829416
723108811
663730333
-1440238658
1851383066
351882100
-1421461618
1714969943
138653746
-2119607155
2071722710
665151355
-877813886
2100154578
903608694
1296427218
-1094676231
-1929444191
-84452385
242022371
1488325033
298317057
-18883673
277881527
1281783446
1457109478
-1948521862
-370459460
-650989872
317055154
683791438
-151476500
2033910467
111504127
61231322
1281586734
-1876464436
1680504219
-1151453112
-1182065668
1978251024
-1997091885
-1642442968
117863749
1176218249
-1512969484
476011944
1259234195
-64447647
1174223374
-1525938686
563500144
-409803134
1544387067
876678709
1096506118
-1885653907
-375606881
1528303863
-1600602107
-342321845
1618483824
1683999209
-1650775095
-223491519
606196024
-363564788
1197067963
326717448
-1045016807
-708978317
1926179830
404946620
1992421073
1866745658
692152878
1577276147
-443350465
862466230
-1270591795
2001581073
-1822868442
932732653
205342558
971525081
975925807
-1767562936
1205085486
-1372503225
-1827079372
-209287034
1413574448
471496862
50081211
1180097780
1377136161
-905837892
1276625600
-406731814
1847678699
-1606478412
-689889097
-298072008
-1797376178
1673534622
1509282512
626866866
1984137405
1116740776
878358652
502701256
-1564897915
-68766351
34044207
1814301513
636607540
-1815653738
699000935
856185865
-1674396360
-1519820148
-138967571
-1557142831
-397918522
-2131974481
1855305307
1277563286
639116028
494530715
705941469
-1027053586
1443105865
-366878534
1978349371
-2020317761
1243057164
-489653730
800442646
-1579846343
1035335547
1288019857
-318041231
-1720516603
-44685626
-1133523479
-1703337101
1483613118
-870808965
-1232623713
-669652118
-1172194912
451281707
1696605602
2024965395
-800152194
1586300750
-1874296471
-108407784
136945657
-1170529437
-1105580985
-1915204391
-1421938706
134303835
283011074
2086855535
-1135360208
-335406025
10245285
1489987309
-558614922
-692076305
1360627605
-401552152
-103289705
301614486
-479952927
-766627527
1127691508
2011958714
195136478
1037274624
-1748178636
951417616
-1907887117
-368611348
-581350858
-340884144
210140849
-1085199686
-62589885
341797982
-2090622426
764367355
-717069693
-1689261910
899610226
1182169625
79672754
-2081522216
1520352666
-1339259493
-383667693
1221055394
-972188516
1190462119
47982756
-933218051
1232708034
1057447112
-1509212270
-41962118
1149752379
-1980766479
125062639
-270316305
-161281817
694747586
-636731743
1414289750
87566449
1957290505
294432413
1326522100
67998370
1761393547
-2122302891
954203837
-984257804
860247043
968994415
1150872310
377461350
-1035648406
-386854986
2100757020
1070176910
1894735480
-1642287531
-302091260
-791192076
-1984420758
-603211710
1942033731
-276698724
1592987910
-1518665993
-431078193
1878881252
372324827
-2123111321
323553254
1833049232
-1398168115
753967919
-1578532818
868192803
-1917834800
-226466292
131932189
-132827024
-1170813453
1422975629
2093695386
-1123179409
-1517158752
-1255511287
2050622180
-1061846700
-1065873886
-297358382
451513778
-447532323
599312998
-38172758
1165634716
-2121938709
-525194491
-39401611
1284756153
1478957140
1783847809
83267888
-921962104
-973730569
248489422
1625676321
1123088659
1707837712
473366804
-823179184
-2093990319
91055564
-1857926989
1826371381
-2097216564
439904543
-201498745
1972687794
646148227
1595098325
1641661292
1061258050
-1347010287
-1582697753
1012421892
1774127731
-346857715
1427243791
320952247
-1769331055
-164492620
1760406942
-196219397
610176675
1942190789
1596768141
-32074283
1007718299
-1593764180
887600081
-1907463778
1894234056
-1207849246
-1916629518
1682647306
1882473871
436164499
-1576384034
1700154982
-784315047
370002304
-1080494854
-490490848
1398328015
1817931046
431604857
2005831308
2059014468
-824871904
503823601
170245605
-101822605
715760841
1356250923
-1306739567
316938857
-257508315
-1402991046
822521256
-1259457596
1999014400
-806837554
504713142
-1573060835
-314889385
-1196892215
-1653745728
460675778
-829749513
-626885614
-1966999419
705679272
-539135900
-452282967
-220489211
-1922675553
538187003
1237066236
-441580218
-368713529
-697591974
1384427384
1785170005
977086786
-1348469505
-1889948574
1294653066
-1455987158
1178063407
784656102
-1161320176
847211205
956508184
729496176
238969765
1170529527
873058617
-2009194950
-1101872739
-1385072648
-839483391
1261373733
724422443
1698907718
2093132726
-724255027
-716197149
2013005531
-230596712
713021911
-1139405958
1602564514
442849350
146614156
-1155275312
1961578279
-1946086561
374974635
2000981808
1686804366
931509611
1952795514
87214038
837946566
1479535100
-1730235618
-213771855
1839301630
1633690128
-511467476
-897558679
-669363625
-1244801863
1877397119
-1061058654
-1056861990
790341119
-1868211125
57196674
697183147
-1001613307
1789070962
1323612017
-1368641409
1123592809
-908720618
150931743
-773713845
69307377
815774574
-1467384374
-1298413507
-1603386781
-1405464099
1004850624
155919855
-492901197
1100912960
2106632739
1586207450
-260570269
-910667641
1118637548
1852527368
-596198618
855866758
-1756292303
920814349
1939238343
-452530675
-2145646422
94183735
747187529
1288517173
-878124175
1057652228
256107854
-641810436
1507207433
2146004948
1323347644
760528916
-1101103712
180291039
450902429
1329996791
-1471151464
1192293992
-100830906
139251006
1153700163
1850418
1314176699
1488105011
823221742
1330878259
-1831695023
1790679972
198100768
-344398713
2062742933
-1929779206
1553814819
1524597159
-1978224020
719920009
890514883
630533850
-2058369925
1946902056
1905360981
772941034
-2083887160
1350264324
-77615621
1407734299
1830633377
1588461489
2127442469
787804760
-1542071108
1312523137
332533594
974583471
239403423
-533017575
-960904137
228585471
-555726526
-600014272
1824328888
719089904
-1396370446
714002938
-302976074
1584143138
-1312629129
509533397
531429552
1710279592
1259431800
2110684546
1744195021
-2111857993
1111050014
-2006306650
-397250015
397779610
1090247928
-1227606286
-1666012113
-746733079
1949415454
506938481
910043310
-1095512839
-2023432808
-932949728
165200271
-723197290
794726656
1134845635
-73354945
1916000239
-1288273051
-1803532298
863876649
65269713
-1276408718
1296952449
-1350538626
-461680360
-1469296177
745754353
-1887906760
200405089
-1854373690
1749383011
-1776848549
41476356
-1540784599
-143511646
-1218689923
1286684993
-1921273741
1010887796
1179362697
-1041680968
1528809517
-1595377616
353950399
191408158
-2006078829
-520342892
-1888305666
104774957
-1882660233
-120784427
-291573179
849098204
996195172
1556549878
1456762231
-2083115056
-1305187579
563582813
755915358
904919313
2045111495
-411474526
-1063479567
809626369
-781421635
-2135792726
2085049049
-1950449527
2120324804
-1706578956
-63991247
498473876
1689426663
-411037646
1743689869
822947264
-1456373756
171037467
1477607485
-1763723181
957854639
1414638463
-348749357
-674736277
88510038
-2012846949
-707153951
-273658759
506461860
2078650286
-2130760954
-1301201937
-686553302
1714682571
1389302316
-957836744
-1025117636
88760561
572502794
1269285864
1962303513
-1310521512
2118303472
1668013364
-1850895538
54361101
-940931133
2067403940
-1435263141
1108470209
1119324485
1873171718
1100635542
-1084017444
-113327463
1436807846
-235451313
-592620072
-77749242
-1802502213
1075428404
1559135437
-1598515974
-433589213
-487854089
1994328647
-879929774
1561762899
223613485
831834463
-355285800
-1628667000
1280583033
1124914953
-1305231348
1509444930
594957033
-186207575
856373543
-1379487246
-1773847905
1413608428
2137239132
-1252453647
124136115
258507221
391943776
-811804236
786784344
469542678
-1501790163
1151145534
-1348290755
1677957025
-1583420671
-812969771
-103847115
-325436547
60365484
-1370373384
-2074882023
-408202531
379677707
-1707906161
-218225684
-136624275
255389135
1764733540
-641081536
1011826415
1661944195
-1327231279
2023827417
-163953914
-1487599412
813655483
-319796849
1299485266
1316053745
-746777922
-109225608
-1056018756
-1991033187
157995177
393504582
-1643053806
-1797291036
-348113620
398123244
-1363867179
-729195901
470135760
664996999
-1870608559
-936243093
-1678484442
-1438466948
1832573166
1900176512
1914095427
-2042715683
1924284358
1640446365
1678174315
1762517264
1832909943
74970587
619427083
449825970
-2115995079
-1104342509
-543893524
2064116408
-1408231630
749837728
-1564351578
-1389189161
1786207752
-733824407
-1786398638
-1905828571
-785857352
549213470
2072907906
-647853056
33227942
1503829440
-1323144843
-1633848274
547905524
1831601255
-1809007993
-2000263099
437020694
-1368932801
768716774
222266445
-1184949850
2044270291
-1236968310
1249880739
1424318836
1520439693
1172608870
1032579872
-226730271
-1261691011
845838299
-763512711
-723126420
536735065
1755096429
1953271784
1913819021
-1136030268
-1321177416
1566045964
2047671489
-1566932013
-1764369500
1494807565
-1024785178
-1511034420
1605709527
-1255119869
561381064
1943760944
-922842517
347722648
-983275525
-1927851781
1502784480
438353387
70681578
-624078039
-330894508
-1179626057
1414879280
-420607364
-1795806735
1593064628
-466314714
226852732
405978022
1298320700
-601005636
-1225536577
-1737074664
556784178
785429900
-1352878486
-654954789
-1984886497
1875788844
-1563028233
-184403236
564865693
-1635983677
1343550520
-834055902
762459384
467110110
282447258
-742201675
1765524753
765145476
1480346798
1771749853
2107525509
-698455673
-265590555
-410383729
322255887
1581099804
1197397915
1238134308
1795493162
1850476206
-2028266922
-1198044596
1304405498
-207533842
