745309654
-747493801
-1939871362
503141803
1980420287
1302786566
173488752
-1112145255
-1313291704
-1382001263
-1687904438
-334844921
562373255
-236053626
1920499218
511206745
241276179
-1986747399
-1550167723
1480386901
-188987434
1744751819
256222483
-1256094200
453327655
-1527801298
1801809658
1974362858
-1246267625
466051943
1991259607
-1614183104
-315637238
2020116438
1213905993
-384354623
471837833
-364646349
-348249417
-307776900
990185047
2144722970
334083203
-136823816
-1023733567
-362816568
1139266687
-2079587172
297534010
322217510
1157676191
-2042395823
117354278
-1112040697
-1128463120
2128552549
-909808650
729868718
102049225
-112957518
1341160564
-550734958
1415211327
-521471233
-457726881
-1234087068
-499580963
-1849086299
-657216198
1903972432
293219476
-294785419
710538592
-1402486397
-1893155856
-2104477479
131685468
1682941421
-349619571
-1699051976
-345431945
1948841031
1836752584
-1287994721
-867204719
1651468119
359356856
132496797
-907068108
1076710002
-1822817441
-574147475
1174943718
-535492030
592975388
902158938
-934746178
-107180599
-1720160924
1976894303
787698745
-863593563
-956662863
-1547447027
-1456357555
-45690987
-316773447
-1823202895
484723646
-563026885
-159538973
-683585099
-596495183
1730958627
495340278
-327024826
-1229034882
783392004
-445644525
1855268919
1292413130
-379153340
1978308581
-984212956
1702975955
-645680191
-1876449514
-1495237414
1726470925
864305102
955412996
-1665130762
-554699026
-1438670981
-1903089740
20867275
-1817925626
-1079352295
-43667962
1247385992
617314641
1780598012
-2097976278
34615962
1051531216
1930204034
-11351982
829240655
954001749
1187572564
-1066251095
-613935429
719502495
-544333077
-1273976958
678792671
-750328154
-379666346
-1269171500
836018182
-2068684490
480147001
-1832505626
-1233809550
-572932414
1134325016
880622662
286167096
-1526528143
497179861
-832462593
1372350312
1415828349
-870499721
338720010
-1807001488
-359254339
612138540
-1322659324
1583809729
1865961855
-542030448
1219199521
-1137303118
1756600987
1862719023
1699949152
-1015994203
-1436141884
1101153352
1960600576
1792107880
1798959393
-2037431852
960657713
317195996
1364830491
1092377030
-336283377
-2084366885
-110147208
-1465312365
-647522613
1739617879
-1277059928
-567477517
423364651
-1110616386
-1842703777
-1729763351
-1931880652
1360179621
248760931
1695146753
-1024402652
-931805788
1429239974
-884534824
1025526949
1555933054
2143876759
1519523809
-851269312
119362181
-1361209932
1065006949
-187704817
313776956
279676771
1094385355
-105999946
1225435197
1685581314
-1791654375
-1947658861
-2134649507
85093180
-1311014726
-1639389644
-1809242867
-1866350690
-633624703
1814035209
-982637565
413290345
-2147008787
2008909146
1316905752
-1180196695
1391115694
-1300795782
1683680116
1257186950
636213096
-2012150467
-795324185
-1457263143
106360758
1994034854
-1866398054
714604290
2145532273
1802284517
-1317676570
481396984
659359281
-1382164609
73447299
1318529441
-198833645
-1417722930
-357818651
-1343756445
-1949591620
-367913812
1811146722
-771706886
2137331870
1631363691
1237991063
-1608879989
1153779065
1150493703
-332007028
866720505
-1021779163
-469358946
-2109886954
672476279
272500622
-910391264
-991615236
-261191329
517745406
1552279874
-1724309155
1011925569
-803894879
598592183
-1587579951
-1944185283
305043782
-792278622
1398801357
1631045269
1745917795
-1584877755
-1195561653
-2110812291
-1604816037
-1504491522
-1036484439
777476661
1710463234
1553151348
2039151313
-992904103
878731104
-1503318003
228989849
-761980809
-1631576140
-39359581
528842349
100627426
-1891288900
1198527350
468637995
-1765517883
2087158323
-1864691357
1006142798
60605306
-1628572517
1586533462
-921897139
-315314660
260344124
-393672196
-341587899
1959617882
-1199466901
1655340989
-196135467
370402190
418262031
1277599465
793197641
67585805
-1793510303
440383536
-913723655
-1044575040
657808626
-1836150185
-1640434957
-157949965
-1677849614
-464916439
1364803543
1666126700
-1805654610
1387004330
1957071618
-1081468993
2045093466
-878627694
-2110029585
388268768
-1468902384
-2001790983
-781963047
-1051689734
-1059189480
1001998158
-1031975261
436643454
1704654441
-382365555
-781504772
-295187587
1356598896
2092943793
155312574
-818546630
-1961891825
521210214
426380951
-823016709
-1793224216
342177538
-1826326550
1017241375
737291738
1536501174
1208502263
-1374139019
919731403
-941969664
1832291384
-1242972726
-808983896
-191397789
-1111522546
1468069315
-1044732247
1120833626
-279142500
671174893
1918858201
1183542921
560752627
-632771054
-608870955
1450304310
-1655991953
412245454
-517083693
-1268542986
184090464
1010951777
476249061
1523618731
-878147605
-176836411
-461744001
1780693933
1203938098
-445713661
1180437046
2080799814
-720541517
-1042453567
1525162954
2051645028
1050509037
-789396705
-1616546202
-1541717879
-1594629816
-2012568380
-298671067
159437061
328704054
1039263539
1800885976
1099888487
-1127678060
933778530
1345036038
2134548785
1306367830
-1340217459
312983347
1642177994
1303075427
-1037724601
-11606171
488977848
-329078850
-1931154735
1607181539
1990166798
-1349137947
1470705070
1786579520
-224296670
137267325
-2021675914
1231016855
-1564724861
-1392988114
-1602717718
-340849897
-593132503
1567798476
1532478280
827060673
-1656328978
-670838345
-1343519007
2041917552
632578109
1456032899
159397864
642880793
230621448
-1256014374
927508875
559079508
1691761151
-2143320927
-348492985
-1413912805
-979618306
342738777
807483512
1313443024
1840901062
-1710381113
1891716399
-959424124
1640247535
772902103
-821447609
-1390104459
2137688093
-585193795
1356128954
-1775834407
-1375199631
-739307171
281490480
-153560359
1648536642
1707686125
1119886552
-2101052705
-1679151859
1358324951
-1655954309
1200082196
-788028759
593267939
433258190
801156900
-1120380994
1560140949
220091655
-1174690236
1549161848
492996819
1049302194
-1460344971
-96075658
-501752885
-687843388
-508878839
-221507320
1505336083
249838064
-172506522
-1429316966
782838801
1291333433
1700322057
1536497258
820517532
-1534349368
550810062
1338615169
-1782454813
420302079
1822407533
1011547616
1749759885
-588282931
-80634041
-339790088
1836771617
-1688739773
-889301661
-1236473505
-66880600
1147422311
1523884210
1583240641
-782637679
1681617992
-751605350
1123780372
482400979
-1294266030
1547418801
929555471
-1929514152
-957948189
-2046987831
964879324
-2016390247
-35529187
943243052
741530123
429308805
695435005
1603222824
1411124682
168632231
552086700
-1799152179
-1168797613
-1494732666
1228786453
1598790900
-1645181275
-1332251569
-1576928841
-747508605
-1992435082
-1092823375
592523195
93987056
1846117991
-462236920
-962394807
-997203453
-876482183
820550845
-1845412330
-337189921
1995771327
1886251499
1628203329
1375431746
972303957
-1732361146
-99997089
1260349451
2114635920
989201464
-1671004204
692376828
985896054
35215948
-1831691676
1027507137
8044656
1337461455
851515913
683439665
2083728445
-509689932
-290929658
-960930349
-410001622
-1355737928
-445381061
1466105506
-2009977473
-652885562
1762974651
-1126204908
1892696380
1016104859
-442898789
2079180376
-614532603
-2089041235
177918732
1853871583
-1713022887
210618441
396318636
-78564578
-1572935670
-743149062
1116038936
-1939532655
-1284121111
1242790705
-1038063931
-2088555262
-2001412928
1725469986
-1869316336
796572682
962303364
-538815253
1166956691
728212184
-155142453
-1989844997
-643245383
44925233
-1310793861
411925169
-279461996
488185527
-1395554108
-1798415037
-1413017363
-2032622483
551689039
1886548705
-661855588
-1811977606
-248208457
-1187780839
655089178
525491756
-1893279176
-410081923
87716692
-194624448
1735094693
1027616642
-1704213823
367614815
1092018591
995388586
-1493920586
109454060
963780611
-1133717275
609743352
224741884
2075852196
-1830701772
2051813779
-349107547
1916869177
-231530865
-794652695
1776055675
566862745
1379544841
-1272405235
882209111
1209226277
786992433
-1103347631
242250586
100099204
-77132358
-650139875
-1446431951
-1673829227
-1454748835
-794491646
1883496346
-1963774047
1050564861
656779022
-1609656539
630288336
2113466892
1378511969
1723541823
213411038
-1663840979
-340767232
-2130353300
-1849433586
1416033562
-1253240856
1364881107
-1709131938
1247103944
1151692646
154796543
1762982395
1325112264
1424450213
600992483
-1193287689
1364515824
1190149512
113554719
-1487985864
577538362
-1410347078
-1458671487
1230184371
1317157611
2044121090
-471147571
-872800038
-292563721
-17815333
-699041856
583963219
-2078933853
-404096445
368330322
-1692727319
-1188514964
-628333357
1473264188
-1403891513
1777351719
-995528177
-1666803015
-418838046
963685993
464694783
-1744412785
-1999543369
1403837480
-887732738
454609232
-2094985418
-111186526
1867432145
1680128477
1769244157
1070552957
112043002
-1227845333
-295558711
-1343025361
1486527054
-148991415
998422313
1701323167
-1383731259
-698608479
1547478900
502992908
-697928047
-1510210179
853122556
-1613392082
260581745
215580109
-2128712573
-1524120422
-1326309562
-1612222425
-1524647187
1786936938
1677698022
-65096946
-276464073
1197498652
1395755567
885779318
1159359143
-1195108422
1811549023
-1150084217
-509356731
-1163816389
-745093213
-577316447
282179721
-1741046231
1966193645
1561162656
48091221
-1008294525
2042315018
-781286816
812384548
911218660
1182558195
-2134396541
732790404
434061796
-1618851998
1265614705
384525505
-1815488835
-470282584
2126182816
162839010
-1502367695
1166995901
-993740524
1899432409
-344979285
-428850536
-1732926679
1560809973
475640740
338119617
1327936144
-753258598
-1823737784
1454751779
-843232106
-889420236
2084303448
-891366362
-333650260
-1658646423
-368272047
-1696443395
1594818595
1174540429
1396043214
1386367803
898266166
1233884251
-1267098326
147001772
-766547891
-1319829536
849775465
-1090596510
-329426304
697684922
689298264
501406221
1088230489
-1232067966
530263282
-1933683312
175146462
-1610192506
-900490748
854536656
276221133
-1167474501
2119522580
1429427150
-990712791
279352817
435956351
-1116641289
-978847755
2099603272
1286403041
-20061254
-2065319617
267923682
581774776
-669643685
2091716191
981762521
1414596427
752097031
998476672
-645567373
-829594424
-688081369
-1178460321
205505940
1546197932
1364699128
-1599946670
-1233754253
77271399
583670363
-1374853748
-380408943
1180246078
1304623081
-647704417
-917073947
-1875515789
1920365130
-1030231231
-609731749
1990845348
-6857274
-1111179950
-1489775233
-389642128
-1055772132
923156253
-320641675
-749200288
1882637458
1943440350
1099017260
161848835
167448397
-435996541
-630772269
814481754
-1613587998
1607062198
-412492149
-1398509450
-348432596
-846279653
-674339235
-50630049
215616607
2013353430
-1871368083
1675172920
-888302243
-844959665
-2039694992
-1804029792
713136712
-456019143
901108059
1099977050
46041688
736137679
-811744164
-1284528337
-230821907
1941512032
-1176658163
-142171118
-563645977
-818505714
2129461735
613663621
-1655957963
-836619822
-1008060428
-1731498692
-163931732
-759891518
1348502728
-398434817
1554051353
-1811693162
-78586447
1945058004
-2091104359
50192744
-1502576083
-1018318244
-1764094425
1928319418
1205086107
-849358723
-679350155
369549757
1115008053
1499228225
-854998272
308514256
309167422
-1676429315
198295134
-249808314
697850999
-1260803147
-931619878
912938604
133468375
-857251394
1354524482
492317641
1468698234
1698551205
481696254
-907682393
-1989266983
-78785201
97211236
-1627366190
-6903238
709338209
1519567435
-1710402657
-919761046
3600865
-442690594
-1065660881
-473096534
2033583133
-1981973583
1828037364
-1892625690
843923147
529148185
97509236
-1185231828
121792369
-1593950793
-986399411
-1033651621
-1259516921
766253398
1776345976
-1471004902
-354570278
-1161294090
351401937
531757836
-1116167502
-1824467160
987153622
-1267615167
-747526601
-1138994276
1526036399
-82611217
1223050640
1956935672
1734949485
1135612257
1302922060
-197563414
612937366
-2114179025
1437778309
660290176
-755299359
110777262
142608450
63873718
-1220942019
-1176880726
1485950493
1843780944
1387914776
1036797522
-1784699099
3107818
-1244339748
1619737459
1283685893
274351437
1244938173
-1223840023
767900517
1497363203
-333283151
-403442607
1898905487
-403016659
2048347584
-471962109
-1741106602
-2114651757
222397565
19102015
-2069566158
1094962940
2013726675
444295589
1922302895
-1132395073
413817092
-1901312022
132853256
-1389316967
1925332207
1772505032
-1134863857
-1266097983
-902827631
1629301046
-403413425
-140090311
1510258637
1723463897
-1205056653
-1023842969
-242240145
-742136903
-1226508311
-28757020
1037661038
81138232
-360595006
-799498606
-832406415
992198207
2076676827
-1875831053
-1118904428
-752158535
1011954497
-877906503
-1786733717
432656964
18044369
1412986008
-1463863994
-139404507
235031327
-1789972125
355139766
996748925
1957002905
-253800874
-1877025968
-623674182
1434657259
240190384
93020336
694733135
504408740
1442625157
-771564864
-1076047961
-1199897064
-1237849903
-211979718
-414366890
-362567800
364418768
-464428182
1965580177
-237120384
-499083892
-623690952
-2002224672
-1899375744
797427382
-70360987
-563508207
-1201544994
578106809
2030464277
-42407568
229051882
-1926991348
-336192371
1519293236
-912626094
-634012985
310956348
1696784443
2081503176
-1229140103
349697791
-301306887
-1279739935
1795914295
-303708768
1399685294
-3587008
-254662920
2028152735
-1450217257
1983219955
-1847452640
153536821
-1238527002
538302748
193079386
-1596484715
-58402252
400909779
-1073751638
-1582491532
1971858486
-1373536437
-1472949823
-934497845
-2118055697
-549895117
1247218579
-34448933
2079791013
-1145150626
-1612241369
-377454735
1548918999
-273820763
1124796589
-1996334485
-1904663955
1370596876
-2121141291
-1553955718
1768059697
-1381280221
-1304275875
-1212163544
1083713917
-655868754
-715265300
-1593907172
1668823350
1884817543
-1398792930
1615227037
1529806072
1949786563
-290995233
501585236
-1834213742
-1222698220
1996425980
603672917
1075385012
-628451987
-1677117961
1593405280
-863036441
1324235243
-2142806502
1293916259
808847548
-1683935757
-236814898
2078250563
1439965512
-1855216233
2071616812
150275803
-596969521
465401917
-1054985260
-1592345788
-1358688066
782687106
1296897022
935872342
1435211230
-51943333
153711310
121013615
1959168198
-1073361283
-773037589
611455602
1112877202
514120191
-648393135
939984402
1133084369
-1183797444
-1195091866
1428253520
1038436291
-683056898
-1556178613
-563987134
-40785469
738084056
-714806923
1333849109
1683386370
-1941984814
-192086917
1242672724
-373441419
866309451
1306388016
-1702288791
1584162064
1492019739
-323855116
85591140
-528060364
-677143049
2903367
-2137916421
-1334156187
102424857
-2026532194
1411827409
604331839
-1680810976
1368582522
343229178
-1410521174
770369588
23817909
1074273726
-1894994100
-20421267
1542995998
-992728419
639809343
183014261
926224968
-764107117
2123992067
-1480404885
379834271
1490152349
41553078
447308298
-809331525
-2071897989
942371202
346893578
-1460363784
-1982500682
-1329298090
1861942982
2022963781
2038528228
-1765128489
798051614
-1897195716
-1910238422
-58514279
1119326366
976386675
88121345
2009417865
1351523551
-1734329327
-798529731
-325474642
698587949
660346531
684248395
-1217084656
-672822423
386146352
-1066395462
-27172105
-50893007
1151041674
623283196
-1920426664
-1177058499
-1182943001
566744940
-1169817972
2021010187
-1954131793
-2283629
-1079135421
207450814
-1186595946
2095338406
2069229239
1446267715
1511754989
-654512045
1888747556
-453581643
-258454475
1611483836
1181797238
-1720726782
1945927413
1057853379
1218419012
-1693210418
1695693773
-314072184
-1191349763
-1558457193
-126231862
1094610223
1422817376
-774239207
-1646487814
-891839770
1783756593
-1660812813
1437545795
-594599387
1067259433
-2108972663
-680016784
-332660681
-1774753235
-1030017748
1311165068
-2065563910
1995691203
-1660249480
-934972557
-784039454
-1976342847
285331709
-1681943387
-148201661
1768372806
-1052659935
841587293
-890959409
444692462
-241174203
-1747996190
908758620
1146420032
-193947867
-287521508
-1977079318
1457932907
-2055552124
-1782768791
-1888617500
-2086152910
1025446407
2110370737
-1035822938
-758730973
1362980705
1250339767
-897941441
860633358
-2135392336
1536182450
-343294601
388787637
744881958
-1325959909
811725075
-106969664
185731307
-1803040824
1192185175
1084417779
-2143983550
1467902010
-299153973
-513437022
-1268951062
349856818
442758978
1578469219
356864966
-370914679
1891863575
1627998725
-1333141313
840179521
-1152180039
-518387263
-387617047
374996182
-1117197206
1278940079
-1319716380
-885066022
1806283331
1397787003
-979219580
-1567026752
1975631483
875450200
714540212
635855863
895087592
-1883019981
-1533554537
-1559186374
722578884
973414188
912975343
1604069670
-275875404
-227479231
795949762
1264115212
-532746746
2117255756
-848359878
-455577336
1434329146
1265170991
356035789
-1134174638
513376195
652132172
-987442531
-548455213
-1609361138
-433580229
1180192800
-1976160261
-845773629
1855119031
1293210883
-149609775
1672939338
-1592079144
-1771109045
1878302795
301048976
1270740359
1903049917
321739999
-1948898294
-462258387
-1260739456
-825703079
-723091207
148209581
-2145091840
-10803473
770417392
1119237268
-417739244
550487186
947141267
-1809839473
198031202
-28283514
-1775718752
-1330042852
1919372034
2130143540
702350643
1701998468
-1379692447
1486081086
1611208005
-1914622968
741408103
-1246393644
2010369141
-1754669478
-1756840996
-373826491
-1520005877
686218318
994861319
701875161
1309272121
955037649
2008349592
-2034380067
1323120803
142188825
-1375036473
-69765122
-1139875552
-352569314
1005173180
-641896486
1486042050
40993096
730734129
1838557908
-105626349
-1776225943
-1315884715
-131318745
1857367969
393790701
-1325149197
-1959385539
1869056957
1643910735
652879571
-1973544895
-1657135234
475490254
-39721888
2106552562
624167692
549950560
-1239273334
-736552262
-289409766
1967807463
177079021
-1181674241
526318516
265223842
159420210
1331084983
-1097634502
-1961845787
-1374859339
1968617026
1540328875
623593484
199464552
-745774477
842329127
748162477
1402980342
1760196847
-1749742418
575360524
659727659
1964316090
-957584851
-1015794477
-2065086830
-437438450
-1055058757
1242772226
1772531295
1637267567
540962847
478721315
-645262193
-1096872965
-60041579
-392394558
629887309
-8623866
1280582609
-1986943716
-968291945
1241653478
1911057476
-773764330
1817870881
2145403658
-2086116195
1265873008
-1372504967
269606225
-1412481646
-1680102854
194298475
-478253672
25950175
-2005005690
-1970977882
1313364117
698119310
-1612405410
-1896355425
747338211
-212679303
-1928843016
2024408501
-1846795939
-243236339
-1101302488
645299605
411570606
-1539562416
-1206551019
2137725407
450909224
1429254692
1994376751
898734857
1181480405
-60279092
1088981856
-415582077
-1762590261
-746205009
648594305
-1076400612
516050116
560748380
-172989425
-1823523933
181790189
-56959538
633532702
-595051823
747716862
-2024237840
783910797
-473944218
1801809290
-2107780509
188667514
-643566191
-685314153
155205501
1959574520
-888868204
2125598065
734295189
-1751484161
-1126011993
-1775917381
-1332247427
-995774301
-344529123
436988102
890715215
-1544575351
1599601605
-899058651
-1426580628
-324308842
-1011273070
-1222588544
-1006352447
-72282136
1992875646
1604387752
-1910570420
1028957449
724045482
-1481351956
2053922782
905982817
2112683721
1001639338
1916095010
-1478383635
-1582192193
-458564056
-551809827
2061899566
-1826200956
1246729636
-1699351689
1918264931
1085970254
-1839208279
1206041273
-1611082759
325853935
-1539884893
1585634007
-622980286
1827655803
-645678922
750382513
792194917
-311691987
-349385782
-1074088619
1610787221
-1020771190
-1594314774
1341032136
-1171683707
1730429639
1955662542
-1373496058
-429768933
481818983
174795702
-209840058
1384269923
1450758696
1175590520
942779777
-1614010682
-237585377
1352510428
1746553397
551698555
-1685848287
956531495
354103397
1794106172
-755211931
-878491403
-1635496219
-646942403
27689831
-767969461
-1059595821
1577576793
743740942
1820490476
137521000
1029652110
-1969762544
2105711083
428971248
1378497195
145506197
-151375999
7436310
-274487225
-1929842406
-451571424
-688299931
-1876385803
326790296
-1654443832
729066763
-1570155339
-30666779
244633752
1851570911
858467244
-1410935463
1743248295
-1257951580
168651543
-1250790989
-1065748460
-162783345
1886252157
1961880638
-41146789
482600454
296369700
1955796271
1946681834
1692701354
-1228085307
1897037393
-88082701
1244615063
-2072131966
143383011
-1055096445
336477674
-2079869929
1645536192
-25835053
-153130621
-1095439024
-485541696
-1032179234
-817750773
-521737286
-673726370
-67655629
430543928
-10115427
600870042
1785123852
-827803057
-1330811096
323900448
754216606
-509695254
-1530799122
652274346
548822450
-341574917
1669298065
-1526703198
880763764
-65729008
-221436228
1402899210
1285388170
185990104
648640854
2025291936
-1594090136
1429260773
69163763
368623932
-1645917214
838270386
1626396302
-767927683
3193346
1050397416
729670005
-1576368988
39494939
-116629028
609771908
-1724449089
637035549
-329244068
1549132437
1615694089
898784299
483571371
1107472182
884941200
458238570
-2078909751
660684957
-1494751464
-1034086628
-1225993226
-669238824
553109055
1756898796
-1898324871
2013291080
-1294576415
511989643
1185548189
-2064166065
1541308349
337834107
2058707452
-2045588152
-1443565992
1118492969
242569727
-440145993
-1069137631
-1209177279
-59147100
1599639745
-852980267
-1050001347
1950331522
-1433595938
1752022564
-1919363777
-1892734710
44466124
-399854443
-368568287
53969934
1416000454
1003576230
608252361
43545479
1182219253
2059010870
-195288639
1700718994
-1510769369
-568676313
-1073086714
108080315
-1415376962
221332031
-1933446625
735267454
-374187542
1330615374
217791601
-463360502
-867657446
-1597572458
1479532753
-2066227384
1958006447
-1348287642
-452411045
651537946
1311785970
838311431
835536513
250957287
934336840
-1014494244
1715331942
-1087822505
523539620
-774094908
-190706836
-792701349
-1013767364
116264899
2068278539
1507672687
1232683647
-244327200
-1657174556
-48656605
-503495611
1488950608
1171645461
-205033769
-595910072
402994387
1884465358
-1812450875
-983968558
-1978767523
-1886248924
1869374275
1061347511
1685008889
-1661500891
538048329
-546287482
1720305130
-2086784724
-570864591
-1086026501
-425860589
-2120873611
-906885954
-1599944521
505570968
2010945011
1804402272
1454764850
363986628
1425292896
-1185880140
-1119918352
1375601964
2054668950
1656961873
1952827122
1690895893
1964611357
1170186945
428851055
1763476498
-1385957628
-2018245171
106798531
1057219313
126336756
-940062211
680522663
995138775
919954817
517539422
668514723
-2121652822
-413358909
-178081915
1551344832
-1821499218
-1293637339
1351286740
-1705401472
-527709070
389536124
-1884708869
1132377618
-2083534611
-1613001637
1040798657
-1595370047
-2105304093
234700453
-631165180
243785646
177641357
870588258
155031294
-339429698
-2093217928
1053754582
-1188981815
-1969549099
222611372
1746149071
1152202276
34743107
-27743727
769194558
-1868688009
156869246
1167478286
-905008631
-1119147500
-28391151
-1218032013
1019685151
93161407
1339447764
1404627352
-759805492
1411103856
-2120740515
1941145542
453101134
2088097622
1719351990
-867843115
363415207
-1445176289
2030787408
-1603020267
1862823860
-844323210
266807862
-1029791375
-1702736002
-1289649715
-1345632635
-303074607
-544818481
-115410596
-1074962149
43033280
370634760
-409164696
796118413
515993935
469504817
-978193720
656453214
-430009288
-2026809518
-1552138844
537342062
1751564101
-435099392
542023808
-896235088
2023018226
-277549510
2115493496
798863136
1755281745
1710436213
-1091905588
-1430391309
1531488557
2121874932
-849718369
-1990061041
-513480846
1163144029
69280251
-1348586563
-1062897973
-1975277943
1234950680
178589340
594937229
635539867
1613347038
1805730776
-1695999533
497313107
-908172377
-1273930340
1304206313
156497316
1950782280
-908445244
204612333
-1171428477
1553853265
1279969751
1309468595
711755777
234127764
1736924724
146899433
683508891
-1784227356
-931008374
-570305669
-1753471791
-1485612514
-1408753267
277988920
-656814860
-979076499
1455873510
-1929920587
-1739738556
2071410120
766434922
-546967695
1548711994
-195461441
-719030386
1181211449
-1970417887
1645526135
-1793561574
-189674034
30926826
-491482125
399423261
-1440347196
1762251073
-1657110124
-67927776
-553782612
1857622491
238225122
-1611811682
-96246155
-1553984495
1934192780
-1218320973
1219047695
1553741490
-1421641555
1271890194
1486305360
1157338900
-157398704
-1721928132
-567693797
1309993068
-795172042
411750638
-1942970689
-1418400673
-1591857962
-137693734
1211072924
563241176
-1716769372
1146910362
-1926057973
900888348
2065185174
858042593
-1639258497
-407558118
-625372957
4828403
-1545784345
1717697031
1561212941
166129494
-386401449
1195576106
489229346
1724985801
-37491738
-307923468
2083936061
-1054328971
-2077093159
104030803
-15292077
-1665847198
980839424
-284338105
-641205973
235364396
1978700896
76392372
-1118744146
-668468235
-1759870190
-1573258886
1566936928
-1227263075
372206698
320101826
-1556745682
-1981441488
247149402
499018650
1530234729
373383584
-1201337064
-1795799612
1478144018
184819123
-78759170
-1256286005
108808024
94077502
1619525298
-922753450
-2042876578
25481363
-2119029626
-738020928
-641123776
929490999
-268042207
-335060505
593419607
619720408
1495734110
-1443238845
1309207740
-1248427139
-1588676748
596417851
-1214879477
730247423
1292091478
1265013171
1376663913
183767991
450097755
1153938921
1524966343
1875928696
766077473
627924353
-731609753
-1711347009
-593398097
429902045
-962228322
1301635113
-1007145511
-1006490702
1501367516
-957317340
1307468520
-1169946409
-1007685143
1284041449
-1060772999
-227805344
143212401
-439300439
977936037
-278846229
1953363906
-298739194
-1877370270
802826553
-778818349
1355059396
541514536
1445789440
1867410055
1540891072
1848484311
1256535550
1336738099
-1510000352
1304667095
750957137
1883960413
1082589643
444211584
-1206612731
-768306745
-268252645
1748500156
1116269039
1660023979
-765132847
189415915
-524036424
-2002781881
1712813897
-1448927994
-2053339332
-391748453
1844736494
312337670
956400404
608322672
-2044389393
-855598202
192518257
336055196
755063090
-77992281
1681958955
1676619396
-2074580600
1600443187
1079811865
-122403870
-1840755678
-1006035708
301478050
-444011064
1883120196
-316491354
504768148
-627667227
-1172295368
-1028689605
-2071373260
1238044677
-96611452
1285378463
-397759851
1009924574
2142292318
728901580
-435715027
786720520
2006883424
447130494
-245838428
-945827251
-1384117641
706101529
-1480897041
-961411805
-1635800031
1452176842
1482678173
304818805
-1621079593
-57173523
712705393
-710063703
1986958535
-297656914
-2044677072
-2033865250
-1291241787
1130009586
-684563014
-1210122891
629501315
-182419593
1806879071
1472120275
-2082102016
163204665
-1607228053
-1586921628
-1791310530
845358871
726121986
880037346
903882551
-537563722
-1658071757
-1334050602
1699570961
-1371594587
-529065914
-1544742817
37255568
-1111788094
349474392
-1899965903
1182130891
-417376037
-1295229910
1368359648
-794051550
1255977112
-792923851
1352187742
-1580727441
1654295959
982610432
1298537154
-428245638
-1713461288
147059638
-122323894
1693314482
1611058778
-2062590734
1034178979
-1676700390
1450650886
-1927413795
-2031804057
-425251711
-1932751668
-1296088709
-1017298458
-1721315850
-399511029
385868353
-1054820312
439714169
-1126482634
1059437546
-526482638
1348100341
263500211
-783742838
-164636792
-1281259667
-740194554
2136114915
39915251
1266958198
328067118
1002901494
-780971900
1912677605
1043006799
-918654499
1828861144
1869098440
-1488315504
-2064866345
-139924836
-2144743783
-1840933050
58828708
775331667
2063052208
1448588370
1461038099
-1933954986
-1082615303
919617734
303842520
1672046620
-340215577
1645307342
-541930589
-219657285
-610656344
840276685
-1303691667
-1715913554
-384218214
-1329649978
-2013909228
199684824
964439548
-1689005059
-593258454
1107661513
28950248
-1584547363
1876667145
79193151
785599361
2144616732
-1309807830
-977408786
1421341544
1472120348
1034300086
1029469059
1927154035
1882488212
1283210333
-2082132250
944065440
1435729775
1026322023
765765055
1682974279
1417878516
-1930157304
536543804
-1911458161
229891878
462363127
1086283280
-1819312094
-1743657363
516374337
-507688258
-1118565852
1746168949
-986573991
-2125719018
-72558752
941600597
2111045748
-1963742464
-1182863932
362583284
219361555
-1744126344
2009227535
-1027886681
-1142375455
-193521448
-1813801784
-200305377
-841467714
259519325
1302473073
-578518654
572723995
-135822877
-707458820
-1309019946
640560520
115904755
436094590
2116324518
-1889162614
-1480491009
1209058594
1487240159
1263791793
2146835435
91544159
-1733416198
-1570885654
-1681515057
-612868243
1616245343
770319889
961434107
-316021260
-1439088888
1389736138
602319675
510002182
2035294565
-698186095
-1707620773
349760335
811886207
-1689960178
-2010734099
153468811
1114480479
-274179411
-1973580215
193486903
-795100496
954790254
405117396
-211969653
-1136716637
1876714233
833879429
-1488392026
-1404624622
1439372789
-1320989275
862879499
1711215592
-1338112871
-2071432491
1605013836
557984703
629267586
-1903186091
1075313924
-1747483958
-1902393401
806237314
-640589303
4164084
446247754
-1443296096
736676578
-600075703
1675961936
-201696039
743727222
351930517
1608712020
-1301658746
-112843514
-1067956406
-1263031785
-1241459028
1011870301
-1235934554
-1373134085
-1630861624
-1793853627
-774008043
-2113840239
-1539020337
-1739190211
-154197549
1810945136
840184431
1028118376
1185020885
152207432
-1945380965
1629927367
-135868695
1114162230
1491742790
-1208954966
417518875
-1816614567
575539053
593071715
-715738533
-142109788
628059227
108919101
958597212
-1304620555
1541882664
6540204
-1756896066
1795758950
1379981698
810411717
-722834066
-631222813
461996975
681821168
-1663144115
149225981
-1580300846
1456529115
-1746423025
-273856516
1807338860
1935428273
-87999387
-515694022
595738405
-2067274101
993449822
-1430417234
862756044
-724966106
1535088650
-618249785
1684424604
-1855284266
-1395773344
776535163
-736927039
-1917072197
167133281
608638878
-717350375
-8527823
-1756101508
1511690871
1747783998
861585804
-266992076
366584463
1011039940
-140160251
417247999
-1790653748
1772861375
419933422
2125331825
1127665599
-587714681
1551473709
90270874
-634446535
1606496190
964432871
-1524941397
1285845284
482561170
2116912762
667384799
-933830769
-739976897
2006342065
973091480
1572176906
-817635113
583789106
-1828708921
1625125939
908355397
-226766277
2019916945
-201537647
26424975
1868064653
981264943
-599930720
-1995326374
872064167
2129027349
-1475632340
266582963
-1117982409
-1209742251
-1195170846
-1512057077
861240781
281725766
938958115
221263491
-1884412207
1509788512
-1164229349
-1451176342
-2115824969
858840170
-2186990
149752323
-1469022352
1460527830
396218881
-1546199413
2049667875
-1566045077
1646876264
-1964144007
-1180154851
1127885604
1914901854
-229997305
-177394683
-2015372712
1585235689
-1309711887
1222531667
-1180855782
-1752953457
-950555268
-558614014
1145834722
-1147267795
-1115814727
631496323
2099372908
807258886
1088679434
-169030667
-1444904225
-1245904098
1881159141
1107201683
878174514
-1343086904
393204695
949736813
1934005195
400623742
-1560175668
-754449317
1238510696
-532702992
1618296717
-1322815187
1546518594
74627423
-1735760759
1598668839
1757724015
1269487402
377803223
-522644564
-879005049
1981512872
395770491
-945814728
-2081756022
-1345117383
435447783
-1811706477
-1672048895
-1351249257
490850501
1722645059
1391856226
1483497841
623945715
-1292444095
836342968
1699113786
-9367602
438941680
-1190754173
-247967939
-1073504845
-1918118326
-1302032932
1815956724
781896131
1754562396
-1796099619
-310832742
-1788713243
860981748
-250212289
410012415
1634770704
-48767337
307622723
481760154
-1349259318
-1574530120
1294699990
1242663908
-647632149
1654855975
-1329613841
1710503139
113426342
-12048697
-1916062405
1477894148
-1690185783
1049125508
-597639684
-341424082
2118899011
-1855917693
-1946590674
-1496471533
-349217817
1244096666
572274411
202564040
-446917778
-329134079
1318821391
-1114305641
402505154
-227627446
-1092016097
-890866156
-810435207
-1750184306
380317798
473464685
-1518172001
-750930456
-1999792287
841009158
596214712
2070346791
-1141293220
-442196923
844105988
1005714366
-168546468
565225385
169517060
-1933865729
-1524203457
-1292876511
154249533
-1985429368
1419671586
-698810213
-2011004357
-2073113347
-1750042622
-2030821926
723543512
1795138551
485859237
700004492
1683786941
-436837829
-1758049350
-404074085
-1029615063
274599726
-1543777729
781376963
703881457
1088446344
223813922
-1714378396
1572875463
-485396664
1562387243
1436984728
88423358
1634248423
2110525208
1367798408
1573901
-1664729136
1178010889
-1195197701
-243768814
409476110
480222750
-35408593
446425754
-2144869050
265900638
-2099487508
768908639
1577559784
-1230710566
-247907627
-1156465711
45176737
309061137
-1387344640
969984025
-706673133
2123361430
1258611913
-781127590
1861786824
642892783
1939443171
-1489278407
645362019
2068994496
2126697135
1033339551
-436268264
67817769
-264769072
-368482883
691145821
-2036550549
-1172317953
1946608464
-1387230239
-415163183
1315698971
-308432091
-1287509827
78116045
973326211
-325386785
-419744279
-838420384
-568950616
-1617154568
-1692444432
-1062709313
1395523549
980241669
-1482008601
-741990349
536264817
-795250371
-1451011429
-1551118528
274619390
-1604976837
-563225847
-710462455
-1846863357
-1019624445
1477419282
1290142450
-851155792
834480962
-1460099729
-999637113
-1676855551
-2104420903
-1694029855
-265559908
581883918
330175644
2120205485
-973172044
-2134673504
-1596585130
1992652103
983612582
-843743225
1046380560
295987277
-1890833795
-1692290774
1337596562
-857873226
1888944800
-120104738
865867818
-325931957
755231026
-2009908101
-604457045
-1609789099
1659270587
1934034860
2060575160
-1967180905
-932782329
285758599
1978634562
157489278
1471807822
-270556963
1469562958
732795542
-749657452
-861879086
-648946437
1012608064
-2078860974
1518059183
469633731
-1435924062
1829157206
2047731702
-699878400
1119417822
1036036839
-1347885130
-1408815182
1746734981
-1081798612
73791009
-158171265
-1939388339
-1621648179
-2014231205
1140943354
-1100141566
-1956969510
-77421676
2037609767
179806906
-220536852
-1254774184
1471317311
2108138060
373913993
214241061
-1450630225
1370489602
-655814708
-439228099
1820832358
-1307874419
925796165
-1277624130
533925712
626034745
-848977123
1048935151
624651293
1253441889
1207774334
-441354277
-545104314
-335878876
1550036017
1096447268
1369664336
1140815960
1556322952
-101152240
1449301330
-1167744322
343419261
621072615
-1181176907
-1504744841
1023544603
1902940545
904750139
281359031
97904156
-176946918
-2043969470
28619191
1121202899
-2073777304
-916749752
-334179856
1742006860
1938872559
-1600800847
231338629
1907303856
-1795783021
-448488760
-2119615744
-792232978
-1352547729
446484739
-1129253311
-860490856
-1181253148
-845133430
-696833870
1178513162
-988855053
-1202307078
1596904895
853980880
-1772938545
2000299877
1723312261
1310754377
-92087379
-8404579
1865610185
-845005177
-1544508449
1508566705
1037319467
322020217
-1197859808
-992100168
894617498
1817200460
-710771919
-1591181364
834982154
-1577809907
-2144850780
206686809
-989563036
-31308910
1192761591
-390107753
1883863230
1023436186
138382051
882578004
-1163771189
-1187597261
1041108470
-607716873
799671701
-902726052
679354975
-739047488
-1115636375
1688146154
1404361224
-64841132
535128081
1683297711
257274602
1593309560
128047432
-1458945833
193544859
-1860019172
746250858
791867541
-1987410133
-1349006693
466534763
1108714239
1987572017
1007968577
976685833
-1508481481
-849183968
-974342387
1646429253
1753654986
-1033477666
-103191369
-810639602
-1086783396
1363038871
-1455544332
-1706062273
-739314557
-1082449459
1758363383
38872268
1756408819
-1298702413
597137467
-232131529
1081943516
1975475643
43876991
-1791140280
365132175
-1751418515
782731538
373329404
2080116327
-554450822
-1715009456
-230585411
1304620518
-1025424879
1289258604
-1047600941
-1690135522
-1179475600
-755559313
-2001633766
1875960402
1173274045
-1244251265
680647157
529930204
876184341
-2106131868
687634818
691008848
-594790171
837850952
457791758
-2118029855
-562830983
-833730114
657254347
1845594883
1933010
-1139867387
-521106752
-824023471
-333360965
-1243297140
1773918976
512974257
796614686
-2044355400
-1619586274
-1053825610
1362160531
674728421
224550879
-442589627
1023904057
-933322837
-1744500687
87723386
-1414786615
569570914
-237854628
1176151244
838117607
-680938265
-1592542089
711586926
1070233275
1694764191
1451415068
1099247864
2063394496
1520660923
233134431
330854214
-2079752229
997364669
-1443623685
2042772128
-1610569297
520542779
-1570420274
-1678808805
-597626065
1603693027
-786516601
871715390
-1119375756
-266668610
1237021853
-2031727641
753858000
-1812340552
2012153730
737579375
1381920290
340685664
85739288
-947521268
-575317397
-1384437269
1861956707
-1169876105
-1077291871
-2039259522
-274755712
-1735208498
-1035845693
-763440212
-1243780650
1754869178
-99924179
-900930756
1126705034
-461418540
425590573
2051364144
-1797544904
-1283997628
-1917912363
1180771074
27684575
-20370005
-2112328942
1203088176
331829531
1634317890
224303869
1635850491
1161794970
-1079828669
1422876016
858719338
792641992
-1967612281
1748123612
1052282517
1092859597
-1460856208
1208522330
-1758233057
1757048248
651363336
1941550335
-694673405
-1407401220
-641912982
-1439110540
-1677856621
-1324350182
-1229304224
712511428
1493913790
-1524614497
1006301517
-1026375305
777309073
945115985
1847341645
-1127508512
925675520
560838821
-2050003302
506848435
640418533
1632432499
251245105
-1753484326
-255193785
-1694216980
1592506804
-1587896952
-2115499297
-238630709
-2046972270
-261569651
-980763432
91793098
937951588
1129456620
-1554783018
-1667340969
937756314
1058169514
-1242960838
108400519
675101014
871783656
1268530083
759240778
-627423081
1140267316
-730397001
242496736
1973113498
140699931
-1411280862
-270144885
-1494814084
-419524606
-1005704738
896254854
1033765924
1058112309
1077114293
1826709301
-1445182881
1114478400
1677371907
-1366044259
421667659
246656637
1392959168
817825301
-11168007
-1524876050
389392062
1030887741
1992133710
-64768692
-143034066
638246447
-919183319
870855519
-936202392
1439171317
-669279542
621213584
15997674
-118192070
-918184079
396199868
-957581407
1999011907
339751493
-2047112886
-16892313
406210847
-1647773577
-774920065
-484205619
-466438627
1056134823
-999612144
-1940615399
703192190
-1019129466
1750907896
-1325304430
216364907
-606645061
761091724
1351910906
909449000
-1477770230
-1802156340
-1164902309
-498102390
-1846838605
-1411174150
-334555642
1559779750
1340316952
138551920
2092944856
-777200438
-1434623839
1928725934
-1517000513
-1494691151
1125592547
671269810
1926826620
1406155505
1154138367
-136075636
441100969
1707119032
-1068028856
1337839921
531403262
-718127689
1305862440
-1549672306
1608640463
-1569822371
2067587907
-753006112
-137096232
976010056
-97613348
1386433090
28768317
1265607160
2092528504
1901427591
1288193995
1781343941
-1246654528
1409770057
28802179
817724434
410346411
-526317246
-591908263
468171459
998304732
440401370
-1910969799
1576567531
1264697672
1799766528
2002024778
-1814727734
-826907621
948307772
1832167541
247181046
1109184732
1426425605
1006684200
629594839
1519567822
-1716024241
958086230
1279350872
940330649
-449150360
1377649858
261464026
-1758747606
377036036
1689290109
1053030764
1515142870
2133126550
-1604709459
-1187052487
769246405
-1313572384
-1402795377
1615118657
-605466995
655599565
-196678466
1878070603
1055519773
-875654530
80762292
161609242
-221658148
812391586
1066450833
-2108377378
-1739421679
-1909533686
1374183707
1176971245
126877317
-1782056324
211773445
-39944782
1668245094
-1443772474
828511092
1963012837
-63993747
-1448920810
277181118
1630558716
235314499
1172373896
-342700940
54530529
265664032
1666478081
-864816734
1406538212
-1189639243
-1593156038
771424597
1951432946
-1867327669
-1991672545
-2061213604
-987329529
-2043241940
-2138008999
-1961236141
35090401
1049163585
1589803817
1927977181
-321656331
-1300790532
-124843913
-614843856
1494828198
-81646216
1216677930
-245311531
1223979700
-1943524643
-2127884358
-2094402384
1482092018
672169481
289528834
-1579167426
328092987
-153220756
-1842587046
1385120030
1204471206
-614905293
329690853
-399190830
-1494217992
1603805608
817286183
718035910
-1414577318
-420589352
-1789497383
-448265584
-274726325
-1191736715
-201352960
-689663624
-1241940265
-1995030786
188861243
396660539
1508669705
1439729436
118993757
-1944826868
1521582749
2116472911
-719716037
370481371
-1603887367
1050030025
-1759147322
1468935896
923954782
372408217
987237467
1824918330
2144491610
-329078260
-290973095
1460618044
-828610175
-477378737
479336436
-2120215449
-1672161188
714994009
933054280
-98814698
478307744
-1858080249
-770095440
-1999853257
-756282462
1048915848
2141556569
-1309040818
454930698
1928035066
756664593
-23684673
-914828602
1511302485
578750308
1722902604
-1370400446
1770651272
1840727017
-803686949
-823784235
-837410079
812755417
-1078514052
1359437182
-886850895
1054836448
1483506091
70676943
1700139055
-1081674441
-822229807
20033832
360357788
2093847282
-1672807920
1451441448
-784267864
1470552726
-175128768
687410785
1444474900
-1653149458
-1169069773
154511434
376173719
-755762146
-386068672
-1358718855
1550021126
266164216
1515997951
1862612241
1976098734
486620046
-1724927919
-352498056
-57594108
-864115705
44712354
-142292915
1703551872
884644022
1450796145
-154382951
-458570555
-1638065048
-1648813552
-431451069
-889827580
-1239719940
-1277784
-1206197303
-957135454
1633290809
672063616
-537996499
-860976103
-99899173
844220798
153186860
-413357797
-1881366801
1902183661
-124431947
1126799356
-1946213280
1749901184
-1696981095
1810484304
-16831792
415993750
377866622
56970195
1311718316
-1132151873
-2046272743
706740873
-1782799494
1879729534
1260587931
-32459482
646610548
-2032681904
62795372
233452975
551058010
-1108960020
996211478
1940962912
2008244612
1576976589
1900634243
-1601202480
578470710
1816781293
-799975573
1283549010
-89633481
522180306
-1766692857
-1465917793
-1581602140
178907853
797923082
-116027983
-957416447
2100098689
574041553
1442258417
-1953416048
-1312949086
1788088792
519521683
2019371238
1109217022
1852546928
-281338303
737049274
1102086081
1799207854
-1161117194
1792577024
-598498572
-202763866
-2139860436
-1561672906
675193926
1662234329
1337314618
-173526276
180598031
985494251
-1666951690
-11630870
-663218543
1779517080
839766433
1764821917
2057880704
-1158722071
-562298876
-722841581
-502217788
151095714
-108105258
1396172344
-237037188
-555508738
1989345632
-1166468928
-1569280442
582329501
-1382370973
922921527
825401789
1164732349
-1077733831
403108181
-568470974
245380264
1279962425
2012407447
305437951
1958690669
-2071411105
336983818
750000681
-1096850990
-481827796
-1368149911
-2073405052
1790343048
1519105483
989567594
120546092
2030029216
-1883631755
5558612
-169410415
-636994243
1001424149
-1322240555
1927778755
117586315
1623624494
1592608273
1671590639
1868396783
1314275836
1586164734
-1188121048
929970560
1180978905
-1096872722
-971033237
745701557
-1600034846
-2052848019
1461272797
1006331486
-326732326
1956004940
-818844330
-1028941096
1962307661
-1479070723
1432897314
-1214538629
-1595975688
-388130527
-168235771
-641249193
-1610222744
1805682527
-2067277953
1257239072
666776032
-1272838793
-1637855150
1519947622
1661753471
2018362774
-1361879487
192053768
-1295426142
297787115
-1045223143
686988778
522655367
-549612423
-1466820108
-1726020123
43457330
1207121199
-568509508
858840063
954303635
-1205376715
1465753582
1973698779
442951912
1229291656
455396256
1627674226
-2057618848
187012808
627339460
-681035261
-746755071
1536335952
-2123237458
-1234097848
-1532362550
8107143
389717203
1911113450
199551259
37693813
-596302125
-215633355
-1084665259
-1823255399
-1339393864
-1807358449
580144317
-1032190728
1555989632
295015206
925461413
-1310127495
389505496
-1913296536
-247544883
-1717346704
1511558442
1283622072
-42996730
-891043464
2063897305
-2131005218
2051925016
657646213
-1531467061
-1126369090
1807484389
1154507576
-2028861401
-1474284340
264791245
-1665708683
-1391402657
891718847
-1382006956
1107021362
-654216080
-1627938684
-836278526
2143898001
1781107560
-1161802635
79938186
1613044785
-925547224
1757494474
-463712722
722181569
1316103787
-523320241
1922907745
-658360107
-2091141370
-898962857
1216948397
-997020676
-880922767
1402856431
-1652992298
-2083469295
1782053509
188771415
657303616
290275281
-584380537
380547245
414098829
-999465810
-381982620
1460781803
-1865766262
642297058
-720889794
1389938707
-1843312053
1403715270
1962984999
-874883672
-1472310892
2045394275
655462443
355054176
-914879622
862257737
855349907
-1271730666
-631591863
1081602207
1225838440
174851333
-1616574808
-804967045
-546467274
-1894219213
1970859771
1351256435
-835490799
377509162
-6033144
2105028468
-504106020
1288818413
1309359068
88272081
-928287032
-1577977302
-611325969
147482271
631186715
-1744977237
-76612730
-1252208577
594200370
-1687052270
-76361384
220657467
902184648
420788165
-1635662476
1601747030
374036600
1981786662
-445625247
406008285
1426633088
1642495751
297457798
490161987
255243719
-523213475
-1188154932
1862289900
-1070597599
-1780532685
-657775743
-939533496
1797158608
-1917580576
1922868351
1913478180
316892749
-216201604
604364173
-74678980
567790665
621580943
-1434471932
873710868
-799020818
396392203
-1038897483
1268064007
405544041
1759204732
-1789099254
-728250464
1722154668
1025630077
-390961046
322185768
598781808
-1565491091
-1280566302
-1804106881
-1630559623
-1386910109
1401114113
-1109500369
-331912163
-1341761954
1618324738
1743928253
1367364102
1604851648
1445588272
-888668350
-1091918794
1691501309
766669702
-18748101
1654727243
146755471
624789141
382817436
392556804
-2026521299
-937612886
-652135126
2077942787
-481979333
-942733777
592738058
459153364
1517877635
-296810671
39290772
-1182771155
550357285
-645559325
929984364
-2052444553
-1967559476
-515091839
2108011987
-2116389748
1087856930
-2087484424
689808698
-2051057726
1307975301
-1763541019
1055704344
185120808
-2093131526
-653897829
-1831887620
-386781169
-1167864991
-528882870
-861334299
-1477996596
1251607018
288521564
70780625
2064568763
-1523394617
-1422069726
1251726739
-793851259
-1972790237
-247557713
2022382825
-333833818
-667872686
2025261572
-1162031411
3808809
1274397001
336486253
-46837237
-1320291402
267470415
827122985
-1221691885
-349324338
-330064140
-1508839344
-43364336
1201846100
-10314174
2083550961
-986819271
1248392270
-184614606
-1733100166
405096038
-159935507
-1996368287
-625838500
-1506033435
1853418698
1474047235
1199044590
-1082881906
-1322513038
2030976791
-552375150
-1175527660
368927524
1722452700
117154070
556432541
-21198632
1332514691
-113879716
-1741029995
-1926135165
355606821
475935548
38656447
-558634855
320964598
2111229864
-1995491188
-250951725
-189407557
702355984
1206073008
2063874354
-1131518855
-1088102904
1671721201
-1935673790
-562776722
865745704
-521541567
379088291
2128158533
1206400819
-1395682545
-1412817979
1917027460
-36450693
-1499058215
280046578
472548168
-1936906621
-2127221499
-365845103
1703531316
-1408317722
-1852655119
90089896
2074873511
-1346569098
-180136632
-96893790
506157868
922077863
1385393303
195663954
-345004746
1248071470
439542047
461005367
1009279756
-2064729115
-113015316
-767745535
-743763198
-2126034191
-997659866
-54533037
-2080446231
-1347890907
-780596570
-475793974
603021000
344674985
-2049791540
-1850080706
320249035
1193622998
190284943
-1419090873
1850993787
2144284772
144020948
2027186435
-423515345
821848775
311169284
-306738155
2006282178
-1279486507
581820632
-370806800
-2053351547
417447595
-1299398794
1127192148
-19353993
1815063761
2140486593
-894821096
173369011
1168635548
1190477804
-751762646
-1569385687
-1470597164
-1186206384
1916189140
-433497712
206048917
1079697792
-155253184
316346267
1417134714
333330585
-656443587
1889171306
145537527
926015709
-1498746045
934432579
-954621434
-725609597
1849270964
-1053841279
-1169921019
-1617033528
-1748059548
-2036614709
1307543006
1551445321
-1825445285
1598300297
547090536
-230123884
-1335200551
-1908324972
-1465133044
-1101314821
-1033490022
187816236
2055443371
-946500436
301400410
-1549952466
-92197441
-1891840002
-986352230
1130421382
1484839871
-204329715
1258270884
-1297775902
1831274440
158462088
-264781363
788881319
-913387399
741794248
1691681274
1857892648
2055611166
1904065573
1175467108
1201057045
-2022779889
500590981
1764388767
-2103226575
-1804707494
-600452555
-1949625641
1900601159
-1374942305
685004283
-1410249891
-356785570
-1409806021
340935275
-835064223
840133419
-1212983383
595384953
-1643992319
1474624966
-327991516
1654899535
-1811949438
1578007200
773971087
-1575490975
761947356
1413432500
-670698087
1768569021
-62937221
-550430979
-1096017124
1100064679
-1067115452
-426492633
-698579514
411404900
1444825813
901391241
637507834
1548886358
-1469882863
-1673235887
806170616
-42284471
1368076251
-305256448
-1237247686
1641964043
-2103194336
887580441
1670472737
-678974655
-973031909
-1911297260
277439697
-1021522312
1547067091
-1509468007
-1158245800
1698580346
808367080
1918491882
151167765
106353634
-1753569393
-794636128
195595095
-698140942
1942031067
-1668394599
-1826078140
525461156
-2123679939
224266288
-1812500229
705164798
582241358
-980120657
32206845
-1726361430
1028130251
-1483859455
-63228216
102472645
-2014679585
-557803861
-574742076
2018922487
762441640
2055734525
-1682525597
1122754755
-151941644
-1006374524
281456002
-28965601
1216954954
668827330
1134312469
2052093255
1865336881
370477344
800977412
-1648840243
-635348820
-932080093
-53092529
1736091636
1960778243
320570078
876220279
-2069706945
110839752
-1919998553
1467161376
-912040892
513824536
-877963507
325562354
371475653
167353121
-2106911223
618541761
-921612032
-1166791195
1092139890
980672493
-1843599803
-1849745091
-2118356810
-1204089334
-1825458487
426720287
-781263418
539522754
-257449286
-1037383645
2119451218
311536122
-4385133
-2054802622
-728535498
-914550989
-1458079056
1868728801
1893682483
-1297737422
-1776121819
-1591014131
1969289697
1428066275
-1253075254
-748721912
-1740928028
446698618
934492314
-190033916
-1597893282
1613710299
-1550797251
-1850966738
1024164772
2145655612
138952930
-1182243859
1545033523
1556185863
-233444014
709562219
-730765596
-2084559868
-329462718
-2010712492
-210623905
-1060181321
1092269032
357418716
823920589
1171119366
416714448
-391483641
929972433
1252927007
556024815
-1594039004
1829739192
-1691583336
-1107915784
1808495769
1907641838
1984513751
1688750062
1419088614
1507084467
-1208737357
-869520135
-588218141
-831590129
-1533629093
-445982339
167132236
-1879797245
579126390
784639849
1391691135
-1203968000
1695973771
-1624387636
684326275
-1443528548
1519564451
-1649364051
1632084044
191488387
-950617299
-628400613
1845829436
-768431445
940749856
1423610754
1869668333
343418827
-1732265370
-468319680
1925489453
-1907882739
-1469611144
-1798936457
1224742985
88414978
-114593723
1964491556
-1243422578
-1644984875
443754072
-847848848
1283770124
-346915901
-1089923271
-2071281850
1137914013
-694642998
-1670538734
-1177547227
1009190949
956204448
-1173390443
-1339749578
949398298
533682150
1755523101
2129849248
-1763993018
-1565206115
29348883
-829300709
1071379147
413774296
1618757266
407549123
-1922829464
1751267507
591080014
-2060314066
-409202182
2023241859
-1083111247
-163124288
445408580
582291022
808211270
-318896323
298215154
-233251459
566894426
-1157920353
-2108010022
-755709232
1724413920
1801618729
298688645
949580433
-716084843
1830913211
-2145619986
1132072460
1764240740
-449613720
187157129
-835191747
1280578827
1328654149
-1215357050
-1106140725
-1065673219
1527603843
-166499754
1766511669
1972915850
-980175424
-1853436307
-1126939574
-1227341508
-809451367
1211345738
349871070
-1373076860
1545332099
-1999475532
-2126691654
1756144790
312482267
-1630168251
-1434976556
-65655408
139502394
273150252
1820976063
1292551137
-1463036402
-252676307
-417905308
1133919464
993175910
-1490227732
-1951686158
1516007899
-1714080756
-1087174805
668710674
840498922
847341272
1701655761
139933279
1530482851
1431476291
1890585709
-822293227
-1388338280
1052095802
1162972153
402289415
-43787714
1077881652
-1963214046
1815033046
-1378792169
1613553542
-1264029113
-1868370593
-1557202669
-1170225163
-1127462527
121348725
-1861111757
-1287784308
-2087521309
-2095089456
97398896
-1809368400
-1032877310
1454207812
354108634
-1607237263
459771575
417755445
1163023619
39046946
61316387
1069752394
1730086557
-1453105109
73213683
2072696160
424990049
247475996
1791009764
-1207271231
-458504910
-18930170
619711369
-1161154155
1939051138
1877053702
1559336523
72539287
1935607028
-1267292639
-768406863
2105367052
201279555
1923954263
-329639198
1541328625
-1667141791
-1811489806
-1132554649
-923404941
-67205661
1465858590
1412396084
704641188
-313470053
189735358
3143912
1368577899
-991480186
433893244
-1880457901
-2088336709
1937356520
-1580812510
644520249
-1768609018
-604980811
533401640
1720235605
-391221004
-1769835213
-1205037171
-1374859360
-2105512624
471895004
-1346962710
-1825414958
393528386
-261492344
281780419
-917648856
1754216387
1291026123
1709457952
-858280856
-2055312052
1090246299
-995292837
1487667490
-16327984
1120240182
346114620
1318515511
335220461
236742466
-684513470
-802178145
1702086749
-63308747
-1623738301
721290854
-1288859470
109960950
-1898543561
-1608375305
1561906754
-2044284476
1741975631
611879580
-159088289
-959356329
385830476
-290100156
-1726275381
1573076804
-637475825
-42113913
225200490
839221157
-1271596437
-330530073
1932866873
2132746488
1955049794
860697945
809839998
719601479
18767567
-799746301
1627024449
1277184905
1994297407
-564926651
1411850490
457360456
1074528135
-1729876739
1022725259
-24357757
-9465231
58673671
-480417680
1655995605
-905529610
-74677502
-701756108
1709058774
-111431469
-98779303
1271139366
1999889088
161262678
-1843919487
1070608460
1206542165
-1315919240
-1441794177
1869683352
1022544896
1021745712
840897453
170650969
-644612806
1280062213
1316273596
1733540596
-592164049
1870619877
-1968548868
-452023341
1796469408
-1654230731
419288282
-1833758820
710025226
-1167589079
-1756178262
726125990
-1852503800
385731924
-1969036377
-1581848408
2135930869
-586044798
882005047
2113407411
-836342315
-1688334395
-1771081358
610551393
-946028939
-1341625907
624254437
-440166834
-263796016
3985277
-1417350510
716680135
1625898419
-956830790
622970427
-416341055
948563620
-89837435
-1818106657
-1379450611
1462587136
-721115317
971176836
-1766742328
-1910831773
-64163205
-1413481417
-854145513
2068208459
196301913
1303281233
4518676
-266510081
1129107217
1553686267
1720145155
-892605523
-1176980977
1171416563
629089736
-1439837742
32909453
-516623729
848098461
-1568798242
-448029331
834663682
1820254207
-1182363881
113248328
1503770589
1502870249
1055862972
2001958854
-467386919
-1724624572
1049079662
-968528593
-524732461
1790984093
558615755
-653468350
1136711447
1372656152
-861523620
-74519995
-613089312
-1217388892
140594352
-1975604387
-436821985
-1100427665
-385641528
1470207263
18034299
1512917660
1346814389
1381586790
288658841
185385011
238026368
-510835610
-1420947556
-1695191207
-1253502903
681219329
431797743
1928067520
433650354
-1181475239
-700790463
-167467936
-1459834755
-712029019
661714385
37912678
526826355
-347769016
-677308437
-980701332
-1567162745
-1653743073
-677755727
1814116075
952759867
-609877990
1037966110
1912346349
368122691
-134034674
-639917752
676894726
352078695
-1447082808
1990472164
399770756
114711725
2015982948
-1681703409
-1928314651
-1309327690
-1993311520
-701896885
-988547191
-2139074968
-1978958357
1386984903
-1093317720
-434782259
-1214603261
1469705954
-876066939
-1822277062
-1667221826
937381874
556366307
457982643
788654182
-136957632
709916344
-576294771
-1608090165
-1758505641
1759325984
-462198699
-1602323115
-606082946
-1253157740
218015984
-2137857192
1685156993
-1866581157
-475187453
-1814656084
-1938371401
-2107183040
984257172
1747722363
1754609217
-1201310332
-826481935
-1042570660
1891717263
239033110
2094365904
600825249
-1153203672
1680680449
1017194167
-526032660
1510993321
-1151386843
-1968324706
-140916472
708457230
-1399176919
1307651026
570652149
1661829424
-1830605393
-623399909
-1880687292
1674951566
-1430097463
800981793
-1782518363
-1662076849
-1557595732
907939083
2146416574
914020999
-696716381
-285561496
2056441917
91393209
-203451834
1384265554
-328114384
-86876260
441204203
279753680
1238110355
147181858
-903550629
-1391613316
-1776100822
1258880949
413040072
-379105179
-214906223
1654377923
-493121026
-2096676554
1961702801
2105883004
2086854873
-1127012713
1333973428
-1978798886
1520579318
2104357330
2049088282
-171619871
927575981
1145342906
1235324813
-199985368
1024903486
1541086920
-584214573
1113010327
1046820937
1503813510
-1621675452
1621778545
172997251
-1372686545
-1955417445
723305620
-1382971225
706704535
1680681744
384705535
506771369
1990551368
-245476699
1196284053
958986545
-2104981267
-1579025216
1825681696
-1969131705
1614813428
1473836537
1860857751
2093975370
2099826286
-1957012939
925591459
-679735258
261489720
2124134387
1603207519
90111941
394724192
-1205365531
-952490913
489266117
-159641664
-249616446
953994996
-348259988
-58909969
-939697318
-353477203
424282328
-48348838
-786534678
149440287
1907072890
493647277
-1632581711
-41267223
820393413
1164902007
1994966979
2103409394
1724533793
-1953453556
580566556
1986738676
-830887130
1208868013
1425753079
-228941250
-277679354
1622334694
142056288
-1945261643
763506249
-1945632201
27058952
-2079805413
18570176
1824500214
-1054985384
1906235539
1887380403
1158944371
645331144
2091513700
190393436
-872309668
245899120
1840060413
-779435623
908837475
1533273054
1955258168
969655260
-2147338467
535125290
-2000073246
-654896539
1352974637
-1628564408
-1108301957
1182196915
-1554805343
1379220637
-617905863
-929511625
-1439989605
876175828
1126841682
198717258
-691770316
-484532495
-1867745669
-710288799
-1908321892
726708901
-784916565
-448697217
348196997
-331250460
-1834591196
1584267754
-1574950719
-1106120268
-441035853
1933682721
769815081
-42209976
1737393973
67301900
1277554369
-114141875
2064607581
-1993925771
-806479079
-1973681278
1079656373
1946578871
-769040139
-569051762
-100167710
-538712140
516460592
691641869
1543544107
-1191431412
-329612836
1198371563
1815394876
-1444962166
-1793308242
1402014965
-508857562
463313378
-594503271
1609198765
1191236521
1249879705
414661560
-260491171
308891062
-92460476
1948763760
1734117230
-1422982098
1131434484
-320803115
1934561017
997359088
-2136480528
-724558516
-669203554
-1055587054
-520557404
1932208242
-1041218412
575878765
-819042342
586177084
-1146919935
-302348962
1306819879
2038375263
1730109580
-1131628597
12574887
-763485966
579773487
-78602652
2127126764
711546960
-823452591
-461402837
1774243635
-1318204093
1100054291
-323790795
-742803752
-1830431138
1815286250
1706088625
-1702389749
1427887017
-1442527891
770129449
1722194372
388967299
-1348224401
717008904
-190257421
441561540
1913947216
-163249317
-1140839684
508681505
-1446790000
-1886943013
394125666
2043178708
-440157276
994391851
-228823871
-1299812228
183274252
-629099171
55453953
222997569
-2025823067
1344145850
-1657869112
-762051781
-179809477
-1475874622
-1782075856
1138247188
-1170093982
1554325617
769343162
-1229098005
-1104200827
-1555563581
-307342719
1835893627
1936401983
703036026
766265010
1509628540
1300099561
1075333406
1458395963
2035275593
-1444107661
1596548421
-1837476926
780341442
1119849079
1236777492
-1686850600
2080518259
383562891
775979269
654969454
48368373
1766108630
41052906
-125042553
-733816172
50556389
-1703291599
1466834735
-1020870607
1300371391
1082429288
-2088402773
-1867190678
-2129481674
-109185789
-1326063375
-270408969
-145726081
1825333085
2080031066
-1978183082
2005154821
166015996
208835477
1526507946
-437832583
-2011360487
-453173282
-2144646432
1251491629
-9573794
-1461872016
-123214061
1806536866
1682239473
-1042015176
1772919601
-869389473
822528433
1940484810
1491448542
1899606788
236479678
2124643224
301807000
1416748190
-1457569474
1531412064
-1401970149
2014974011
-32229794
1590901478
291929094
-1953034303
-1259343209
-810770973
234590142
1866577659
90750002
1238585661
655495313
2048731380
-1280494067
-2082563209
656471326
-1942880632
360721567
-306888086
-31705611
-363509193
-757747912
450127157
778097274
-449084100
-263063155
-36339343
1902231566
52738525
420409716
-1456269399
-1441650833
-93290748
-2011874069
1162781448
1944818783
1228773647
490878046
-592324524
1513421699
-1272818717
1428436265
1622171675
-568739186
-515380665
199956570
690913323
695072414
-1627091346
824365500
899967046
-2114978587
45410261
684358416
-1833101802
195856780
1464801871
1455050653
-1435827106
321263827
137800285
-814785557
-1958995598
1061004924
628740803
-42211894
-1302755096
-1579319447
1880498007
289919129
-516449136
2068646275
-932486884
-1447263804
2143590560
-1591826978
1809928078
1949043086
-316330189
890704154
1245014847
-1334078448
-1895811340
-1266686452
1412167074
9791104
21141782
1263347356
-2051534298
-1616450378
1231006343
-896012560
1918657670
-1024222484
-1616812956
359577289
-1262043041
860727237
845098926
1545454893
398376450
533848720
556349502
186169926
-139966325
1083451853
-329155850
30954378
-430409422
-557955601
1201341241
-175256037
1208767456
-2021970845
-441775204
-171996305
-2060044027
-1675301168
-1411451427
-470229965
-1294983000
-1395926368
696602131
2112951660
-1221725505
1720814783
422006055
-382970913
86806720
-1246036573
-1531736446
-1302687309
-263232393
-1475819125
-1397625593
-2100652
1395099674
1058355466
665041731
-2009372519
326949786
543935942
20105955
1353653032
-563963077
1376147325
-1811613850
-1864357095
-152679578
-1575496375
-1003411437
2069479641
-308212291
684566308
-290587348
1664713552
-1419725968
1983108013
-756966302
1930026310
379527374
1844536875
-2114105204
976270594
1205065246
-899798830
1665593491
-207652300
1427419568
-2134687931
-669171279
-337924588
657997614
1303143772
-844904230
-1807398454
184363063
306697766
399884153
-874736
484416045
791617329
1099374431
30396181
-1350650546
-36477944
970324472
1445548964
536959233
74175996
285052607
-106359163
-2096438926
-1729272793
-1616915213
2135794467
1422240352
-1166088275
1135701130
877330030
412248885
-699576251
-796972442
-1504833278
642302038
-1730702089
-754732090
-1937109112
-454658628
-2147324633
-2076779265
-1467382436
1515218627
-2000677423
1197981546
1462953328
1319176002
2098767637
-1370637664
-955595409
-1532106277
1227079158
1854657764
213657381
-366028909
-1890812322
-265998624
747729949
1166429348
-230346395
-1994883436
487526283
-1496027503
899679186
-1287404149
1586143852
-1426403461
827762913
-1643071921
61375979
-1295478093
1759700294
813530398
-1856311290
-471087472
-265927055
-1726160931
2023016049
-977401983
-1216378348
-740038324
-1029948486
-288374683
-1320125983
2018153338
-385377619
1383504921
-568377448
-1062722181
1848697849
-1797718958
-978684608
353056857
949166611
-650540627
1526166964
-1286039737
-1387358374
-1897713404
-1546210976
58421020
708782715
910631427
-1580070068
606372095
-1864190698
652452602
389382746
-1707258786
-1224533855
1352912372
-2027771189
1443849251
-1829618292
1708493575
-1348223993
1953456937
90464422
-19637267
817575581
-214027284
215438014
593284307
-675715449
-1500864640
-1405383027
1348836977
1525761459
-238528572
-1166128941
-107414182
997884606
1848701143
1759633087
-1403430252
155627522
-1078559287
1963214483
887273835
-1247027502
1547093141
2001299080
1574078081
-907597052
538525007
2035906030
