-834798929
-680439655
1220660375
966449142
-1953696203
-1235121829
-1043807115
-1777949298
-260047741
1578347954
1818988930
6005443
-1516333161
-127601880
864498655
1416601828
-468929214
447005222
446425152
44304207
446146606
582466726
-1548961146
-1257858230
-1079790301
953678892
-88924499
1427534099
1292808325
-700007690
20493287
1052662325
-2124386271
-439165838
1764201993
-1806211812
1474958632
962267375
1141104934
2040218091
-1274973574
245977239
-1178121351
-778592115
-90827992
-781088356
448919943
-1557079030
221357364
-1088758350
-1334710139
-1043101925
-1840395110
-829408580
-1267414282
-640045569
-1123704173
2044369609
-1328704616
-1289625201
-372677352
738416449
1811081856
-576495728
991894180
49019739
-206055292
481029192
-1058853314
-575911470
-1906051880
-1423363757
-1171765322
-606180905
1735770363
-685197898
-838474706
1011642184
-271294765
-1042889932
244937436
552710690
-1109129962
754306272
-1552549363
108374324
-2092771860
-598922509
-1040545684
-1922221035
-1842742318
-98091041
1388836483
-1760903080
-1245105983
1055152803
1074969730
749999613
2108756879
103344737
-518660033
1702467370
-557650028
-2055022803
-2017968258
-1528836326
1784863375
-1714744281
-1631208847
2132356180
-1324135221
122011339
-1926102399
384573984
1852807037
366239623
1039339855
1817537846
1005378928
2075336589
-2007135243
1203597240
69169635
-143456278
315463312
-544024477
-1279475279
-1972331049
-1123361790
613157120
2121280178
1227321423
1098829300
-1628180449
-300194463
1404594913
-398434023
-1132574201
830563518
-134086201
-1117206086
1433042152
904188021
-855209162
1633221741
2021360722
-468615872
-431072777
-439355609
1522442218
-556103799
45641013
707663477
-1316898470
-980618158
-570046055
1010957062
225817993
-898565031
-325529709
-1648376980
-989321972
1383228790
-1230822662
692821539
214108123
-508916152
-2003699752
688715729
1849202759
1192038416
456251518
72337871
2079084843
1646402268
1543518429
2114833640
2047452001
-20451353
1588751128
-1684958113
2076970616
-1096344001
1365166420
-50211530
-477917021
1687905704
-1238488878
1237540269
844866035
-1106418752
625535552
-1534820088
79310536
-413700253
18103115
1051523989
191841669
1964131920
990469496
-1256615187
-800756862
-1161006836
28968500
12252793
1494076742
-1300659962
-1104008151
1495508024
-163398155
219450619
-1994861102
1435030974
487471623
1992527771
1811332433
242661759
1864982842
-1115714451
-1574773376
-1346864051
-1864033335
455057135
1010973765
1123608351
637230814
-1864148992
977897001
-123169517
-204749756
-579138174
1740918571
-1845295691
1654483296
-715980741
504302802
215748481
1118521697
-1580172293
-177332863
1416853158
610240182
-444705276
1639805198
-1977308148
-1066051648
-619156059
253339284
-1046153064
-738161975
37491496
2006758280
-1629316946
-1596664525
-1199736595
-631937014
-1279554569
-1816763916
-2030005546
1178756221
1642798435
-1168092351
-441055258
2005816409
1039755121
-83547255
-1807541724
-1965784513
-622307155
-524791388
1738909893
387062093
-1475478406
997139532
-384585591
-1269192781
1262750737
1782272203
1621618276
-928795002
227609545
-2109251338
-882669471
779127508
2012182680
1882829913
-769204029
-946052105
-719599143
-349087565
-1933445267
-1022833874
-1399174321
-1949076060
-1017184893
-1965897623
1857164137
2115452836
1871707984
1408700515
-248866361
753509943
-1888302999
-859668490
1299034620
-2103365282
1860986387
-1367443286
1921511061
734904912
2133847009
363721358
-593645478
-361288854
-1311088991
-1540794549
1879795155
-510078109
1026025848
246708853
1154203405
-1294477373
1080344908
-443858140
388422046
-430677355
620649057
169269955
827959525
-447862949
-406858682
1422292263
-1760223594
-1889584319
-384909326
-1172044317
1806227317
1318042774
413901865
-1494321447
1587892321
1807220087
-1949572060
92812308
217966483
432940492
-241636240
883040469
-428659161
1192722552
880462358
1157122539
1016221148
1040508876
-1806528517
-881399481
-1575057641
-1341848261
-114610551
-76312881
-343536851
302930004
1563271567
722436722
-1286359327
-1739704084
1376753765
1200993148
-995921621
1804159130
-1878918060
-1711814358
-1044958661
1787627367
-1936262860
-508352383
-1842940228
1675198406
-1787990955
-1482685605
-351919267
-626704959
1055514018
2008663234
-1342366580
1036846453
-249338109
-1039044992
385750660
-899416896
1856843267
-1659913226
-1121427062
-307217352
-1337240653
-1086972372
450737778
-693437602
-668172595
1374348585
-1556002968
1960496147
758080539
-624022907
9476332
-2066638518
-2058489575
1524257084
927098654
-1728094978
-1413612327
-211013948
1977097019
-1826242202
-1376672986
1048326496
722638183
2127044967
-2137018900
34805686
-536654164
-1565090742
-1382108970
-996536929
-1015081150
1451897006
719567673
-514899394
-788007664
1272124096
-1264597968
1059408723
-896014734
-1726369368
109393159
2045045201
-1559327427
-1310318522
-1125042724
-1160903763
-2103441921
1242092829
71999619
1416488696
-809275510
-694487665
899857834
1915628079
-234625357
1406902346
566374461
1619049937
822016599
1064495874
-913394933
-2084371662
-1123558498
1509590880
844926121
2067463311
-1198076285
-63487175
-1601643114
-131143071
-434069869
1265489923
-387437408
-532092426
1433017332
-1074741884
2087114117
-1686279876
975692968
-1733561397
-152093220
969180127
-1409614317
-1991313308
495186997
157523351
-505478470
772037318
-2051400321
1954926010
19327053
1252631568
1822610602
-1850281960
-1905155609
997295604
1123573900
-675385593
902832787
486900979
38691848
1200888508
-85294062
1641779658
-1185780627
536519132
-91597350
-859355605
-971210213
-1561297070
147609698
353745072
-1285185684
-2032045726
1922836636
-100787188
-1972096560
-1718628866
-1841258557
-517956221
-169014983
-1303492520
1441262422
-1720699237
-1145480774
-107480136
680436067
-931437036
-1273449622
2124271503
1099781384
1590887444
1946162318
490571979
1506570038
546153894
-1084917258
2034769004
1331056568
2077836133
-2035707481
-1002301610
-990119309
678696820
-1710787654
-1440600215
1010881775
721479344
1636599171
-46181938
939931669
364521769
1123609332
-85933421
1589107258
-1337276979
-208983485
-1913118342
1330009436
2043303269
-981473845
632711181
1833782698
-716824379
582537263
925512950
-1835598775
-1306571201
1486634692
-1792608116
-1626922411
1763308120
-1099891152
-2053515599
-669800411
-1937770562
495996238
141185498
-24023853
-126479752
1140990549
-1622011026
-922744326
1741697631
1555439160
553149780
-504918079
-996792116
1053676110
-1588383545
-1048085224
-515869294
1972583477
924358252
1481013313
-71274706
-2030003212
-1356237915
-398029934
-1931068867
-1788016545
-191993561
142207608
1491747886
608396735
-886688055
1188070079
1342649655
-1377852751
1035829407
1775689231
-1687384692
604528462
-348827321
-526182471
-1298046514
322527884
-488706686
2054482611
-1158550847
1163231715
-2088186618
1111104481
-453387198
-1600331981
1814154385
360236182
1460189047
-164716316
-309007039
-969588391
1161595975
1043040335
349254946
-729691925
-1526538740
-1056896420
-1491696376
-624824440
-394879097
733662827
-1294370913
-141780371
168655380
-223168649
1646108096
-440719462
158716958
-2133468296
-649679867
652004825
-1565898028
-197718775
1146514847
36796670
1196856092
-384967861
-40464282
46114415
871691720
-1932841976
-2130010575
-1236466202
1288362759
-1042623462
-923289753
1564074613
1717442845
71029262
-1365974314
-323250230
-798754218
1703874307
131073731
-1443719244
-1262080457
-422131240
-717168831
-249773083
-580314633
-1658908538
-618363450
-1460854791
773995565
-18224183
986799610
-350347338
-66807862
-390061819
-390300718
-1864100459
51665480
-235819416
1529272029
1480164737
517091619
-1918933685
1209655005
106389470
-601750904
-774289699
1405109657
1346857164
857210188
489916162
-744418831
-56668244
544355359
-588359304
1158697010
-178832670
-801884160
2028662075
1451881387
915852252
-1472371213
-1721091541
-773800576
1266671443
-905323534
725124331
-915129155
2091814353
-782677728
1941093643
-230802514
-644206478
1500908868
1296111976
1891184237
-964989458
-1886758028
146052818
-995723589
-535325738
622351376
380321008
953454867
-2045657059
-578467342
1341738336
-445481220
-1486446887
-1275615517
-1554792158
511640223
-71319477
-422960304
-346376139
431456152
1670892316
-1160886980
1894301570
-917269232
-117895447
1573083768
-59371271
-937966325
1865693953
1141269010
-1800588807
-1055212290
-1048232595
-1261266677
37786613
-818015324
729321008
-374235573
-1343808684
-820735983
-901551409
1547002329
1801433239
-956477946
-1469725165
939873094
934952896
769414023
-317394932
-1175747734
-1138308622
-1639027797
1398422105
-702173870
-1150194348
599743154
1237392551
1275681400
1633453883
-710492324
1327799671
1112118836
1920488584
-2069809800
1944322851
1226826867
-1960201139
1247841722
-993849054
-981373018
-2121797450
1640443601
-1103473270
497328636
-1244417498
-1523584071
1883261654
-1029005870
348618912
-551216307
1809601001
1484999018
-668698776
48110879
-379533230
-1420172837
-1562112279
-1090160756
1345961681
-196916920
-1985863463
1539623690
-1408101350
-1262058412
1801489050
-1238968637
-286722088
1835735764
-721939997
-2084296089
-1328670220
-570404922
-2002751585
61382974
2090535446
-1039440766
-718035691
1504508540
2036632427
-134587601
-1133576376
425796312
986112169
1234955384
-1363776352
-497482914
-757312433
657761406
1946486985
1517742468
-2015526607
1335122703
-285211942
-1729373060
828317491
-972129512
1590641082
391607240
-1508288428
2120928600
-525243713
854983442
2002840046
-1509180842
1500982935
-144363715
-1422223813
1944205204
-345243541
1953775799
762685979
1838601221
1559272256
-235485424
1136827155
1255315387
-1452410463
1961189840
-1400438375
923380452
-1752325253
-780025212
-192908402
-2116749321
-150047161
-470795238
-2141453557
-1526252247
-732214419
-49646738
1300260191
1769816358
-495247129
1901331748
1420101208
1466965757
-615995355
-315411273
296782785
806083931
207183664
2031941842
318606636
192660731
-2099603438
1132787934
-1362328591
-1279186340
-1137896844
2052542428
1956001654
-1195336011
-1032975481
-204789644
-2124273232
-2143503322
-1515788249
-1413839284
779667432
-1405812433
843767102
1352454301
1224827842
-1097699483
507263590
923202052
194525306
-109911710
218708690
359473557
-521600911
1795116029
1286242413
1091545398
-1138827544
-1714921798
-200565437
-1178780375
-909991414
-697813116
-1370992864
-374687510
-575889105
937368985
1863274870
1917408570
1363131230
1426880453
675670403
-603870341
-998819308
-167480878
1561694387
1179327038
749313091
-15334082
-1119919806
-587440358
-646017635
1952209198
1395075365
-2010416705
733384209
-1829655134
-373143766
46148682
-163115627
-74889750
867481181
-767709991
1094058022
-593951143
-1666651218
-444769182
46935564
-141379273
529885648
1633523392
2137375842
-2143801605
-1167249565
654635022
1050470869
-569070151
1072063316
1217098552
-838706260
-1445370919
483713924
601929166
173299463
838980105
-833840729
-2116102885
275010155
-285187980
177846894
2112335990
-1159705731
-1769827533
794514152
1382741207
708619533
-1570795004
888064037
1971899821
-62385834
-910493895
-383701732
-806465811
-775789437
-183428622
1661309646
-1270485906
-1914360971
-276740210
-1105348950
-1738042765
1717760707
-2080530338
368358195
1075393417
-1371526654
-883979365
992057056
-185999469
323481413
1532688026
-1717435070
-859916253
1627623143
1744425789
-1797568916
-1303751158
1564720007
225216940
697460878
-2061732814
-709442989
854806853
-938321949
-209652822
-604553335
888120528
180424909
-1270706942
-1707927749
-1070840329
-1915531203
584499928
1178777170
-1629649932
-1109367208
1790831026
-268116012
1121106315
-619835561
-264546034
710117993
1651324475
-1213827410
1513560504
-1876258278
1182795440
1365821552
-61102758
-1579072932
1635733627
1594291441
-1500017831
1692662861
1537029380
1028229804
1767116510
325811516
115175358
1803340391
1496257074
1166248303
956834717
2069387668
186114894
-1718943969
-1695052859
533018362
2006171058
-1938582073
1279492995
-436480620
1525159285
-106443363
856234368
1202618809
2100690845
1944179552
-793009613
-1181584260
-1569502288
732322900
298843543
1373387093
467870346
-2117943670
1307182110
-1268102656
209272433
1415432549
1279217380
1487078565
-1263529882
-266395048
-882782425
-1783013320
1779132093
-1125570060
-1479022345
1868432162
-268015376
-354570975
554632489
85499936
-2067465041
-1054480725
-208613743
333430123
953018426
-1334143744
-1993175441
-633124327
-946584077
-403625929
-1887871959
903914946
-1544807122
526339156
15012922
857538150
-521194421
1475761098
1920944746
-527619954
-90935289
-36944320
321563455
-1002416720
-1030925298
-1541367912
-1056800589
882199767
857897172
1451674412
1642155558
1452804483
201394852
2063697754
-232736875
190833869
-1585928712
-1732453054
-1626068980
1925491919
2127176971
482265294
-1797067943
1313033794
-1927466324
-976147214
-1333940478
-783223705
-1816414635
-1688678348
28745336
-958020821
-1466995332
-603906706
1715637899
1157009285
-1429256664
-782455598
-1478693856
-265864670
445599430
-652814033
-2060492254
2054524996
-1749070020
-1420630670
834235062
423024359
1733386046
614037102
-469549134
398484517
2130906593
-662870817
1848303183
-21632293
-1931940243
-315806804
43061788
2055101579
268803702
934704748
-933774539
-670399101
317888813
152409130
-792607819
-1809397953
716336115
1568854636
446199912
-1186753269
-1534517201
906757234
1388394693
674666220
-407835040
1621670587
-731270630
338728640
89034357
685502156
1860180488
-12411996
-873875108
-1294063821
-1097851854
361682837
-604786728
-1183361078
2029285169
2011712345
-1456547177
727712312
601375946
-1787935585
-697837693
-1670030659
-29161117
1021254245
1327597655
-1853590227
-937679183
1412418457
584775286
-2027110852
-331629130
-844340221
-1196482569
-442874627
-495416342
1203719009
360448516
1339857060
1804758968
-172236077
-742427548
1588018835
1121730603
-823454599
405645909
-1751841645
-1333859351
1138669914
1508797599
-1814580383
-430238881
-1157957241
-1364500251
-808327827
-1876061635
309529215
1919611453
-1867446819
-2131842011
1105784789
1859694339
-101073961
-492121954
-1229577712
-27971606
-1554430464
-292607410
366821329
1244978259
1395821119
-1747751576
-66900677
-2110382111
-1937383995
281909602
282084750
1789715788
993970513
-317480469
637567765
-1737856394
1491291568
1499083548
494125378
843432379
156527747
1627325677
1392344342
-1181051764
-1811416764
622883306
1220917190
-1571226818
773846666
-653572827
1040375707
-241533409
-1253833844
383972206
837739289
-1940024374
-161112605
-319310911
240636515
-934661956
-1629471853
-746509569
1615770333
1937194022
2113044811
1923849953
410872083
1062338052
-929163028
-581901271
1641471193
-213525906
-422581177
882211865
853719986
1188294189
915064875
-818571991
-166167179
-709926768
-1259689058
869589747
-2032955603
1953267328
-1384691863
-480280206
-190527423
-1096944942
1117811161
-155625621
-1805414956
421310428
-1364749628
-2065912790
262359150
2045533770
-1629140022
727704689
1985482715
200762674
-1534402340
-1503290707
230666579
-2063933595
-906812158
1434027627
1364358106
-1599335929
1385099096
-1139808503
-1731117335
1655060577
833969241
1434740144
1069352782
1246279925
174088031
-2133810559
1222485584
-1516562478
-2090702742
1459740942
-96698602
1540176425
1630151199
603490315
626628168
1648348961
1677036564
443770948
-223870986
829026791
530969930
370409170
1892206521
-424781560
1702533882
-1624758647
-1781942505
-830232830
-267391084
1876487348
891264555
746106903
-1688351228
-400196349
-295042427
-1512650396
-582017738
-653502268
-1316464562
1966175538
-2077120548
-155955887
-228120144
-766246772
249900142
-393617975
2087571572
-403511791
-1684215438
475862018
1490789868
-2138043893
1299655165
836168894
-420623086
-748805185
-882731399
1969017628
-158008591
-1444878330
-1006547545
-1746149552
-250289853
1825360156
515246567
-1277375338
1146953563
-1954390089
570939063
136108643
-393880251
-2102472357
-1890772359
1668746461
-522685142
1968949228
-1151928200
1934393485
-1653682439
-1655779708
2145537836
1943127379
-1778757052
-1522456697
-2111580483
-1227721575
-202534297
1987473395
2082022341
677082827
-1471014673
-456547332
-1063218598
700427270
2051404344
-2052237097
569793866
-2106463217
-55386025
-1995096106
1196778920
-1368747642
-1769252806
-1676917068
-1386320249
-629275558
-285758194
1159457074
1573966085
2070738815
-794817056
803112930
2051796107
-1546760737
-1964623482
-127936447
595646290
1249761933
-1213461313
93045259
-156232920
1178234944
913460889
1159544267
919030387
1053881342
-462594285
1485047985
-382772874
-1881577705
-1025266686
1112621479
1754998738
-1612309420
-1543237576
-2077736027
-1507060144
-2141942672
1218478306
254955844
-79100707
2029157831
-384062159
1911088529
-925813547
379679565
664695867
1727249956
1797557124
1213044417
999576868
-1089146256
1242495208
1496093217
79445368
-1796297637
138217148
764152928
-2129831461
-1575791088
1539036081
129940822
-1568289564
1384796436
-1201209602
1882344695
-1561104316
335579799
1112229915
1168601543
35980334
696090892
288155336
-869727603
1223979251
-1461022981
-2083725484
301330246
1333853931
-297562347
-1720133861
-1403169444
419080347
-836424311
656747855
-1832180969
-1177687276
-941720939
1795775483
1597439571
806467737
-613379489
1790108997
269378163
-2146471548
54554116
-1677504269
1540237717
-774437015
-2132004367
1305607727
-116460281
659533435
-1577677454
-785199730
-502585096
-1638416082
-1592787064
-2064718002
2010935154
109885982
753865982
432873951
-1692797305
-125933522
-1826229314
-199504732
-463479350
312393972
-713767072
-1111104774
1658554113
-1452149420
536732419
-1738937480
-528499176
446213226
1471786080
-133625992
239004759
931694765
1205183515
-603392298
98093783
1936022352
1670061916
-1372843017
-710129614
-642799125
95389342
-1355903987
-724200071
1738762842
-1995887162
392714136
99323498
1785469157
-779019913
1619506991
70185186
-1627288415
-931445340
-319801217
-1120856176
1070804501
-1738260122
546736020
1730096107
379417631
-308530161
770805847
-986053787
1478478616
1031053182
1277015127
1607605216
841435702
-805866572
-1177085749
245525345
-591078606
2126727079
398217431
987494146
-473188310
1798425430
60483598
-320903891
-1742773305
1118488349
-90468040
-540999929
-416907358
-2091434935
-381944492
-175712983
-1674959645
-359826705
1113628384
-103285867
-1849711829
847790329
1252580695
1355747559
47499699
1133000321
-1898676998
470910154
-908779851
1319132001
1404124883
1550864813
1658890506
325270026
-1879835402
1768824247
1249062932
246412181
-1932474614
-1118701832
1315247581
222001431
1163510535
-80929056
2048733056
-1184659912
-1360734656
1605212404
-228769849
782119174
708074147
-1795264322
-1081542635
1857168134
-434150336
1888611076
-1193172090
588304268
758799111
918623805
1848565844
1349335884
-1463227179
250572352
-1578169476
1363093808
273587121
-1030191298
447759008
1720434795
-2036110254
1301869554
-522379217
-1572208691
-809076508
1029888790
1700173250
-1656057255
1577085963
585232408
786860233
-386934508
-41670617
651805453
254612838
612122143
870063833
230988774
761568152
193602823
-1873339194
99112160
2088172188
1218579548
-2070966885
-1950750655
614506127
-1189563264
-2074837936
-1929403072
-1652276136
-1750573120
1122751407
-173195196
1717344196
2127921064
-853957865
-1452002735
-1792602127
-1000316014
-472880259
-38396993
-1653232144
-1995785088
-2027243341
1747852844
1514897830
1158744619
-997291284
-763272781
1581390066
925189467
165631103
-650757795
7617812
448355193
-223637525
-527131945
1569497676
-264417438
2005873179
48880997
1226665409
-2015489155
-606831382
1154806806
-833636956
1385132303
-1376717336
-2065721543
-1639424107
-1090744115
-1256946338
1190924559
-2003697339
-308283214
81592719
-1043947071
-1666078884
-1174596846
2023795264
-1645957484
-972642660
872583919
501635195
1187721306
-495723707
2101234059
835348111
-757525205
1934817979
922763582
595301466
-1370912427
-317138074
34877833
-286561335
-733127792
1327224537
194355306
981592479
1792667766
1885055541
-439073551
425487990
-1414563535
1379694799
1837334291
-1784923133
-1090559627
-1256401648
-1010239299
600375966
1429678256
650703772
1382794284
-1919925504
-1526523264
1045130422
-777614469
2003994701
-337667483
-977391645
-1540053635
1585167957
-1849231689
667192780
-279239732
1228154902
-1225460006
-1384022936
1194077730
-1379157371
-862414673
1902868826
-598458650
-2024153203
702525773
-2054050153
-442100470
-920132265
-1924176656
-1359200949
-1382846701
1637653964
-1843942863
1846268669
-1207049351
-1564216745
826231927
1666903280
-248747472
81096687
40444333
-1411027508
-1515754618
-339144876
-1630902475
-1537119874
621176879
70892952
99973659
-587314341
-1485336930
1372154080
1587240589
-2106738037
1207619989
-1842178709
-929445238
1634459812
1276072959
-797983021
148023258
355661461
1437285885
455149971
-1381678787
832584645
-1741467842
1021118665
1672515303
-40977541
1856553619
211917884
-1056352726
-347175808
1167677121
-1402590561
-125431691
-1570425086
1204195481
-1809794026
174968188
2033126586
-1909028282
480491770
-218725192
1824898897
1018291173
-405647143
-1932359150
1543827711
1205315930
-821703232
-707520038
-841352331
187253089
1029593019
-1465307139
1166493949
285063651
509471900
-266264969
-413033506
-848493174
-371945477
-1450141946
1745872900
-1254556009
823195518
-2080367584
1169990368
1136870130
1186543450
-2078536410
-1741574771
-1132708478
-823971047
1084015064
952515891
-567742273
-532883811
726690059
530081200
1310873220
-846177436
123182746
-16635276
1082812713
552672780
1891691673
-355190356
765471185
-73283558
-205607984
618575266
756889599
663540214
360052583
-1913474973
-1675833745
758423865
1159505885
806174113
-642434781
-1282357461
-1928885954
1980186331
1466570939
312615815
396968085
-315404870
-1238431991
501215104
-141192034
-2147129154
-1005096732
-851708664
-761000512
2088125977
-1823884996
580679247
42475833
395210970
-1919354513
-896628343
-807117926
-2019322802
-360058150
-639898380
-1287569802
-225142366
-1396898383
1255905049
145212758
-487097395
-1056947949
-1660647599
-1708472849
2029385132
-773201832
465476234
-2102812778
935620206
1074579885
-1092261813
-1882591757
-378484686
-1512185373
2083351541
-808635659
1048376557
-1468380797
-321126838
-389895163
1469281681
820762405
-750329037
837076605
2078418795
-1249221887
-946311235
16050011
-1333132340
-34752570
-543060892
-614499791
1800975851
-556974934
-1034741868
421362528
250293001
996650178
1225550956
1424486789
2124841174
685666195
-1618669116
-979039694
-941165037
848652008
183752049
1195232736
1637532024
1583433189
-227158073
-1736007900
-965152041
-379861668
31214431
-942409439
2120401536
-1680455330
-449843943
1131946301
-75500825
-1453798379
44398692
-839008233
-712169340
304357841
581868476
717133240
-472032262
1938549344
1183265140
-1514881784
-620901765
-991050847
760660149
1146630786
1744701545
491819355
-1560638779
205623851
794040897
-753930678
-1710446452
711344320
-1569802316
-257615237
-117375916
575763502
-1148838634
-1998587175
-1602683952
2063650630
1834880763
788004358
-2089052577
-2042461008
-357436385
352713326
827243409
-86100704
-248632954
-1024108134
813975017
-1196360504
2087187684
973874369
1269059044
1937269773
-797460162
-1022441820
-33871558
1687103356
-1343270448
-1073899877
-1699636637
-258340097
-132073679
599228650
1706685532
1129458763
1464292021
-1162977192
2105882282
-729970532
-1939299310
495901954
1109353887
486386084
-1226367675
-226040724
2055381723
887598528
-435398474
1492324056
937740821
-753393812
-176288358
-554924581
-927230437
384323577
350447256
-441040852
-1636855273
2094147965
1161207470
-1432246594
158751507
1781181450
-409401258
1659893521
336655806
1508543009
-566369564
-1414072635
-2072822672
402626664
174236209
-2145072016
1743104363
-921107301
1485933693
-1847062096
969081187
361465792
1758843537
775844483
1195876927
2114586526
-245987804
1333620181
-465536479
734157679
-1589636481
1812859738
688122531
-365615148
-835052701
1779276446
-1744888732
320538120
35776042
-1756180647
1153861314
723020376
1604301099
-239612153
4239336
-1809515054
1018142051
-1870724168
24013066
-677224644
-1734537648
-692991964
1623460591
-1721139385
-1317428192
-860536574
691762863
-1244328956
-771279861
-1237125223
1719590590
-2109562985
-23174404
-1497888362
1594399784
-1192516055
-737032586
-2121858528
-2079026147
-1852690653
1093119925
-591024087
-1006374480
-1483924072
-1337785069
-1852731897
245118939
109210626
1299565997
781880898
2039934918
1893037872
-876719290
-707960401
-1886947512
1220183167
-52822422
2081655485
-1351568467
-2042628280
-1205382954
-894381554
-927159110
-1800345192
-1866292713
-1708462007
971265005
-2017715162
1067418224
-803110610
-1204421624
-1073385087
370862080
1363776490
1091388624
779577481
1453361700
1210150060
-2135458030
17648159
-1514139878
-1658434697
1969999078
-1440350689
2092232678
-1616950215
2104394295
536525710
1496200824
1403892765
1525385601
-1814820848
1934719502
75776029
-292826916
457882268
-859390505
-844347174
-1484389574
814347634
407967193
358141871
-1658121748
341986123
324154899
154454275
1727222378
-45251630
-1613410331
1209743326
-1927728045
1283830611
278913456
50130622
-1860512846
1699322289
1603099833
522258859
1397484418
361987229
1264895314
-1322617463
87420020
304541956
-609898181
-2078402388
-266585106
-584235063
1757169733
524972209
1742135127
2111803828
-874370248
-894781045
479598481
-466063703
-1377016586
-1469255204
910536903
1284971548
1571080671
-320647035
-764474776
-941590844
391080311
832503680
2112166770
2084692878
232977990
-1912918036
1987442419
-1132112940
-846903297
-1807950999
177312972
-1490757426
340483044
802997926
1972232888
1044347464
72251240
483825975
-1960025716
1836598421
2132693269
-768532821
1418056383
98812355
-1733139536
547423453
532986413
-1716039153
-847589478
-496456822
727693335
1152456603
374566520
816634148
17891182
-1167693474
203554070
-39884571
1155034192
-2079194789
638746504
1600013862
1965686482
-1151706603
921912210
-2039068432
591576576
169602881
-899406519
1641990099
297420577
2143966653
-408749575
2050749174
2080869694
1320574656
939083081
344149103
1611893989
-1648969133
678272157
1107218900
-748881878
-527184640
-1952621381
241216274
1406934766
577678536
-1748396624
1969386108
1107728227
342260057
409751796
2106092070
-1455002929
-1220639872
-396782132
-1504562572
-1758410097
-67438628
-1950232593
2057819629
738496862
-1802436396
782335084
1441480276
2025395415
1847759818
-1367064374
1610835705
476711736
1896701328
1547686000
607641676
1551206760
1536655898
497894471
1963489458
1684888890
24912757
-1095907171
630595227
894257139
1212474359
-298728116
1827622868
310107401
-1384327240
1439163419
165915161
1999898925
-2086889152
-760506013
-869830418
-1672378997
-732531327
1554060021
1791564974
-1520780464
-1511726329
57061691
1166558947
-1069098132
1550628973
1835167388
666798040
-165204328
-341322222
-608970459
-2055202451
2009522586
1327773453
1060733541
799232810
-1195060793
1135517021
-643626601
-1363455083
1373576649
-230732443
462889990
2030267079
274759330
1194495126
1871136685
16652860
-1189368591
654169965
-834610147
862174699
1231115890
-550632800
-521792093
-1070976362
471951307
-695616621
32956073
1831865698
-2060407164
217521169
917795676
1990932650
-1397221545
-629521096
-1313827953
-2094790129
-1184691031
663631283
822308574
465774035
1832302936
527978286
-1800294634
-1354120345
122958775
-498450682
-25279276
2071013186
-1870408490
-1219674560
838457963
-152607245
1099448326
-1664295747
1817973003
2062337145
-988029285
786877355
-1781470178
-2013902382
207868915
-815244483
866586357
2045728209
-540037705
-1004953699
2054271139
1342001460
1745704032
-496930527
50031145
507890421
2133655549
103594941
320160467
929601248
-1719061198
1639371192
-434135328
1281671525
-1396502909
58176930
-1897859992
-172462929
1499682258
1247317893
-1223136646
-319231244
901067302
1704837466
-679950716
-467555826
-428380755
553209535
1452952567
1689109579
1884133379
-986739739
87585323
-1921430912
464160948
-1646049329
-2080729985
1352964964
1753351679
213771704
-2125135676
-75146214
-274230307
-59041324
1325533147
794158607
-107172031
-89703109
-731319140
-351453690
-705627744
1750756642
1212353785
450291824
796596402
-1339430581
-1372782238
558051072
1356418682
-1792252482
-959091093
-1631736961
1712655748
-1014676551
-916499284
375466972
-1540027027
1236657636
-728126744
18695046
37594024
2050200520
-316969359
177413630
14115966
-1984716670
-1805265462
190080679
1255166038
-1484339021
1931774350
1669880288
-1322512074
360184762
1069418383
2091406164
-574878583
724698149
1759810625
-498700912
-947892958
695386980
737828441
-706345259
2023655808
847901887
-1759397711
-636010705
-1899181485
-1022579831
-1594061202
444842950
1356952895
780533909
2058122595
313293683
-2028814369
864068329
-1378417992
2029840533
59494156
-406044751
2122859974
1758614565
111019614
1956443510
-1844998843
-1990060536
960056306
961693327
-1773086039
-1840542044
-1312930707
-2036973865
-1004034104
-162028106
1995033409
-1050885985
-1377967425
-1565466015
-624350417
425077990
422855702
-235114359
949672716
1206377159
1097294626
275621729
-2072526137
-420474318
298790059
-848108222
1591561385
-1329431074
-676552755
36951230
821085919
1881491582
-585370333
1728474869
752408885
249977138
98538529
-1635692762
-535686364
1059283776
857373377
-400086136
-1871718898
-707347197
458685281
-267352230
-1614078009
1877357091
-1029638933
2041967161
846526807
890258694
-1857492682
-1286707023
-644182531
15176581
-1856531029
710584853
-651874697
1624462050
-519048661
170891154
411092096
1510414074
1448589872
1071575170
-78153062
-355247946
1908204593
-1526792195
1526307853
-1965854777
-1974424757
-1849225290
-15404754
1419047825
-470348003
1744811011
617552868
-56641689
-1571557901
1487095101
-2104838040
-1266362887
560799013
-151250358
1826047563
-1207009270
-1398070335
315840631
981999037
-1643019675
995654503
-652448630
854521099
-386091247
1364818804
-1128890089
1710930537
2085737923
1372934755
413042194
46384625
-17410156
170570095
-1618895451
-1843746837
906125811
1947274875
1531511363
-398518449
-1549865764
1081188406
1731574269
1865991303
1088657481
-1483638662
1907600148
1654920312
-1011358487
-522690315
91284942
-1033828413
1103283215
186015242
1153382285
-1280126393
313438956
-538706951
605248284
339928810
-172501759
1473759804
-640263604
-2141029479
-1008942642
470657332
-1879903041
-1710110324
1751251407
-635253243
-539877373
419728846
-1344063832
76783805
286717154
-112226820
1781336734
1486280891
-677667337
-421321396
-1077116087
1852013390
-1690952828
-206365231
-789986425
1199939740
1961160835
1840011772
1121831092
180363972
-1636758278
-1130556827
1279446807
339188551
1150519699
121416651
-951973474
92623523
-2055010197
-1244894887
2128126158
1243022912
-4862166
10125098
687418612
1797957776
467856979
-1790621425
-1676796000
-771522703
857606620
120891791
-843788205
417875157
-1416718591
-2103716561
30417015
-1840239196
217883476
-441053710
1871506062
597621472
528120088
-1911221470
618770606
1143896330
856929487
1744849233
1807105580
-731508285
1558159378
5234330
-1384697705
1770476471
2103305632
-568365268
1168415720
-1813998410
1390539448
1701309960
-785760777
-326823389
1380096426
508089865
-230492881
1606169489
-179779157
-490412251
-829395323
407884714
716271593
372700145
-1976877403
-1342459053
1950602719
1527219050
-302065042
1220442893
1975455977
-193705231
889725600
65990302
-2005510374
533120151
-1841006892
-453101841
-1398977203
-1301846629
2072675244
-1459984841
-1748852102
1963931952
-1285210038
-143484327
-385315766
1345446786
-1331900667
-1349492341
-862979860
-153726725
-1801439910
-78625481
-1182496215
1672779201
-843178208
1828560677
-159076939
80986499
-1505091329
1186208985
1073899208
-1270174859
-240177630
1525388601
820944109
-1250755944
1262957867
-835120013
-523631590
2098064958
-1411704729
-1615183331
-665587201
1959701197
-1456638654
-582056547
-390024030
-1749676350
1646653181
219385034
1306934827
1625838585
-1051070307
-992929581
-1687733764
1113915691
1779112486
-329632417
1691475717
-1467093066
-796734199
1873296885
170464085
1794271652
-516584486
-2099882594
446936307
-1365269531
1502617925
1131033801
-271115282
1787304159
-319045054
-775851666
1765747122
2007467816
1338351495
-1320639116
-1939375716
-459171694
-882271682
-1198254249
-1776384303
-202017433
-1954082824
1640483077
643095371
213960693
197259744
1245122825
1607965748
212923468
339843891
-201186837
1748436855
-295073723
1470241519
-671472683
-803293550
-158128185
-784079670
-545602439
1248770737
1932949829
1899044197
-277716686
1170335224
825939594
-493947455
633352041
-1711352288
-887568968
1845807602
1252132666
2136380485
-968065395
971634449
660714582
1995234813
-1961558040
-1046045578
2081157418
210987948
-808420981
197311526
502886464
1438828566
1326386722
1575120522
-225142811
-1852797643
159461764
1453661538
1934414860
688659020
-344512712
172554744
-883776910
-1268246725
888890682
257106584
1808121090
1491622165
1139400445
395324223
-911145350
1659960303
1694661812
1992818065
1623596365
403490298
-1407892787
-1095023600
-1199261493
1536042964
-666178115
-1095773045
362296446
1993305626
1349846530
-818623021
1761078743
-1991509951
-394481563
1746820276
-2013439990
1310034085
-2068332928
-901489629
2121067061
-792329758
-1235238017
-1215413069
-73577529
-1119935133
-35704534
764026702
951739167
1619994423
-1469791966
812871456
-438818189
2137664299
-294801814
2037008086
2019782387
1964375828
-2063891671
1240071431
-843260371
-844716436
-1288536403
1938961394
1252853171
-985691361
-295053389
1967925354
707143930
-587831385
1065836261
1090616333
1706234244
2050113110
1242842531
515436220
-968868543
1211232754
-1072624379
910211910
517934898
-1442098298
-1452613344
-2032825498
989390416
-550717065
-78322552
-1481623825
-1872609621
-898075691
518795286
877904453
-1709424427
1706209779
-810186005
-1760014321
-728407168
1970253112
99622580
1124530730
2116027237
-969331401
-827806673
-689584672
2019562855
662681853
674038765
93464409
1340036856
492636587
1563936600
515622993
-2012634949
1416794691
1479063031
1173915147
-1177993365
-863489850
-232912144
-1740252540
-468355334
1279024253
201830094
-258267924
-297561091
1935173015
34947460
-1636596399
-569561274
-277833228
-1066647374
476921757
-1656453166
1218536255
-349975002
-997729854
2002392805
532132418
1868028580
845769011
862241395
-853259404
-1208108822
-1113144427
-24096318
771672279
859856109
1838253750
1122764876
995517696
-456471703
1758079933
835554025
1163649911
1120632216
201562531
-979733715
1758538304
1726201152
407431906
2131571982
-153067335
-840811277
1357732459
1009793738
122005414
425226386
660179932
1972656903
-1747730806
-384931310
-429350158
-1896477381
1410148920
1481719426
322625083
-36241331
420524200
-1605093556
1166715152
-121112708
1320238606
94196666
-1729341246
2004423040
1535018792
2130304700
-1976563437
879025646
-2147156777
1761615080
-878687256
1867310304
-891230991
1441748673
2135924795
-1710979884
883534933
1594868539
-1286478762
963726036
897041983
-825747842
-1075955907
-646567721
-820466468
297187562
-970392213
1576087143
1814681376
1702423131
2139946177
-2092324989
2123151319
95049133
2056635323
1887880646
875764218
-1219766142
-303247388
-1580910648
962883140
-1603763390
1129195403
-1637592381
2022825475
-1313073821
767580855
950645369
1389901619
1787722217
-2120802473
-148606123
1990985160
271321136
-1987642178
-1593349424
1696427594
983207145
1568913997
943981078
-689529433
-1012441246
-443906703
1554355944
-1840192956
610993929
-15465776
-1396209980
1059701332
1411593522
1861861054
717113410
1338155885
-2113136873
1448980725
-2064763200
-225781928
116278304
786024325
-569314239
142418472
-1431909275
2083040521
-468417134
2123828621
-1706874000
1993883163
-1299346258
-450781847
-190635193
-1213636087
-987216541
1274558883
-1305558104
357055176
-1491457996
-260841156
1884234134
1631772712
-1068476543
627964575
-1489206508
-590079415
-1372243227
-1590733508
1620902704
763023181
-1364595490
1834299479
1134228034
1403918414
1584815795
-1962976484
-674597259
-427216494
591222418
-952647177
531247238
1296677373
707767288
-1716191966
100853964
1043199430
-1299421611
1881060478
-1155102601
-924317587
196190703
-1022104409
-1202789604
750148076
207380230
1570804034
610342000
-1367303380
32743224
-1932472168
1046640211
1163664826
-40012506
-2132403096
-80186608
-355372358
-1348277672
496690168
1847375843
-2090302181
-1970151587
941579117
-507278405
-90201332
-321238474
-783621028
-1010151872
1455762093
1939240692
237169568
-119512298
745721353
570699424
1905348717
-1367536285
568631876
-1590761382
1697753253
-619118706
-1084920304
-794203964
1170077290
-267738294
-299046043
641168288
-1894210829
-1534042670
-1939607439
-986811465
628806307
-1736158091
-682773556
-1050788612
573269591
-85363371
406101999
180440305
-1684783617
-1925592981
-1859360282
155594058
265326703
-1269150515
-1067294908
-520495921
-282563465
-1147607501
2001739608
-1191878010
513455920
-1319297353
952382365
-1594953968
-1697105000
276611291
-940098698
-462344109
-282615967
-1196323376
-1290035430
-1245594791
1389580549
213750773
138477004
933867639
-1606434018
-1449137763
-616314032
-1964900943
1004112115
1477693461
303354009
-1005132963
2079336533
615547620
1227588550
-1735614715
1586214060
60831572
-139367601
1269391505
-728201396
-548859855
690225275
-2058949211
-1280988916
1168837072
-1139948267
1777375048
1579663641
853680722
-1571913634
-1453824571
1593548039
1483489834
-629811387
1989713621
-587160024
482781403
-231558187
528812541
-799746015
-839982586
-1156763666
2124519221
-113177414
-812677469
1271396151
-192263222
-1971474188
459361934
2099336275
1005754756
1650800480
734869061
1199267154
-182418421
1110105006
1449442544
-210373783
-2060830586
880905092
-242123103
419203557
277019524
-544733040
523087579
1240787037
1238274335
-1114859552
1087059800
-824484825
1136690014
-1366568336
2055700230
-1888744180
-784405797
1450404612
178658643
-1757386433
-2007589467
-1284833992
-284361302
1229118602
-1660360601
15874516
1784723260
1682589385
1322857929
-1446706075
-1859642109
1246881180
25380885
-529836536
2018134531
1373218135
-1532434146
-1369179768
-911561262
1095109949
1104163933
1899394219
232447322
-573162770
1106894684
-190205240
-1961743394
-700866275
-1096211370
-1759361891
504844346
1530297733
1672295199
839141727
1506318958
-1167246819
-1852421055
958551313
-1179419300
122957194
-2101417368
-1694242791
66351312
-1068863788
-1066164737
627264527
-1834717247
-799559588
-1320517862
1726736856
631871190
-317041139
258300310
1715432691
-686512341
717503185
-1553467522
-807843822
-1634897580
2031737159
1503538608
97349356
-2014548831
1265552306
811830975
1859672401
-297795933
-573188300
1134094363
2063836030
56637167
-1167460805
1729228143
-1534861390
85721889
1710822970
195540554
-1599509247
1480007459
2058386588
641921536
2013751143
1998603695
754321141
939193810
596706591
448488722
-241649030
-2003498676
-140577483
655612977
540432051
-478046994
-892103846
-528022575
1348132718
1495996174
-1360132873
1882687506
1589268982
1967457020
-636906621
1017009724
-2127300219
889646695
952621081
-1927929155
1196562166
-1608339202
314149956
294308722
-2131767362
-217425318
1262687261
2051414565
-1596286948
-1559944678
-2022238824
1399302998
-1662808945
1793111631
-567103207
-600965826
-1960284536
-469857254
-2006175923
-535631088
1151547489
-1185737068
895367223
2132678785
1384807565
719783917
1850140553
-403435126
-33815537
-1362558761
-1458351563
-514776468
-754032593
-228568540
-305835710
2114661364
-1862442133
720876717
15377891
-693766144
-739199572
-2141119626
-346436924
1245303361
-1323632711
-956169201
366610087
-1104910015
-1495062032
-1180047044
2074186799
83377064
1068583474
1435155416
971895548
-241232454
1645370655
-305822219
-626543113
1474847523
-1015589245
1853594696
-1790680338
268720374
1058379023
729219524
-1456588958
-84329485
-676928181
1921180036
1092806304
-2093988088
70401995
129450733
-1401445106
1779168794
619034272
814308371
1799492806
709998852
-526563823
597960283
-1572149400
1531794143
-314999669
-1650255518
883444011
1647602052
-811323947
671297565
2016110901
850725198
1401988487
-566453183
1353560877
-1123933916
1776815292
1597623269
1509920269
190659253
1319761670
898016612
-1576815556
-1689455867
118770338
-1864557176
-1717602085
-1817970903
-1503332372
1315081188
886672990
-2139846322
901461012
1144742272
1711678047
-448212481
1908747026
-1219418693
-25664850
1824031142
-633185065
427875693
-1507934292
-1225226669
1261574596
1495679051
-1141866536
-1081484868
-1190604193
2069520527
275282090
-1057444988
-675402172
646097112
582090911
619539391
-885973415
-2059971506
-974492011
-219842122
1300127301
1079428361
1462418008
-654214425
-2135353055
-1668457293
1278349948
615751246
1547478384
1374665579
1187216236
486035434
-37122996
-440432404
-1084896317
1097343098
990859234
-179229714
332831194
286909831
1952949536
1871385548
2050354849
-2043128409
-1533078356
-2032306074
997839282
1201579263
-151898345
-1441024952
1081475747
1426318857
992346194
-309420789
2117432219
1282749078
-2095788448
-2127987205
719870247
1163583766
611397453
-2092852999
-570236082
239421975
-1877306786
985813411
879096802
-1820204533
-1385211767
1993762481
892102168
-1925076147
516618279
245423521
1246542683
-920239002
1813391335
-1205435242
48775516
1956320907
607798534
1144204925
824051053
2142529642
-1515689796
-1139536527
197732623
1269192997
741859577
-2018324640
1660382153
1753352094
-1230569392
758341870
1432223290
-1140364811
994343219
284195481
1256190577
1530829134
-654919583
-338600931
-711271044
41129431
1262088859
682973721
-450658754
123455241
-335226467
-1772609038
-404390522
-2311123
957295692
-1814308874
-633955492
157282593
-772499925
827618244
987684252
-1994941605
-1654549997
1837235948
-1629711415
-1856715986
-1944107997
1822267858
1933853722
-2091963060
-726761740
66546391
25810393
2076432523
-2140051439
1902238649
830573805
332862443
1868984230
1581828410
-767776075
-1158450985
946769782
454658303
-2133932010
-1439754837
1564738834
713746875
-12174121
844444790
2045115207
-73231988
-135059413
-213276160
1787877080
-146317660
-1765937521
-1302787826
-794682772
-1861833172
-49856298
-714631708
289543625
-995316380
-1718026111
-1760168438
2140984386
-1582425842
-1362061996
1813682259
857144942
744754956
1923123237
-1468327654
1468179226
-905914808
-275745034
-1673451825
220404608
-1724989229
817870406
1056615089
529432248
-457667504
-295685213
1074608604
-1737598866
1236067475
1499753860
1541476998
352884436
493153412
1433703509
459811205
-1768627238
602927433
1156327634
1489636372
-2064523876
719629219
-186471529
-1052403243
-1131355620
-1313164392
2086089208
233167641
-1431936464
1708460626
1522529294
1387755359
-921178179
-141500857
2092705810
-754937829
-847217883
758771097
1253555949
-1999305801
-684297219
989342398
-1707747825
-1954718498
247906563
1373669219
1886384767
-892931593
-384646321
915212685
2034587954
28834031
2020530375
255758081
-111732575
696947515
2046955992
-1395858714
-1159555179
847123997
-1535177118
1859127720
-71975612
-79817947
-497469965
-994580706
78972577
-846011142
-1005011145
-785014034
-1306714896
2013774938
2057517743
497839920
-2077310568
477014366
-462056287
-1097493167
-1685249220
720010498
-1222131121
303951161
1753477131
-1263771932
258051691
234955440
-2115258025
1092158284
-404014903
856255741
-1799848860
-673747604
1274797398
-371155760
1101489282
-1030059544
-460138936
-1605786527
-130147746
646671767
-1815573098
900201944
-291556204
-2024653685
-1361677909
-2077453329
-1847812729
1494744398
-2023947947
1599475925
-1683357067
1270602862
23732995
-1561544875
501129157
68854844
221330223
-1249891785
-1688797533
-1594921776
-729172456
-1594898970
-709068850
197183567
207616181
-252940206
-1983803472
-1816268945
479194341
1559036695
1958707118
1285796411
610245866
-1090735138
-795705151
-822529773
1782813208
2103254787
-363353275
762356215
-1711412535
-1066674056
-1618444271
-1388796412
-1614521453
450209512
-1071812921
1087304509
-1322741827
-1642083041
-2061374100
648894094
-1606312722
1127351720
1052374330
-617197042
1380744742
-1944972105
-331220812
-942220412
-1142633998
-341044151
-902846725
-2069430484
693508059
-795812215
-991227808
-433362245
-1667643105
-901367179
-1019412423
2054562975
1671178403
-1403343167
-2023186440
402977674
-1549855193
2032738043
2027140985
161495601
-784355141
1314297583
-1836966246
-1922741424
-83381135
953608268
1507734544
1716746738
1976205139
1407909511
-1634636424
1197697518
429453719
-1604973313
-1530047316
-911973196
-2095669999
-1254818975
-1600747944
1414772297
447608808
-1934248883
1202226636
178149007
1355318924
-492684743
27425298
654140106
386609383
-1416780139
-2137380797
-1675482273
568735442
1202681648
-2144092394
-680601123
-1630832694
240897497
338839481
-716901567
1901396450
1556973129
1784532963
-1673315723
-1882121221
1323386432
-1680236246
-1373587686
222838579
-256971795
550902161
325772422
-949701733
-287244654
-2077296283
-1488368368
-2132098004
1468007784
-62899640
29955466
-1729380870
-941496129
-800537715
1716993294
718089897
-1127497367
-1085042745
154703101
-2032069088
-1848198568
-1676339300
-1371884219
-438108291
-351344506
-1179380258
1959358689
1987654984
-1043514092
-1521354533
-1102541147
1511556330
2050749878
-1600613132
-1555445189
2040284511
1141321549
-673715092
-818716312
-523528918
2092007125
-342351742
-932466284
1444938633
-551635839
-147791936
1499638152
1756436714
1885678883
892921237
-1256582280
611021469
1612207569
78995233
207223620
-336501302
1883588037
-1206236848
399422714
-1158783580
159683205
-290841558
-484292705
-628791074
1611842115
-2100013208
771440687
521579101
571670661
1779942473
-1914228511
1377739056
322304264
1709605030
802644142
-542278724
-382141215
-1772673212
2100981524
472115771
1028642278
-263214743
-668602345
264643687
-1429345205
780905905
934233224
831329905
1367974543
145328161
1237529225
-1800869576
616500120
-1702486148
1186988623
-207136329
1407541021
-773762091
1024336681
-1671195714
-197341117
633977445
-198206271
1611432932
101755530
-1813527906
-813772638
1575605435
1241766122
11376767
1163481082
1163332421
-948159687
1374836778
-2013541984
-1225820505
-1214026289
1960076979
505435223
-446896356
-155588757
-1859648454
583047508
-689545172
-2115792552
-478909637
963748605
-2131019236
-1604108853
-1814884061
2145866739
-372611416
-2035507057
-1188439001
-1316369838
12373231
-838160925
-160275887
-1612238025
-1599803218
1863484322
-2142403109
644928130
1290098864
-705085276
759431872
-241548580
-1997379451
-1738183068
-1609973361
761147899
-290741903
-1564811038
-635239551
1436294436
1599307431
-647352117
598195150
-1745432079
1135370423
129709014
1406315067
588494676
-315343805
186390384
449776375
1318527707
-471859207
-562757222
17887143
708460085
-1940724292
110779410
-1062103617
-316981004
-644013276
-705286736
1527402003
691077779
508603689
-1675418093
-1654797907
232204475
-227409126
-1799733380
-2079793184
1744336321
565589203
-516023559
1102127517
850459507
-1092708306
186481349
1618529797
949630484
-1860836935
376995566
329579582
-2003872860
-835087191
-1695905736
161222281
-388486300
1681260047
1330963777
-571489644
1435347352
1397370697
113552869
1116173068
1257419662
-563303494
-112168733
2067029622
-1096235041
-1520386627
-227502144
1363347263
1532485364
1352115926
1495246059
37355793
-1244311605
16260906
457027617
1059569511
-1320305413
-1738942416
394577170
1306933603
1303530997
-2111179095
1444022341
215250654
1491712140
1904785357
23184952
-1728881983
1682562742
-1837124154
-824520502
-682344814
1827079315
-1577877663
820498141
714945361
-1835933009
-353732862
-77372873
1162869637
1194203267
586034393
-268023895
-1094839663
-1835089087
-638867373
836031858
-731556533
1730100433
-1354083118
-964985884
1763057614
-625326314
-1254586977
-648008632
-939723633
1022502773
-2019048161
1344850430
817299630
-3115370
1029858116
-1177220632
-1942351474
-507729812
-767101114
-1433639927
-2050109529
-1914400653
1095616659
86440808
1490899610
1676830264
-1228451068
-2105368518
21324421
1769999902
-25011632
1411600447
-1053492584
-1200641442
964378821
229693803
-1829052184
2035136591
-1835166412
-170294583
-1485543550
-1872675353
-449049556
-2059673700
1618913987
1263717249
1366448235
-1619513145
-1156783897
1285248479
-2048420207
162265198
463179487
-1518850957
-90226665
-1063214116
1122088550
120688602
-1863198338
840986534
-2061610667
1968549032
-1733963829
2121460241
1970384438
878837354
1555314994
-348866640
630686232
1601265384
1254911248
-1647018415
172999585
-1406843478
-228284642
-1271326182
51487593
1113914301
1515530723
1941143790
25507205
99993526
434017386
-1147078636
1073061985
1587238391
-1026334923
1212710938
-692656942
278913328
967292017
-708273417
479695722
2006441768
-995485846
2023280751
1999110926
-668125763
-925200576
-881552197
-903488314
804928553
805128411
129725800
1525944532
473762950
1541465115
128757887
-621508345
363850131
-710942636
1067620837
320482384
1364966584
-936911879
1054110468
-513865835
1342566471
-221733994
2003540139
1999876037
1210788356
1983384579
1126378290
-71683796
-1517508121
2073539542
326604002
1592795143
1567510815
-1126479847
-589458797
-1592746405
-1677748902
-541632452
1506714261
2091936513
-1505106877
188368205
653458899
-6074875
-928826548
1134622821
-1014005963
2145089073
-464783443
-1155789723
-1562370746
-1553425436
63644331
810639074
174971415
516291879
755809821
-1615774627
-252097182
-402422015
377083179
1786092471
1333865713
155697162
427447641
-929751837
-595691712
-286439363
-1521683517
-111493411
1592140897
240648722
18981546
2079228122
890929439
1875589324
-1876468946
1697276608
1106548838
-263497713
1040596829
500857047
-1045410078
-1104475979
-1169467285
-616692031
135009509
2089600737
-1243908797
-1769286233
1922519693
-853588653
852946238
915618229
-331812315
2095854077
-307213519
-876447033
-609637173
-831115305
30680237
-508914588
-1003225773
31201775
-1117740671
-308707094
-389685909
1216668611
1917810563
643531787
-209800961
1446554322
1348296335
-1447876489
-1314520098
583060848
-1910095664
-949558054
-207749731
-1502471462
-2120373442
-749757431
1278128059
916549769
-1535163802
-1361941385
-524967418
104093898
-926204047
-1310489875
2123841852
1736736398
538917214
324461690
1611011060
149293694
-553927023
-216046681
1024317886
562969938
-1492417902
-1234488081
-1542522743
-1835476125
-108452851
814798445
-256320443
1690320254
2032979744
-1011466537
1213738185
-532342022
-103071786
340232106
-1606943243
784359692
1206118637
1777436326
1025728027
124431193
959726303
1797786237
872867482
722088396
1287816991
2089201350
25703116
1450262441
-1479386205
-556369097
996368673
243566562
970601122
1282523667
-121830773
274852521
-822582626
-1537019423
-929489891
-390758330
-1168950619
1848790622
-1114759442
-137102039
-441477421
673301684
903150147
34521922
-1640122086
1372933866
-179983380
-30985072
-1873515963
-1571186018
-438177042
-1811145992
2026809145
1768023794
1233520738
895826263
322985598
-1951314492
1584497308
-987866662
1820000765
422767649
-556218738
-731615860
-1188892405
461872634
1808903022
-677605072
480444069
-720944872
-738970473
-1241117872
-304375811
1436463949
1479706028
1748342677
1086279477
-1680670741
335115523
1034523481
384224873
-1346015110
-1562550209
-308551814
558003955
2073785508
204285758
-198210703
-2102382359
57185652
234844470
1751489954
1520447210
-437786689
-1544773606
-2111468299
-530863590
1379250658
1273632321
1465597860
-1624450454
1687238829
736211529
-453663914
-1848135908
-533076066
250258745
-1850854803
-725152890
-1376106415
-675871003
-567084388
-766866411
1227259191
-1055142762
-1647183685
-679667820
788214662
-1144060439
-1520575010
455917742
-2119876496
-1278049289
2029097379
1587592113
-536257130
918507190
-709294645
1789029524
686209215
680037534
-2009387253
-33894085
-1570354492
613597327
1795831588
233163768
701770190
795247089
-1703134159
17896021
1902070468
940839709
1633694015
1523893264
1854891518
-103843333
1976022050
-357568922
1793585982
1554185963
892857478
1408466836
1412067551
-376424984
1780533316
-1221955942
303655502
290846186
312158454
-1971971263
-1614745159
1469309580
-949758259
-1677579681
895516935
1147825135
-82686815
-1306303911
-245533177
-952080163
-504909495
-471249942
-1855676949
1413852977
-1954311636
1126341409
341083127
-35893643
-2037304552
-1303337808
-1594787980
-2121772853
1415153489
906388322
402619627
1067460113
1548953581
-302788115
158178959
1274420544
-410330274
1587977450
-821997574
-967471084
-1235975600
1310028064
-1163405028
-365648655
-648184395
714828296
780074095
1604700933
-952704483
-1973590899
671435887
1252152489
-234943414
-1872020974
167109705
58315788
-80254205
-108320839
-128288814
-775414254
-1219718616
-859970078
-744886598
487462777
2082728710
2137928690
687406849
1495773245
1197708780
589749333
1550154409
865841470
-2023862018
-2032765755
-407092052
-949469153
903247944
945315531
172302640
-1715913360
1265136406
-395391866
1461638392
-115089138
-1096932734
-1009660502
-1643558882
-858441527
2008163661
196323531
111321087
-1747489464
723715314
1197147355
1845986421
946598185
-2036097032
1131914993
689308747
-357106068
-1225300601
853461067
-308949779
584779281
253638206
1671973014
2038409567
-1553402370
-1692598717
1534476396
1959361648
-1544259290
401431707
-767248355
1320888878
652842472
670034874
-189299023
2133075100
-1481421132
2095185757
-507994835
-1794076766
-652662540
-15668328
1268335125
51916868
699645480
-225302230
386728242
1146133270
2142681939
-1880560872
1518162837
395269615
139522709
452393336
446776283
1883234524
-406232295
-224402035
-298544463
-673392040
143285040
1784867604
1985879962
1079685817
-1766188866
513872605
2081266159
1506124524
-434992172
1368025756
-258687449
-214181276
1990205342
1124492800
-113204392
-1803020209
-1792430721
1050197253
1190911230
-1859116022
461504122
-1199219834
-62229254
1259198679
774209235
-1937033707
1232929244
415283405
1972176885
-1648945138
822631780
1722891023
1422451862
1699528425
-658260155
-1086437056
-2105183464
-1344940336
-1331216339
-1287610314
1338837554
-263476111
415303937
1452738541
-688847921
1531553812
515355245
-1742104899
1866338870
-461117969
999594139
151090127
-1514257558
1352564665
-2064046271
1039518925
-762489133
-1170777220
-1517395487
1648751320
1131039005
599626671
-944886708
-1971072321
427506271
1171180675
-818276505
229719148
-1633664
-1669068163
881571377
-2119848543
221939670
2057100868
916897540
-956722204
-1731957745
1762720188
513113370
-485541448
-647011500
1904050770
-446933422
-1147088115
1935501739
-748374887
-1317443276
1371430136
-18101604
-1802785514
-1934522574
27083942
1158442775
-181704105
658247472
-330888818
-1001675372
-26780598
-25990074
-682406170
-844642181
-1513286453
1397243076
11341911
-1965922617
-1329205890
-737057418
405401075
-825699611
136099550
104043816
1907737446
405552097
1128711318
1790901356
-1337721237
2023732420
776006415
634011034
1994090626
-1745564105
281428553
-146941673
-517449761
458597995
-1011891730
1966315994
-1689486427
-769289412
-1230435676
1480705580
-664619181
171952788
240644258
-247326546
1134608766
-707941107
-287728762
2057356704
1885829568
1147442906
-514764956
1430261855
-1926354448
565533415
1785869090
-1765722833
-213637485
-1542075331
1286514690
-724849861
220693137
651098539
1481442943
1257767641
1575406123
228655010
-280308643
1469309969
-789645012
-627600288
-1342912517
-1698107041
-234479522
1398321745
-794088213
-1945595208
71724607
-238484303
783252932
658173130
-604729612
1266154101
-1840167114
-162559864
-850946178
1174381419
832415838
-2001572123
1357377579
-492651616
-1726610342
-1190085410
1095627342
-617248511
1026013472
-1895566402
-780128974
-872124604
-2006454389
904628637
-784562613
-197829112
255056054
1353743913
731293870
-833651398
176614541
-878250072
784955330
-1486439493
-1898054240
1585327165
1839233335
-1826675649
1779906106
-395371671
2008640055
1872108664
-911453518
618585044
1026388956
1283322482
-224023296
1588691277
1731506913
1184521280
1937370514
-2133401841
-380762469
2056441304
1727493472
1802152518
1755339561
-235288261
194106686
-766132015
552198890
-1716089640
490661488
620140616
-1432030417
1274070066
-558606205
1647515967
1817278513
-2022433088
2056243290
431385292
-1135791035
2105274643
-1694452602
-968789434
1754545741
-80395202
-1741888805
-1105392817
-781814927
1346893681
268241727
170474517
1248186383
-2053253145
-695673915
-369825324
-2037586961
-106376446
37136889
-939667042
1570493883
668444339
51668349
217106782
-527586899
33207327
-1355505708
129928474
227458954
-1169106817
2134097277
-220619657
1309195214
906915911
-1145658301
-1321866110
-2115547096
145680522
-2013955373
-404000339
-1518561496
-494697828
-881177201
-1746352618
44234550
-1091031560
1466215585
-835489777
1965408454
-214852508
-285173935
-1392014118
626588617
37090386
1502627995
1023468468
2103187558
-217856631
1762507004
-1349278444
1024095977
-720296956
413264268
331045428
-648545541
1390873882
182275153
-953497392
-1526260205
925596382
-727851567
28299053
763966764
-793851448
-1958427672
-768967588
1185996216
1144476820
-190413348
1688660159
770295252
1360030314
-901893714
-736259380
690504636
1980760894
-1596128590
-2007612400
-235507584
35182201
-409641631
-576339337
-248792585
-1823164456
-583453586
-1057041974
-684253196
633167508
1890659094
-78427784
-156004169
-1035470141
1861421244
332022424
645994662
1986673918
-1363979852
891068974
-48965315
-1376406462
-1353246370
532251564
1264384833
-1313823205
1265131895
1818773436
-1447751621
-1444821762
807443115
-1036629188
809146148
2004248822
415373933
-220558710
-1936156580
1187065475
-1095591413
-2103855872
1029475553
1447632830
-1009380612
140080322
-313129796
-654324799
-456487812
674885302
-1952071490
-1883836347
-1583698342
184073939
-1774701716
135567755
2122722576
-19860321
397581623
-640754560
-1864604908
130012146
-2036779024
-1679388901
1591126893
894328319
619193722
623551242
572871048
-2021923180
-859826752
1673791116
1153116747
1936079264
-1956456471
958672800
-745461142
-418376458
-959755574
1085191519
-1797485062
980351568
1592746140
-904356954
868705603
1190501781
-1317918226
318649591
1684314841
-429886626
947330012
-2015707488
748013293
568206262
-1163459199
-1986323683
1663722464
738583841
1854564521
-2068361542
-1964689384
-425065505
-983291445
-1756061060
479070487
-1045096079
-1259156683
1068273985
386067401
-2044413860
-1423071351
-1592597722
-677525988
2015137836
-294199449
-1900569816
897045974
-1053209157
252833387
1307024141
408834210
1761262515
2000296794
-1604771452
367554923
680585040
-986499177
1077905035
1699776236
164646250
-782081573
1303632400
-357116025
718099378
1763950628
-441038629
2106486358
-522218949
1760388334
15100842
-2124339840
1121038652
-56700000
-112270179
-1659272755
1393221395
383768649
-2055016748
-657050757
1405821581
1332258443
1242743894
-969650095
-2124149404
658011095
860225076
3840757
-2064936184
-2141257510
-698789139
1205955450
1971259298
-397359562
91182868
-1646785219
2064157525
520403061
1379542064
-488528400
-338074170
899012410
1532889570
-80676361
-1567615522
1410464696
-1108628147
-3431950
-471262770
46307944
1364343473
1483900314
1485157203
-19698698
-955216551
1645653968
-1113314245
-1475989125
-629771849
-1765879821
628711207
-463337487
1312122316
-1523385231
345213073
-1832911133
127040461
-32929120
-374692848
-453122460
-1878965501
-1710682162
-1195189798
163285057
805952242
8445846
-842415990
-1424637831
534418621
1283103605
505378596
-417978131
84395720
1656530844
134798165
1858423891
402831007
297703687
1528324094
-2059889552
-252003050
489550029
158287859
936667014
-1586886480
-2118993734
1469139199
-1618073334
-2017353148
-1601645286
1939921707
2139165082
1002346461
-1501814825
494581823
-1830546899
908882402
-467492666
1267421065
849229451
-59287946
-15632579
1419850204
1016740608
-776831199
-897693464
967555547
-607041204
1373496495
713574876
-746228617
-1290792739
595608920
-176082452
1289620917
754495039
-1252464352
859812667
-682637900
888608211
205441152
420103698
-1595362834
906294718
511244614
2051169780
-449818946
-126532828
1748403641
937778158
2117477665
1456400022
-158723584
880398898
-1883338560
-163497016
1840247747
-61543194
74363437
1622431879
-1028939758
1150096441
1529461101
1747078889
-642542714
-1968432200
904148150
1812324037
-1196353371
-41643298
-1018396807
1971210853
-510947190
-1045230863
1174531489
-1668332934
-112385595
59598347
-151687395
1944001871
-1985416833
-640711818
1630693276
1875168577
944327394
292937021
871808663
882526830
-1261545289
-1188304129
-1058182252
912221101
835474768
-490906106
-808516953
335817405
-123579225
542542487
-1025505988
175206336
1777405127
-481193333
-520291564
-505872407
118177898
135472414
-429877363
-364995724
1513074659
-1890392058
760246053
1170593494
1173795902
643358151
127992128
-1621075146
1583081637
-1636147899
2043288105
-163890661
24020484
-1783206246
-330247850
-1056880539
1765364976
804954409
-1730369553
-218909567
2115852740
127315699
966888337
1866025944
-957833459
754352425
-1675574962
-136830073
346341927
-1088460287
937360632
1557436501
-105961945
15116236
1590569119
-2010392095
1751576827
-811301560
1544396887
1544516891
198915792
-1735873742
915138110
1160417781
-1096419405
-1091995873
1816203964
-367994791
-2017012870
1362193292
-127302388
-1098764195
1964677093
-1196749517
933009403
606982580
-1522856705
597475744
-1475125520
-1907206553
-1721457718
-164920574
1194307371
692044997
565570330
-560693946
395573585
1570489496
-1393103167
-642062239
-1591691481
681014169
-1487608596
-1224166419
1983148446
1632210212
-1285501492
-2089429001
-1277713649
1196874031
-1671042696
-864854250
1296955846
-79817096
-1021892591
1370783168
-1021657404
339465213
-1277102042
-2120135976
-1306630976
1846406577
1931417434
-723260022
-1118862481
2032509036
-1655944892
-1288022949
-2081307899
-44930782
-1438902122
1002686843
860978170
-119594153
-1060305280
-425527203
1714622225
1740511954
-2038182826
574765193
1234254229
-1896348528
174494575
-2062470736
-969545243
1667044091
1316570960
-93311744
-580036557
-1229547172
1705666058
401516474
-1530173560
-1481969011
-1626213664
-62391552
-973630710
-177430798
-1319473364
1155673331
200534913
476630440
1413873026
-1505739011
194504983
-1011301121
-1598024939
-115700374
289412447
-144908762
-66167975
1575294013
775934360
-662763484
918139370
-860574399
95599921
-295303665
-34449749
-1393452195
371163280
-1482564489
1153482802
676788012
-63569906
646783522
59158627
-324808499
386874182
1573267454
-1637191846
542907127
536173711
872295507
-1736421234
-297487537
-2095137594
-1045689033
-2145065422
1244077053
1815011152
1376988743
1799128798
1428077180
-1526945186
719750547
-30209682
159035313
927817587
-170196006
283171626
-480469697
-1624762334
754699254
791204903
-185734119
-1419916516
12971417
-1300992532
-259364776
-1726079638
-1388800199
728383575
-103266739
-1238268938
610399048
-1835734847
-1649220390
-671778481
-658496344
-378618016
-649142019
868207532
2068911710
-307691795
542330541
-602257615
-677178747
1959477894
1896688361
362299505
-152873852
1353874901
-1432397043
1645986611
688327299
-62598288
73583974
309881209
67009050
622980482
214929161
817766077
1269382219
-1183990613
1652615904
-111783043
-1254243150
-632438491
678684165
-222141190
-1253726214
-1030798809
1489022290
460471611
-747416173
-949020787
-1274755016
-149524648
581777569
1843521976
1488790735
1631671284
1895134263
-1689908302
-1708371665
-1772164598
-107696444
190206870
-1688570371
-2042396691
-10379059
-255355602
1971447368
688744585
-865707300
1617994461
1393842325
-1474936594
1925150392
1786181823
1186078008
-311129585
262186965
2146989582
-1322392091
-849962298
-1339203827
-2008233785
-2008223098
-108253670
-1215597168
1300197261
-1701005490
1227100612
1635848985
1179481548
817123341
1482143983
-1001503902
989875744
-355904315
-396970176
1250291418
1949396728
132440958
-1088395243
-1179571564
-1793550986
192869206
-1514519024
1740837761
-1597975911
-200063781
-621431082
-1626167071
10405534
2057601948
987778835
1911773686
1707388578
-2057868035
321245889
1801206523
-1567151988
-1885794229
1130067370
-593947309
-609234647
367033360
-1046470613
-1342191867
-909565801
1934453927
-797590471
156738920
-27186969
1231736850
1316212393
-314058982
-680060162
-948620534
1001644203
888985910
-694045253
-1812829353
1339850135
964993989
-1829043362
-362212510
-1095251732
-1771822732
1312819495
-1260672249
-863047532
-874516857
172576061
513044912
-682360980
1117623054
-1360308527
-1056158305
37213188
-1964921771
-1617130365
495473802
-958251102
-1392330336
-298838780
1806616940
-1637969523
-168853481
-355754500
-938630247
-1943072121
86194687
322448685
-1164315885
740177050
-1605302998
-1559470121
-1244613092
-1886618857
1202930864
892386398
949416972
-1788453157
-75306529
-601556438
1619013988
-656559404
-1830430609
-881368114
83857698
-88716093
1575148026
-2142390421
-2022099114
263059011
836555946
1257318742
-714161931
-796661239
167655731
373648632
844817644
-1247518356
-568796156
1445783541
461214328
633402919
2047716792
-1856343152
1780162740
65461342
-384629038
406016078
96887667
858798302
1516731050
527052760
1500952911
-1807870039
1533699489
-1138329307
11036417
-679688528
1827842715
-1491522856
114742259
-2029217566
-1706077266
1444085734
-1333429229
1883592037
115673622
-289031557
1124444906
661313314
-820602516
-74139362
477385708
-1802657657
-111807977
855063058
-1186161647
653944711
538861314
1026617599
-442439516
-1857561115
2087707279
1229705938
1188398938
1799502258
-982585654
-1417135135
-187350107
753418772
608890082
1260835921
-529957558
245752904
650201044
-1782458693
-52128719
590648553
-38146456
698457357
1457962363
-1488322191
2077589601
-1194158162
-1913481767
-20851200
-1332438289
2055279333
1007158555
511155036
-616368024
696348283
986793735
1909584185
-330803401
1144105886
39267692
1666230457
1059871764
1565226247
2129588086
344163125
1924785013
-1928592033
879041090
199727421
-897485245
-662073378
-1467058508
2055581149
-859712047
-127660235
1218508936
-2012483038
-2068262135
-1300652370
138676903
-423494436
315483367
-903560816
677956795
-513934684
-718589397
-770884409
200283653
2142132768
997261898
1073374916
-97693331
612071557
1115343269
-2136993374
-1196259622
-885452195
283919612
1296921481
532882883
2002222217
1571837989
-1309167273
747660550
1702947209
1174053880
1838149500
-1556395016
-1861271813
1274546061
724503845
1841674428
1506492257
560562345
1855942044
2111633368
-1077015513
354951028
-2073070610
-755121915
1097483235
-548929168
-885156659
1041935686
-376291106
-1199863898
-610721096
-1125418437
1350908882
901200929
1809922136
-1835225418
-52078859
204085920
-264411859
788296846
-990587594
1654993030
1784807529
700103603
383320517
-1748449259
1267484187
304085634
-1079669799
-956525861
-1019174256
637476699
1004231341
-325351573
152555510
-1847818385
1832000970
1527998032
-1249007039
562892510
-516678260
2051217982
-812720815
288198144
-2035806242
929195915
-256847532
1535399938
-1388513977
-2123325731
-1965983383
