1081311718
1025641321
-896980484
-1944625349
-1905394656
223173962
-365104438
1715991601
-96664456
867094268
-1922231777
1930804804
670395626
-346624523
487387031
362336270
-26590671
-1582116387
1849271033
993788031
-1878946382
-1249541463
-1768922437
-981167855
-738668136
-1983304728
1939789515
1676772160
1882366783
924823901
-1379970164
-2005511879
1901660117
1893693645
-1555087074
-1726218799
1840674622
-1237156583
-1823591710
713994168
-656299720
-1576337778
-497519811
1225608174
1366724800
-1403886469
-891811941
-1298939019
551102899
1617699843
-848072522
1836058695
-1784349513
1561313333
-378426601
-1795367542
238452059
1016739673
-364956708
977073921
-1880512900
526938508
-675801668
851712966
1803253995
944866447
-23641528
-50118603
1437745228
-1268719397
-978601101
149408555
1330299456
1079884792
259543380
-1240630672
-429474874
2041465870
-1226115031
-389703055
-1734651682
-906319685
-2061174113
-600996558
495211118
-1629723353
236817487
-1397121918
11239017
237320022
914129036
1262039919
1826692654
-988266307
-962385573
531307260
1159046957
1922485271
-1447714110
-1803434479
1704608208
-1694854024
467078725
963721394
380131991
761588130
-1393589587
-942655885
-1536253563
384517526
897233931
1698260011
-1411114054
360654702
-2058708997
1387286759
-863491231
-336050327
286886445
1113168417
272675276
-544901049
1467725089
-1022058702
-638210084
-1237726761
1215808305
859338756
-1952708442
-1146044211
420158420
295510795
995576402
622704601
-2057424608
422911605
-948657850
1724366324
1303486864
-1760894817
-796960380
456427004
1800745479
-809966645
-1445883312
1163541379
277210133
-139839216
571082774
1415139555
-2145342344
1406981777
939137161
230464149
1827376612
515773681
-466787057
-1538307134
604969990
156045318
895399771
-629299174
-680088890
-617226548
490998875
1227783909
-76698164
945018523
-1655314091
1011925847
-1422586810
-835170916
383016780
507106855
1119055079
-1271492487
-2003935064
128341090
-334512590
592248659
-1776923371
-1258782852
1731559159
-1806793223
-1990666326
661426855
859212573
-114367659
-1220957362
2074909031
-428445534
226980905
204173655
-1280140442
-1765306144
2039575803
753868403
562114948
-429747695
-986845362
-738154037
-400041934
-1843075819
1566754322
-1812622747
1510576896
822829938
1765250396
1014224585
1538372979
1890208155
39082329
11420391
-85203685
1051988340
-177270656
-2051196873
126986469
-2135625451
1169476870
-352758750
802232749
-1052704306
-802297449
284137632
1104513047
1630491498
266622274
584907553
703867807
-1269010504
-728880460
488209841
-871616787
269685318
-621934936
-2034682282
1105898861
1306663023
1933431198
1210837180
2088269343
-57479784
-2045775670
-905308653
-75454549
1248065462
1314787919
-792156360
-717456968
1138673682
2000423084
-1174760174
-1128151171
-103148464
404253046
1482306366
305606551
1806941101
1658577735
323617006
1384766749
550460551
114523894
-1357437938
-745648655
1646935586
291586056
726004391
-1909020072
983405224
-449718171
97726088
-1877048883
1182029169
560816974
1675286306
1632960785
-376813179
-1622910066
-1145064012
1749808518
-2105680802
345587951
-1594030169
-580701763
1775694065
832217327
-528618694
-957536435
161535727
-332892493
-1142132127
1728236006
-1391070649
169547324
1831108586
2068451237
618649328
976295640
1058329314
1026794153
1532419300
1036841178
689628214
-1670801435
291008623
-754826611
-1953727844
779239223
1476108969
1912467557
703338675
-1826135878
-639648192
970167415
-411850391
-153912489
-1874271110
-93458134
-546107748
499898530
1090188921
2064079662
-625576445
1266125283
-905752895
2037010093
-1476224945
-48192911
1151733495
1703519169
-1376565619
149832518
-525597205
1107498533
-93656627
1077627856
-1046842920
-65661906
-712517368
1399243781
1613636330
-675018501
1308535102
-780643399
508415
-2039573013
-1861821473
-1195091149
-1274069071
714829647
184127339
-60784387
2146480020
-506671008
228071004
-1913468678
846533563
-1730626957
-135620541
561154238
798874753
-1894222998
-402317008
-770454247
580001925
1416427373
-888945834
-1307900683
1389940982
-2069081638
24424175
-614464159
2118872592
-2083057287
-1066310563
-605766931
-975110171
-122401804
940991633
-220914633
-1758898336
1516627077
1494942640
15413702
-213066874
812517873
-1153351181
-854898922
-152738049
1857691572
-1351627058
895064307
-934741547
-539588995
1623628372
2144081162
-869842054
-911083556
572561625
-2090860868
786909455
-863082183
-1753506600
759467317
-196957213
-2094487032
1860791063
-1597450563
443569209
905916730
1362849032
518823245
990413901
1161022966
-1177770638
408473701
-35088487
-66375800
-2065446064
1937627164
-1174605228
-1178044263
1734455033
-1511850632
-1724127941
-1663938144
-1223799424
-728529921
1485080978
-1175310696
588854877
-1454684018
1707137389
-380257293
1317545804
-506594968
1322944555
285583054
-459734411
569457553
-1895407805
-1073466267
1472889548
546525533
904012610
-914793272
1234260666
-1724049853
1360872724
863591630
-1057658627
1221026806
-1641749631
1145959242
598593483
-1068944202
-909123334
1123663228
101661245
-1206577438
1620054422
-818911542
-1400632341
1239533010
-965098154
-1317691473
-1148537133
-1365050397
-607964496
146804723
1805751166
-1219178030
-596540085
-1759725540
1666553701
-1186119859
419534086
631404068
2098957712
1674350791
641108286
13410667
2129769855
1455351435
1679354960
340718063
-1857950642
388894995
1406464860
1340352185
-547699693
1979997850
969866828
-1866719334
-1336398454
-826921488
1496421396
340090391
-910518284
-428778868
-1868013766
1951998369
-2022331589
919524839
-382734695
-913272055
-1506934695
838074887
1746550369
-235097294
-974160901
-2032754343
417615201
937558279
-1810092191
-1540395068
981025416
-122418513
-588389497
215267578
-96213336
932994559
1843573385
1912045584
1714910845
-1415869392
1158632259
-1135408048
-1174073106
1057633489
2077752119
235401038
-482130542
-1205122050
1211824819
-2133272520
-794720395
1876955090
1424389939
-1190082446
-1583773669
1470193945
805627907
-373326494
581746372
-773229750
826423592
1148330887
-1101225999
-210499661
-1555711872
39560912
-2131736282
124430326
1106981160
-801033173
1426236658
-1208642637
-272115427
-827015077
-721401044
251745670
1986917669
108046350
309109118
-611044556
-148089105
-230376146
1798963239
-1777472224
1993677177
-164211337
-671555844
73367811
2020163505
2071604809
928927407
-168827941
-2122507937
1007172030
-1394458029
12445476
2038665793
-1409898241
-1522897633
899595589
1180487543
-1815427117
-193021839
-75771571
-1486438623
-624722568
-2096065002
1349117406
-753631674
1275758262
1613673160
1855893353
-1678001929
989248816
-676147977
-1846977125
529885364
1381695485
1544532940
1537591318
484545805
1719832950
42054250
241775203
-772539764
-1170932143
-977015946
-1155343577
-1888896046
170451438
1472293081
509201045
1579581695
-1326572560
-1797200956
-1462463452
280602967
-187872496
-2013886220
1250885505
-1129155807
-895246035
-1126744778
-1934832443
-617333294
429876390
-2059590099
1180174314
-1853207957
1966256876
-127567021
1684840315
-460546530
-908634030
1170989885
1807364747
-1029838025
664260903
1592254754
1556105703
-366697414
-2013345786
-1223354723
-1386712946
736075079
-1789942421
-1676190287
470081377
1939398598
1543505033
1899495182
416395286
1421841471
-963436197
1661569170
2082589554
-1382275447
2088080377
1051985938
-744487241
-916453338
2005462316
1032040025
-199220134
1636087021
1995704388
1485839984
-205345800
253417
-1983502808
687009055
-1654010485
-1205019007
-1102568019
1265112243
-1262697512
-2122719272
-1531417301
-1969528574
-1814402517
-385266058
-1427941043
-703457364
1353906502
1636206119
1523795241
-456105821
1795956630
1888933923
-2031059056
-1228000532
884074664
-225554577
1251656102
1598540198
-1769330725
-343812222
885717684
1211229515
1583831637
100837674
-1142586052
-1529193163
-304925638
1042882992
1540495693
54642020
1893223707
-111974342
720375833
-784126850
-397041748
1113490800
-858600252
2020292118
1960693946
1164366178
203120254
699405616
-925929125
-813245527
-58609709
357575428
1232253030
1155150283
-730802367
590695938
-1296290011
-1820612636
129981706
429325590
2132536649
1804404609
-62551476
-898235603
-1883602915
-590329649
-1298066098
1898991350
-1191835394
943241716
1117175579
-132906260
-1106010358
693942460
947369557
-960167532
-1255071720
-1089019272
-252062910
-575112701
-1127310105
103800354
-1873870549
87963811
-838478695
-891804475
1094281445
1606926390
1828287329
-1874105317
-23121745
-1416007911
460130427
929929079
1324999999
1611805901
185722716
-1345629467
1781194774
-897934413
1562667051
1483127951
822034203
-1777063146
-1229440145
-111493023
-280805016
1060005231
2076820744
-219805200
-286384802
-778639645
974500451
-65490793
-1712544770
-1005688817
-1088995351
-1855061533
161629563
-1933268728
-979312201
-1538388432
77417226
-1166440291
-829799532
-1106715757
896817661
-2097034274
-2144742369
1167549179
-695167985
651319777
822038344
-41108590
-1224152831
-1709379645
509082625
-781969304
-1041732251
859148525
1192005940
1023310931
-1937585479
-878168168
805565942
-1192409072
-1357439817
-1311077998
-1423617795
-1068169555
775081962
-460483263
1964448591
-66708437
944461188
-2075141400
2043685436
-2011219362
991871086
-516938199
1457185934
-261636072
1960353697
-2130314294
1132074750
-1848744314
-688281164
1689034683
-1780343832
1599791321
1507200437
1826223959
1353730626
1286033960
-664306373
1242221546
1475731402
-1310671468
-1569897541
-493735565
1892342398
463197356
665190170
-1770908246
78673233
96323603
1200868740
-1904264380
-1034798053
-1030816160
-688585605
598943092
-894440752
805819717
203998514
-122505291
-1012298764
734384370
-1890057701
850955718
982157902
-468066885
-2018457154
880693238
-2117621285
143034359
-443880756
-1246722143
535763973
1880051243
1730823540
808237049
-368499947
1848144232
205807092
-1979597047
-1533347611
-1037506575
1353974898
203866871
459599064
-1223272928
572466700
173879177
-737153778
-1262669431
-201319636
-722040854
311291604
-1652198817
180684577
1501499564
-902567334
-258574570
1456282859
937072144
868965799
-1142751670
1546968405
-2039426427
843352784
266361567
1507828297
1306212718
76670311
1564100200
1782451039
861809192
1053319986
235337164
-935977034
1704185675
-567827427
-837463002
-477415161
-1202770386
-295164560
2066319341
-9368585
-937284944
-2116225980
748299861
-992583253
-749108426
1155109683
1543682291
1705596577
-772929297
1050937166
216431015
-1608502594
-669345698
440811603
426272949
1848585890
1547343385
-955166689
619454773
1459927619
-124980274
1188570465
1690636205
-471131975
1622409606
-301023856
-1722814724
1887921494
-1316319443
995492382
-2127777927
-1923394055
-194305455
1070318829
1930243163
602951331
-1651620822
-1963356158
-219196582
57121354
871443418
-743162760
1004511894
194305261
-259634956
-2048293706
835395768
-1048243480
2122674754
-1015544348
-1112132778
866496905
-1479951166
-956210022
-1675626596
182762722
1787248370
1785563354
1739587879
-497293600
159597645
-2100222656
-1815698636
1034292124
832419092
-270992009
-379181063
136290033
1730328145
2029953007
1601018450
-1840783539
-280508904
-1511881012
730072480
-1082007092
916969488
-1535978463
631066606
315739010
-255445455
1984240989
-353365420
-1507603432
2128095694
704444933
415634336
-898650727
-2121158442
-318748253
-502838990
551882125
1118946134
-1873451778
-1241939418
-881224889
332328257
1888923274
-1716707144
-822888581
279789683
-5622239
-902724124
-1356730093
1618141939
-559717389
-1305341107
-2003346622
446741880
572513979
-867768481
-1622923048
520687150
315629875
-1303201865
1204910296
1129702329
1106211529
-67539519
-804429753
1095615610
-713672813
819030434
1110261062
1596261904
1829555071
-1599369383
-1938184349
856594720
1316248782
2070708768
1280872747
2099727705
-1182893630
-1263291880
-1646301437
2063782322
1610827157
-1271717852
1499494199
1859253494
1087473837
1147468820
-469545133
1032710785
1016270862
-1132822266
-2002077007
-334719157
206770192
-902712312
1752047187
-1902236891
570130001
720759042
-1090064910
-1575712189
-151415060
-611765806
352278102
874072826
1669923050
-122479688
946911464
868174793
2099791352
-1940693260
2062929029
1988699549
-743403174
-2030213970
-648185964
-1309802928
-1917457889
153863957
-991381670
-503677070
762600598
510209993
1202661516
1531180364
-1293826304
180238461
57345317
1698683425
1422081414
227160536
-56185990
-2106437193
1428175213
-286853988
-2125266293
302668053
610076551
471212297
-1838198885
1386917517
1827219948
1987604611
-1310699263
-594889220
117809386
494271858
-1994542528
-905257648
-1275965639
1623762281
-1741017771
495732042
-921637517
201845129
-1606685360
-1441549692
1233076418
1617424679
1023411750
1178340021
-426669862
1016304300
-1422060092
1316807220
-927901398
782468797
-471440793
688774586
431247693
-407688805
2020739626
1391979627
50424006
-709529909
949622752
2003934743
336773612
2100488953
-78016220
-1330374212
-330483677
-1547429864
-1755065939
-1739950001
486939980
-207013938
1818609638
-2068478021
-920462722
-1693222897
-347740483
-950388183
-968529931
-1932968441
2039537850
5326210
1530122314
-1643529411
1485733972
-2112702671
123220708
1429352693
-195350145
492863533
-1692796498
132744661
270012553
-1568719562
-676841974
-54718006
-1559457242
-1879261346
-1982310140
-580664276
884086985
758651082
-834946358
-2104817633
-61666508
399978938
-943610532
1113787197
-1318305710
-1013831226
1700976255
-1772729743
-1650928572
-1015215767
-374428425
1823639845
1019067065
-545486909
1071740148
2127009439
1034658434
-266671974
-122779700
-580745816
-1983709595
2059286177
878719722
-892192146
-1232124112
-795779587
597334534
1158443691
-703870191
-2021266684
-215086954
307801093
-2104123867
250376519
1832412803
425233591
-1749843890
-1401037102
-778255329
-1868844431
-1307194296
-1416609871
215167319
-1939403907
213763070
181777846
-1518185436
1899372066
-262353382
-1783846790
1249342023
1224663629
-772704038
1895068064
-1565990347
1051136364
-1481550294
-1731589792
-616949937
279187613
1957430510
1086617411
-617104043
-5449464
-1249576034
595659563
624269084
452428424
677832728
2093720214
1532957823
921851024
1764538544
464485923
1579602835
-536706740
1709810316
-478057644
-674201314
651226886
-1195722449
1824278164
718523464
-917523509
1063381842
-1131079300
-1915854445
1898522445
-1328318214
1018976593
1084629256
536063755
-1579403578
1444305
1121715122
1771284655
630731401
-1114978258
-1910283184
1877415606
-1848210152
-877657510
1230544709
913109845
-1811899036
1596317317
-1708311085
-2091627109
-1377324854
-1368549661
244261000
729650386
-197264215
-1058845262
489905399
180008491
-407595723
800234875
-33242453
-1623134055
-150897270
525166999
1388395352
17400572
1890460932
442544884
1964014164
-636708734
-926947891
616264985
621915972
-585885878
1297176758
-2124951705
419770394
-1533397687
-11759030
-218693983
529681982
-1409157263
-555508448
650439341
561564427
1773534991
-949631631
-192918373
142647164
1117538676
-119174679
-336547610
259132198
-720124457
-1056160319
-2075928070
487267945
-845486727
-994711539
864044790
-645450782
1468828170
985680978
-1026366798
782241059
726857291
-887158693
-1403379965
-868776282
-12147468
-1526873268
7405629
1263802110
-1553389097
-121083401
-811541255
1024036174
-1601535676
680645742
-74918377
780845823
-1016499793
1472639192
2021018374
-1237830483
1648747408
1134806920
-749089214
1917498977
1634096010
-2050757557
1618501150
1878570757
1602208463
847982849
-151984701
1558693652
134334914
-1552274066
-131446152
-1012705648
893300957
-1295159215
-2000778973
837606969
1501672404
-1753584202
112961551
-1001854981
44290810
1608285832
-1487175442
544189095
1238488804
58312041
-1193302238
1333734630
-1757648309
-2106520378
-867242441
1144529769
1771400758
949940773
1252414644
-1200751003
1238101080
-1399196991
-102279405
-1301947842
-559264842
-863359657
1149890316
-1503180926
940616588
-438637246
-1049050343
897392152
280987761
772887237
1478642230
-543961160
2118455225
2079632551
1133635561
805694877
-2099133158
-1108715771
1160791169
2139018617
1264541329
-969919645
737830306
405191081
-853607802
2092830211
-739030272
-2004191062
-1789782994
1246200954
1401688937
568653770
732158512
1432174975
-570757623
-694749918
-1764832373
-1153064442
574184425
-118127421
-1561018698
1729238925
-1830386248
946253102
776845064
1006099380
64137678
-565782774
1260661850
2034747667
-1564154259
-595000304
-1403279126
667577671
1113384009
414122313
-299310719
-285038514
-1140447926
1305872507
-1653560360
1714056468
1628109711
1801946336
-944408777
635598669
-684626762
-221974759
-1580127393
-171505019
-1557363366
809563233
-550268502
698945140
517005532
1646746885
1950067823
-297001833
-1029478042
-960993773
650420395
176116475
-565865427
-418151855
-698018339
-1334837157
-105734667
1146664561
1147809840
-244155027
-965375014
1023870082
948275423
1567541112
1815606348
-1240360280
-1397241644
1138995242
59102298
-460539633
-1753757293
-129190233
-1398606540
-848395492
-2135924650
-1008476699
319989226
1877946341
992819064
-998632394
-1858417287
-2015932957
1924225558
-1598685146
110598408
-826143258
-1250404878
-1900919162
-830125458
960809288
-796059749
-672031288
-503715080
-296994971
-1083185974
-1909439859
-740235672
1729300042
-1288234737
486515068
308728383
-65221973
1508673708
1972521557
933487935
182156058
1050914241
-1175748539
-1913134294
928311926
-471661656
470219643
-1739423536
679540129
-826461022
-2117947398
147817544
-2073012107
-1348665934
-526537295
951985533
500653559
-393155383
-100897336
-794856724
-426319923
-32350942
-1965809348
-987775317
-1248769811
-921348625
1436800173
1271617452
-1732210793
769994549
-189039242
-1619061950
-765633916
1965826292
-1170324482
-845583643
-1070152353
1505894538
1011785549
-906415567
2052946036
1086435416
-1951918622
1831020852
-1724119129
-1742240347
-1831618622
95940328
643943590
-584308542
694265300
-789047298
-1914392478
-1932201105
40057452
95186397
2073139130
556536189
-1660508379
1839503849
-563452039
40200116
-1427235853
-1537294072
23843714
-416250634
921291639
-1987128479
1636068681
-791281244
157114517
-463170458
-112614011
-1866403521
-82921149
1960550164
1787737379
1811630674
-727385436
592505465
936157565
-131176305
234639956
-934440330
311021515
321326392
-572262139
1328474310
-1008542759
-605126208
102845002
709890622
-130177542
-1048526671
703333810
517583958
172674108
423741648
600116505
228620007
185139932
-1395491202
734671929
1170431541
-1480523780
1577566048
-155257465
424100144
455601811
1456245826
-1591009220
1543299063
658611364
1407348024
-429009999
1842568860
-1183131470
-218008570
313809903
-1148114898
-1794657678
-1458863935
1705624454
-938902029
1746440898
706522293
1672294045
-461031691
1916034778
-981663863
1504334666
-1787202625
1010113216
286642849
764453668
286214760
1749532417
1833928387
1612380693
1806413520
-651741795
-2124255236
-580721036
-2083054807
383103554
191896516
769121874
-153568071
462870973
-580364960
-1444678125
-1034868515
2032168109
-502297465
890039360
1633476176
-484546183
-1296924088
-2097570148
1569134253
-1400710781
-395485142
514931828
1767484466
669564317
-1716871788
199936571
601823174
1406455227
-1344252049
1754843733
-700986564
-250216470
685309449
-1958338765
-1766560807
1865616001
1144945980
-1500087649
-1006980845
-806267499
-806534449
2089676376
1188227995
1121259441
-1643722981
2053665249
1184397469
994138566
-183403535
419656085
1260889414
-757416352
-420592197
1399372543
1002948230
-2059573222
-1119231263
-1104455064
1563986199
-1925461164
-2085427859
1815887280
-1107968579
770815778
2128814833
-1847218079
1194665422
-163380857
-1873428824
1241122048
-1890188300
52183778
-80662054
624099239
934442289
-1891674968
1042216581
897897936
4118051
-708016301
589346873
536926066
1063499913
-1168850023
1292709699
-988736175
1212361989
-1924134175
1482492429
832018578
-1251842782
295111410
-1399682876
-1861156979
96268697
104184045
-754143429
-1702652954
2128027856
-2099763331
700526863
-1660867106
-1682357854
2071071820
308706314
-1508673306
1058393701
-2066437960
-213285684
-774935179
1920517160
787352006
77674919
1388712987
1165929020
-441986218
-1511276597
617997780
-1292497419
-1509225832
-520102238
977362337
-1497991503
95523774
-2042675843
-1415278764
-232516071
367351538
-2063837328
-2102601813
1325906087
-849854326
-2031007367
-367855200
1691794023
-1973448582
-2083332377
1149844735
67044352
1330654474
-1126334471
492069432
-1584966667
-364843832
-34609468
1499430774
999577640
-732755009
-324944294
604510960
-1452844128
972046312
-1006464984
-119466370
1735625867
7413984
-275799136
-394248082
-294445434
1704318683
1068872727
-481059432
-751448805
-580500264
-937582353
-541540177
1349943946
1789796885
441547768
425837274
2090739403
-660818235
1614387731
1152954754
-1758078253
-262721536
-1614312936
1252754797
1563108374
784842491
371135993
894957323
-1003697075
1021507448
1793831463
900711440
1955559800
-767549057
1855127348
-1163707838
-1298841050
-25660850
-35962439
753474451
-2082225676
-1802739571
2108093561
341323634
-525831598
-1949464634
-2016094010
-700967587
-777827443
1052692243
-647616221
1412705466
-380898808
423872280
1073926698
49587687
2126902220
1335063347
873321903
1930367119
698145348
-571346446
1794784294
809564991
-309783488
1232582853
229849153
-1896056776
1242233923
1264867060
1458594013
-663250042
2058977018
-706350126
1199121694
-286439855
-420076023
1243479091
1491656408
1070519154
1385204493
-2034322662
-994629840
-1114932919
1627354846
-467363402
459166082
-812944179
2054566164
-1450581361
-1330368379
709513699
-243219508
-434019332
1562872237
1683809524
1094334380
1942601176
1909906128
-991639111
2078018595
-958355851
-1784982004
767327064
664170485
-892759345
-848480281
1959025076
949288438
-1808126460
-785065033
-580243456
-83099115
210916355
1097740867
1661603989
1130793628
-1146322044
-2143650134
-278881786
1299040693
-1964049609
601259395
-1959528080
1237748527
1144321599
-550938043
-1009107435
-1414937982
-592790559
-1451026711
1805177388
327775504
1982756472
384256461
507653362
-157055827
-999094868
-1867819557
2083787268
1670913633
-46055453
821919978
1563030000
154259820
805787382
-849572765
-1485029368
-1159097719
1202541608
-2107788249
1755238778
1720790903
-1113530541
1083783088
-29517411
-600639820
1165608291
1031000438
-445098099
81631115
1220276744
889045139
1152583929
-1962967471
-1319972697
1921403049
-1250281925
1734684906
984434833
369937411
-1000903768
-450728046
-1138702218
-475601926
761492521
619060697
-1095953125
-1719329895
53029130
-508217361
1268895563
-1212796796
-1287329007
-1509337055
-2076056310
1549991445
-1638262574
-183267165
-74423792
1178302151
-1464265151
1621925264
1848988533
-949006377
-1952073336
-1786268882
-1205816664
-334281944
-1646841573
349006965
1736215461
-377615514
1908913928
1620614609
400478822
389447278
-889477741
-1742270426
-1698784358
-675386899
-1647525630
-315856875
-1841845100
2115769926
-1195390284
-1915372163
1952618118
247370681
1480044920
-353327292
1328992494
-982043199
-826608869
-7291049
709855055
1090838716
37028674
196797166
-1807544796
-1387000367
988203898
776844052
-3656943
-94328563
1884723341
1473452390
-1058808741
1020603855
1153501463
408868122
520924058
-2125159066
1838272856
-94743485
1708758957
1242786808
-1467717558
593386834
-1381256723
1782374309
779743733
1195330783
1074956964
702701035
135461634
276360105
-1280448320
1645359947
-1041180274
-1200414501
-934885181
1232822573
-664025279
-504822639
-1996171523
-789750272
969410718
-464513383
-1757095683
-229559387
1942336923
-1598710403
-1075332540
380346381
1527510900
-77303359
372846652
2123242528
564776891
33929576
-301455000
1314319584
586398900
806574013
-780502053
-755064114
-140063009
-1013246641
1237878510
-1221350516
1387201493
-2034383812
1269087277
157997507
1853356631
927327410
-874626159
479594310
-2121509981
-245002829
1577922292
-727698057
1756976649
-580674025
1762259136
-673132567
-365845314
1174174167
181996010
1303246150
830677232
515561351
47129374
1380969075
1155614746
-1831771612
608240955
-2011816975
-1434016871
776352528
-514448126
1047548294
-2046485122
-1865586599
1405859337
-2131429348
2055622308
-608150719
-471762699
459777512
1165629957
2004040442
-611796761
-1151255346
-1908201143
-1476194384
411118646
-160608509
-397009249
1121085901
-493441953
579250675
-1489399856
-1131724424
384694585
-921228443
1679957649
-1881093539
1031666540
-1740815139
80167448
2142519219
1303788067
1163645249
-1748855311
-1880363910
1781168128
-316727105
1838465553
1601958917
1814473552
1517051629
-1014476757
940875447
-426916480
-580995279
6029890
350367505
915996110
1070062434
-1625063809
-1106869525
540316483
333435055
1013343299
305464577
1578252767
1579820735
-378331520
-1487031631
-94853354
592772378
-1554249916
115096066
1734013307
3701447
325759126
762082280
1329182650
-614228939
792618629
1668660933
1224426188
1326283614
-729268611
2069036339
-523823259
1578137129
-1733802020
-1856684800
717531823
-1056516337
211071428
1486572153
-471585219
-537467903
313326130
548975595
-1663850694
-881428599
1403550287
650838374
-1328429856
202147887
-1292835834
-1992022844
-1355601360
1511604765
-22117162
-1264753175
713432799
-1712089339
903176680
949374795
-1903436913
1232431170
736067939
1305960116
503178558
-1004687555
802288895
-1828159930
-1383519229
-478001134
-1611695656
-1696101953
835707126
-247381390
106217860
988505086
232666992
675011786
-639125401
1472487622
-41056908
316902821
1002724677
1792214721
-283871380
2114174798
-924385768
-1514508858
-2017834217
-252108360
-1283658205
1875098974
76432833
1072805538
-62781114
-1071870076
-1201415755
-656475146
-1813866348
1481784236
1466380016
-2106206094
-71406558
671632902
1168442135
-332517751
1440955937
-1106727165
605820073
1357789579
-1293831377
-273662185
1050512760
-1708386045
1652657129
648211136
1462050901
-1726861729
2140068804
-1445037369
-1599549942
-1529270058
1480808733
-621566778
-957643380
-212526202
-2123621747
-1499389975
1373442929
1893751260
-1281534590
965001720
-322628449
2040714808
1019933195
-1840060268
1931337797
1172885199
515246066
2068099776
-1444963057
-401107757
-2129880817
1081200291
994768277
-1827890734
505027803
-1731010677
-1740234733
1435856731
-943935165
1744158773
1951804767
1098226918
691799230
2134713675
-2090216681
-329682955
-287552095
1528390701
1112155417
-1654445450
2128143025
188768756
-421989832
754070379
1175931129
1355214515
327923755
1679437260
782027486
1381896447
-1123196216
1882855851
1675488368
-1441069647
2027965042
327279513
-492809982
-1722222615
2071799248
-1892219320
480044540
-1162889898
721609407
-1368448399
-325490961
-135601483
-732521847
-771641097
1133350633
-22973289
-1294854826
-958385332
-69629174
298152038
-1181576990
-1995012588
-1848081833
1434466729
6340208
-978634233
-1435285811
2100293510
675687422
-21883109
772047801
-845242744
-1133278023
358690273
-1054802618
1741965987
1985909939
-1071965394
-756304553
-948890252
1194679250
208101886
-1429796458
-896727860
942701579
-1728315498
-2102321459
-1125175953
640442064
814325224
296430964
88491544
1451584966
-47314886
124814218
-987175232
448404155
-1266235896
163270568
205781023
-1726942505
127402025
1084393810
8525682
967848208
-564521935
2088602256
1751052927
-1133018141
-1493009897
1634676413
1984290774
600046144
1531109398
-998012258
738932568
642862021
201564375
-781676107
-1870385412
-303370193
1691154383
-2021966633
-1489420336
1825749517
-312174618
1449657852
1332434750
1609164981
5998681
-415838891
342120593
855958908
-1029542944
-1954055260
-2121289034
-291430368
-1862756846
323352007
-1319104954
1303887497
-1502833912
1852913044
-892119101
1054806961
1768621377
502963180
-1229542879
-1063775777
759365061
-109064182
132111752
214182938
181744268
-1192050660
1756020312
-434939171
513128223
1449694996
-1469829011
184629254
1113463679
646036415
221102755
-825836
-1459088058
845819157
-293046628
-1401244015
1722226444
1049808851
-362954560
-2116303923
1555659276
574193991
-1639316347
-769986100
-1945100794
-555809942
-1856237328
-1575810431
-256531610
-785967565
-1951309478
98363707
-1525898332
2140164649
-1584454025
541190494
-1695642642
-331966406
-1558946924
1129974870
705363461
-290706741
-526291937
-1122891063
-1939743900
1461896208
2060856684
1298449675
313548454
1709129116
-70307658
-1864972586
-179575000
1049075003
978825571
930730554
-1603577107
1199872767
-2024430709
1252632018
-813022526
128775320
-1509316934
420639288
-1197538142
-788389399
-652943115
1688515258
-1886396325
-206881065
1825768955
-668902067
1390973552
-103530909
733417164
-2061197887
-963854015
-1998275846
1732076910
-1757114314
-834561943
-2015168501
267290862
-1740853554
-1297402265
2064443610
1427729829
-1686772061
-704589697
452612243
-1851974212
-1480161285
-1266372382
-684175454
-896705039
1816430010
-570723572
-1837108671
-1628022118
465025047
-1557126547
-1364290478
1774166250
-1998514542
591994699
-1178587538
804186226
-676913883
42724838
1484316733
982479082
1267126457
-1922280484
-1737733113
1686829105
-1649666341
832923599
-1494837365
-301101934
2081117359
-1042188476
505685519
1356709705
973179172
-1050679602
461529016
531036997
-1583393175
978743403
556079643
1976304686
1041673887
1170039853
959542803
842260904
1527388111
873254684
-780646700
-169624871
2096610077
510307418
-1854450112
995911209
-471223491
-584547192
-751166855
1843048776
238571046
-445571224
253210807
-1945787020
1958884870
988621763
735392090
-125416452
1472836981
1831862669
1301328194
-927418625
1524992748
-500440506
256541790
1314804345
-2107179144
2030001058
-2111335037
825606527
2088645802
-1050431381
1675683710
551341001
-947855919
-1507955802
-1736338581
-1432019087
2085017707
-363429388
-2083137464
-900928774
986929111
1288676667
-1442639932
1545114515
-675768241
2132061829
1575591005
718998427
219106582
2076459559
-462478167
827231591
700071405
-1530850779
-1763659789
335003203
-935213110
-1841732907
1233221641
1676246455
857355468
-1534085695
-1219197869
-211819254
-1310515352
1734917842
1853645351
1066220299
1767724264
834733993
-1033007524
-2024022002
1371007766
1613686096
-2015009764
-1315670475
-1817412300
563848209
-882858754
1174915568
401458222
1309216166
-1695945132
-649052474
1827339794
-1062818414
1086959552
-910769068
1075697855
1959557069
-1557760243
-1174169706
1497355228
1453766054
-1371691717
79909989
1512001036
-1632019227
-657858341
1678580544
-56905377
1495217455
-1515333219
928960334
1423143691
-1194627154
139407655
1727049891
-419046821
1113232624
1534500135
-1573792062
-2108308762
191491343
440899243
573788002
-1699099132
20629010
1093872303
-1193286284
-801523842
-975618925
2129575927
-1757752219
-413154940
2085907105
-1800346081
666889120
1505782755
1024467175
780370416
-1297881514
-185996682
-1323921907
1771825908
1482423169
-1926230307
-254642082
1419693643
-1614812635
1608554861
-1912541782
767486656
1082787288
1488397671
607358317
-1979516394
-1657993339
2015831147
-987049680
149969832
808429164
914726190
-1730021585
-1247980496
-172343956
176398698
2057073467
-1022953754
33751172
2063970070
-958461471
1253313484
889816727
477327575
-532874804
191858504
-1948603537
-77688395
-1132210329
-1619368206
1805782531
-1458137071
-2024341818
389941167
1801367292
-39126058
-1393180730
-2071639810
1516532597
-1120146449
1844815986
-1949036143
1412206594
1737324280
359436712
450496799
-1449975821
1205340983
-1801694725
-1787389064
-725586726
1259110861
1273772763
596744409
-471815607
-1821300440
924500979
-630388863
531966432
1155564219
1012140242
-1454769532
-902411386
-1538676751
-1719665459
-1266449954
-953307659
-1700951458
317028642
-253753398
-1188797572
-1504476361
-1200780960
-1140150444
-2139541760
-1436359164
-1784374778
338397229
1160711491
758549139
307064170
950971326
-163279256
150635055
-130811172
-2034788481
-412564554
1207135250
757898251
2109692040
1743439259
-1634591465
135146662
162618471
-1878190604
1357745843
1933312070
-1866204364
1421238923
762857766
-1455500662
1099370211
957180897
-228213523
2117735811
-1166791719
-1171909588
-242794630
-1107475885
888229569
516020898
246390566
-263778288
-881847393
2089174776
1915191910
-1110788883
2053163556
422578469
447481404
-2031774309
-279839932
1769066859
873746417
1928726252
-1106627579
-1399184233
5375488
724174266
-504157798
-468995962
-1286871979
-1884878586
-1744139600
-867703573
-833560649
1616532067
1006506502
-1291594672
-254440319
231956628
1599974979
-155475622
1360313496
-1736415116
1428673283
-1732707248
-347633512
-1749092330
-1012840654
1187345629
817379408
-1531893716
-341113699
1443472405
-1942569360
-1997930580
2094922950
1361474229
1454160768
-1391858256
1507710711
2024144814
-268813292
1905163677
1305541529
716565220
757311038
-626611833
-1543667515
-571144142
1886161475
1762619092
-361772005
-1086669135
-1048425840
605194526
294190546
601790522
-2037068050
-436504738
295729424
-1251293912
-227887372
2062888774
1455758716
1493997666
1784790973
1149575917
1314915856
2025996184
-1725738789
-268534607
-1941708493
510999499
1390437515
-1634552488
1641100806
-1507500525
224870185
1079175288
1401498366
339758236
1553508838
449284889
1290641842
75355121
2045355191
-1510315880
-1859732491
-598112132
1727644560
1646856653
1305681447
1724283981
924166866
-1290540432
367624904
893521178
-1392484607
2118197432
-370707635
1362562694
-925541447
1976523588
1777482294
-1343040346
2021696994
-69183170
1263297120
-8265024
728321314
561004733
-1378658409
1273119317
314445971
-790530197
-849478545
1985332833
-761587019
-19209881
789465427
-729891104
3868838
764455532
-1858778914
-1634344812
500478096
1970142514
-561379991
867198213
-1461036191
345525524
1483291620
83470025
182871489
-1825892878
1356654569
221494789
-919831488
1318401624
-1316487922
-1123622605
-1601837361
-1720760353
1367597434
-555774427
1799526258
280271315
-1224573510
311934792
-523243470
-1178684906
1533081045
-1842892499
-1272875945
2013100099
1048862621
694090821
324458710
1550085909
2048592455
-479262996
-2117195768
-853041142
1542597438
1713116072
-578294627
15277379
825820211
1140486065
-1263626289
1596079534
-2004363656
-2123266636
-277768487
111277926
118634382
-476653357
7850922
-1532232615
-1814979844
1888431088
36986070
1910144298
988685666
1598314795
1285820620
1067365977
-1049027379
-467493464
-2069321650
274377633
-17986997
712531349
-6624227
1859171745
471916738
-96492437
-1711054349
910935486
1201061117
684254579
183819445
1974305863
315101959
-466435957
-41722904
-1430410023
-467706692
370331433
847572581
-2098705148
-344941156
-1385185888
-177107896
1095682350
466440162
1265448098
-753787858
-1444295753
1929481940
84825861
-1090644066
213418589
2114523740
662427594
1625981639
-1797534238
-1751134248
-410588070
-1010554005
205670380
-335850450
-520970479
-239443173
-1351335125
1207380770
1252083200
2029955236
-1268962880
600827883
-765713938
1750136009
-1394483747
120431362
2043111840
-4743631
-1192623960
1056440637
1584743770
1144850595
1971077988
578492444
-1523679579
2088538992
233580242
-1509571741
1689249873
-1435796689
-1155937068
1520386024
1116193469
-1537105233
699056212
-168091730
-575758251
-147753175
-1389570205
548399921
1110150747
744317877
830641060
874906627
-1614051862
225216511
-2012568341
989437079
-940545736
-1622694342
-521506272
1994643804
2080117019
-1583186861
83741801
-1007915251
186658510
-1643840406
-1469304696
-622439865
-610007564
-213182339
50739841
-95466405
1027424988
-1263987354
-1198248065
903055717
-936808187
-1045587705
443073015
1194554269
-611723803
-1097209918
1796830221
2019258348
-849628186
-855898833
795884599
862080962
-1685898832
1258138632
-1027583969
454855718
2013241773
-543796888
-2097006130
-1019240946
918767049
-1845647564
-2001102074
1123158000
1242737529
782193113
837370606
-715529064
-1225143297
1386726711
-461342220
-2105209028
-560522005
-598901540
-1913214994
-1390200627
-2031084316
1618543477
695777410
1077640847
-1627690840
-1985905280
1046340040
-930327061
2043190352
-1092965562
-70274771
-790765181
-596736808
812422664
-1628732774
2088502151
770467295
-400794504
-597572140
1217315142
1471371178
-237972886
1744418341
-1721971705
-1386675858
1152706507
-1582929860
-588430566
1111831502
547687121
1128550993
-2042952919
-247453790
-422315660
1642377868
1954354899
-1948293895
-1838762468
-1812039769
-701686661
-81029535
1435407259
-650997807
-1465010852
-541471643
748915804
1657520597
1493193184
-1978206890
-1842325283
1677751419
286977842
218926414
-1207633574
276760622
224631313
238144113
-1988385078
1026795230
669043431
-1230190218
1030184718
750824999
671805209
1648066149
-773685144
-854517837
2015146912
232025505
-1800984535
-1879145508
-1736121128
-39096023
-285062994
2088422036
284555160
208080410
1477290636
-1572391288
297570178
-954786184
1374440714
-1371419005
1757910683
457560877
579328463
-1963765488
-1587430883
1787318864
-184213540
915326563
-180002676
1367635371
-636433989
-549598087
1320250630
464874871
-1048263944
-425524866
-1095343137
-2121184407
-889585456
1210986606
240698477
-129123855
-471752152
-1988877315
496938015
430072768
-2080662848
-2106178629
-1771301164
-758394997
-743416408
-68919437
-1552789399
1962521615
-1237959950
220548308
1118595988
176162900
448947368
-510051501
-399781393
-1680714700
-678375680
-699211185
1184186711
969213214
-695377970
-709694091
-1746941321
-1744254185
-384032455
925059941
-538139489
-275758590
-2044367951
-588889451
-1532499238
1959815968
-1905902816
-1698205578
433034814
1573960409
-162258081
1287329492
-226539131
-1207451972
-1779984405
1046109058
-176897572
-498229309
76970712
1374772789
736755963
-1543633701
770975493
-1849800528
2065663093
-1812522588
-2129958512
-1102136031
-1350427056
-658784907
1155145356
-472168758
1258111704
-1965351262
-1365416719
-866733852
-1346117712
-64993792
-31941165
786524095
-1025044439
1831884457
-1074746665
363808813
-1347206442
-395934212
-1177018399
191922465
-1287543713
-399962137
920673298
255093650
-2144017515
-2132628632
-418464271
197622949
-361389369
528499536
999581415
-67389942
-1019991469
-1257572535
-1141227024
39663781
-1816514433
-890066661
-679853681
1858788721
-1024406903
1780324906
-69596926
25491617
-2094277892
-1391076030
2141877431
532851463
487428420
-67788649
605206014
872441273
241815172
1262457862
-2121992705
306217969
1513784231
-975114335
-1239043091
144777013
-30188363
1382997610
-1282518405
-986152521
211045735
-1400286883
-685340529
-1923360002
2059391740
-513179981
1138207029
1854544580
2014510925
-230518427
681047766
1081021986
-1848991457
75451630
-1669630552
269572842
430054840
-1219516075
-1847922328
276780371
445501364
195406698
502868551
-1955157029
-1698955496
1743846735
-1399235295
-1093995159
1227146919
131926841
-562455820
-1208013391
-526222732
38643832
-1445551217
1490521052
940663736
-1458405196
-1270466679
-471883929
-275847707
-1903568520
-795863692
154851146
199057658
-370186252
-1862461869
416536413
1265853721
1536966398
706157896
291586039
437390166
1934170458
-1706307951
-235090984
1495762897
-1816886214
-1953545803
1483991112
-1442821882
1696771591
2084250361
-817419393
68827235
-2092638879
-281413607
-1648341689
2064838682
1064490084
676690996
-1193507361
-1780286920
2113971245
-75872505
121861922
967142646
-115362660
-1808649378
1398866920
1045198927
-1520303014
-1464190778
2000337324
1889056978
-270342883
288337031
-604000145
1135764409
-192366550
849092048
-841218853
1394647097
1074229019
-2040118988
1099387050
885826075
-578562846
-467558571
-23607992
-276604533
1060365069
756939486
370789559
-1102984145
1951967051
-642604618
-1434037070
-121279621
1236434222
1867586929
1127229461
-140837821
-1671913422
-2027030774
-1008534917
1518068625
-840345091
788890063
536152616
343076024
-325562136
-1418862180
-1732871127
926866600
-2047558979
210157643
-935864647
1744463492
144275394
1575642730
-2062336537
-948546191
462772726
952838959
1484412532
-1842610255
-92660582
241397672
2005201665
-881109265
115658738
9279798
31125353
2135501275
-1271218868
-1581465797
1687543403
-381195527
1417807681
-2082078702
-1092784756
-1686466378
1038977594
1383444799
-1064590533
1529635516
606585141
-43327769
-799777995
1034799238
1054913225
-1637429630
415081771
-900829898
484387431
-1826260786
267184545
-703968090
-2146057758
1454321414
-265881320
215645628
-935297232
-354230445
-1809880721
-577253886
-1097332110
-637817725
353756549
-986512779
-1032601551
-1565799176
394679075
-571485796
-1534843926
-1668160286
-1071975655
-1936921892
-253528372
1567444912
333307814
689217290
131233471
1690897603
-291926756
1756823105
2111015336
1260143460
-2027015996
46628598
-1640572693
232428024
-1784925698
-905608631
726540593
-220357518
-404616787
234375581
765934186
909413896
2077111249
865874282
-1407673323
-1929543128
-489941132
-903330479
-514104898
-105379667
-1011021622
-40861328
362976200
1774139725
475842963
-841329417
-749225876
-1148384682
1908616132
1436432891
706801921
-1185948007
1418377829
879392394
181741437
242646694
-2093052740
-1066902786
776409147
-2006585031
-80762965
1726386582
672662526
-36706573
2129957206
-494906558
978318901
-329798324
2027682568
12752317
-1232598144
1419697352
-1060788905
1169000161
2051642482
682767976
778232453
310503734
-1508151144
56779875
621959977
607069643
-1647043142
261853717
1939929357
1840260937
-1117325472
1888096055
578034778
15880772
-876123497
-41323952
-1405124878
-154980652
-303750668
1388244587
-760518115
-118057116
-898601511
-1743335414
-545906074
851476681
1413901558
-1352116902
-437932601
1197125526
-1319585517
-419277401
504190979
1740631725
1457298443
-1156158447
-37971629
1791728409
1707741467
1973393792
1747141444
-1331324645
-999090596
-1531145771
2005997535
-1202715006
1468011150
-364566431
-1300943094
1437417023
237392662
-941256806
1076088365
-324402888
1866065481
-394174453
556766743
-1801398180
-1223928342
1565235852
-460510429
2059994103
-451017231
572529075
-1937327210
-992703417
-591381618
-2072107382
-1225324469
-351910066
-1054732180
843785345
-375794799
1816258537
1277351481
1820297382
-2017863085
-1675269599
468233830
1028624403
1080212346
1817997504
-303932885
1954834854
633303438
-1672255449
-758675763
1456588535
1840530083
-428244386
1989876259
1497303174
-1823651214
496885868
1172783958
1601861940
243860165
-656048919
782455783
-429896460
-1634177512
1050454993
-475028234
1650874050
-1742419843
-1090501734
1439960256
792242643
1472520896
2101855111
-1192122263
2044893709
-825586742
-1342502082
534838779
77778873
-1338856374
791902104
-108938578
-364879242
-2096564079
-1861125960
-2045669015
966930288
1765432509
-944966306
2033450376
1892212434
-1142978791
-245887107
862776799
1264536696
1522218180
-1989075446
1500290047
-1138997271
977151119
242872342
-1599401033
745267076
68998187
2130160926
-1011470627
-1568298248
-1868469372
1392502433
226298190
1182320889
1285978727
965521139
1712337202
-233995216
-540185494
1476053329
1694373764
1088934770
1380833036
-458078412
-1981315887
-1521145548
-1477900774
355149546
1130370623
-1109178818
677341780
-1333475487
183174864
-544930913
58445392
1946174790
1126484200
182798304
1906472351
1931154766
657339404
1356307324
269519405
-351768622
1886800620
-1260842866
-740656147
-1508023903
508288418
-1937018420
1048458933
548181521
1097894972
188738739
1556632166
-1827918249
-646255241
1749396228
-1021730481
-716097000
-1167204915
-519827602
319602898
-1779325633
1657223858
-1271953012
1683066952
2117512976
1973980697
1155740945
395227681
-612942211
-975147459
2052634689
1953987408
196257720
499357085
2124092834
-297339675
-459688183
288421703
2066244851
-642329605
1318917345
-1962126503
1497474909
-1080849453
1735743278
-1842409532
-874042648
-1518543295
1376408560
461855059
-1502400208
-1519088058
-639334133
337236203
1403768151
-489481986
-944984737
236603668
-247452355
1649711292
267042581
-594257993
1647624686
-244435341
1450648379
-1587232727
-1962607780
826199383
-584734061
1573976423
-1015510195
-109861693
878415783
1998214307
2006279062
-1180408740
-1782660575
440305663
-2114526327
-1036540297
-180481191
1156555159
1097197739
-1827418953
-1600710610
32089797
18134698
2088106746
-495463400
745300895
1771891341
797138038
161972605
-1509675324
940371244
-557377762
2139294532
724870488
-80373533
1964085578
684657576
-79387828
-1656748414
1230237078
430597198
-174392350
-1013009017
-899882743
-24525928
135247472
-1058241650
-2079701126
1641392955
898487139
-696310008
-623568338
-582366194
-945955450
-1382407893
282307782
416140069
-1741567100
1300912937
-492284841
1399637022
-1081150037
-473832796
-107946790
-946725702
1287332850
-1467057824
-466784058
252149167
1100871741
763161657
2010896123
1452868795
-1755825954
-853121704
-1024578846
-1576926212
392609631
-1773916767
-757959983
404087422
-482406530
1756991855
-491603789
-1572998635
1651497592
-1978999677
1433110759
-2103554451
1328542346
1655939385
-1825506455
-1631512225
-823496012
2117975804
1310239535
1791535237
134160063
538827771
1128349653
-937527280
-740671615
-1905179108
-1632211589
60683992
-453542048
-1794871504
817532653
-141066316
-1617458412
633895016
-2113061371
1324946443
-1574405456
-2091810552
207130189
-173036629
2078099170
626961498
-765145624
-265474599
-990851463
-771222812
-749932367
2116839336
-388681689
-146926884
1256982948
-2071096434
-1353155448
-1693928485
-228690308
-2068101581
1792279650
-1532161583
-201875042
-1095707508
-1492400338
1758069561
-1598587339
-1430747352
179815895
1440509581
676930205
-2104938807
-1660338751
548340474
1120281860
-1412436426
-719712244
-1740617641
1750113870
699157839
1398069529
1105541715
-1882196167
-999167646
952663116
1746789102
2094719938
-396077380
373434387
1945413674
656093382
-1168701567
20256295
1092108545
1147029483
90459071
-1624798191
-613710439
1003457984
1015791297
-841949200
1757777590
-537395678
926528929
-561216135
1313855599
15772386
-977370336
1401055038
1033329700
-554958684
64332985
1545932850
1296094638
-1995180535
147467507
1772775787
-1818253352
1945733392
1875312375
-1825828822
-1720577010
-541839687
884387681
-530020328
268220756
-1231677205
-1543496102
837733842
1525321337
1011119766
178921190
1645350311
49662859
1884361244
1916911482
1805353632
229734029
1365570028
-712767535
772587968
2014480231
-52306064
-914014209
-1683688052
-674048227
-455411671
-803400507
1333775820
314003012
1369615639
1023421735
1380788115
2103838384
254727261
1818559804
244101501
-720350094
1467592997
-1181015484
-2111238088
-486544895
-1139731007
987296767
-1090369724
508922806
1618150418
1727395644
-290493954
-231012739
1189703725
-418648657
-1145317158
78732745
-1467152070
2052275976
740593391
-1086364472
1496394911
-616835264
1377715128
-1370212648
2138662750
1929713205
2037736728
24396600
-2105857605
-1574132616
-1654313570
1954471938
-279670494
-785039002
2094226186
1288018008
1548446790
197385845
-709736176
1787668957
1922424205
-652043313
1948480603
-64527001
1847607210
1847491108
1662036436
1515087602
-1850068853
1580062140
-1164810717
1765857495
1884218998
437976779
417212789
1714107964
258683758
-498105592
-1663057025
-529973042
-23733541
1066531968
1514986435
1223957933
-1608180375
-1882097242
1446132242
-1151283800
1166450480
179753647
-1930521775
-1705937750
144509972
-1268416484
-1215897985
812590195
-1205264786
-1185233257
712799734
-1775690102
-462820373
1844661251
1812826352
-1361985167
1702534324
-1005819442
-145972915
-1535077094
1152512207
716689544
84165010
346303130
397031364
-62041927
1596448564
1185268508
-857825661
2005916910
-136069865
-1515458025
20248452
-1369958123
-1099863472
497594051
-241606352
1485310730
-2115049166
1840416968
1581477503
1781579889
1775420040
1970271288
-2070759967
285998534
-193492706
-1537810241
451603042
351881905
-1696755322
519180313
-975838456
-766578786
1164567064
-1149182013
1093940351
1220851853
72720186
1801288181
-911523593
1070043430
-537823264
-52387378
-1408638387
-698200561
-1256925610
-918974767
541790824
450443138
-1723279043
-31224945
1047541221
1910188313
482040018
-607499354
1390603510
-1341891860
1577483382
-1094112023
-1465348473
798762973
2040374377
-465512480
-139480670
-784833231
-1535595559
-171838606
-1759352557
2105941859
-1281177829
-75309088
-718400178
1109446708
-253590985
-264131339
22802577
-1335991802
-1408982102
-359481477
-895239867
2089260138
-1062471834
1718606321
823402153
324638199
1445217821
1726119034
-92089423
-1675172003
30866622
-706752489
74476587
-1531257927
-2115745729
387682584
23750692
310659626
-733238883
1157278927
-537390711
1338066083
473646624
203785863
-624619504
2091837442
-1295157277
-842721356
-1081682088
-2124572319
-823106925
1232428907
1917342543
-1778694996
1235980406
-240462573
-677808429
1785360500
1421073327
-1896885667
-942239589
-870958335
830351295
-2093340559
1117096536
526423213
-1962561713
-706194327
-108693993
1778994031
2088954412
-436664574
1206849000
180468662
1201426322
-637078640
2110458308
-1458947465
-2056619860
2143164978
-447909973
-726430583
993879899
-1776352953
1444102669
925892400
-1230441162
2050462240
1678913642
-142281226
-1204113711
-733967114
138423868
-312016447
295411522
1586087966
-270330860
-1239952094
117755872
-812732805
-1143558398
2134813162
353730638
-1473269453
1427759673
241757187
260463287
1839505572
-304496909
-395690628
1126508634
663167129
1211872914
-1884280859
-2110207415
-996955208
-862565625
1024397020
-299533716
-273491393
-640032393
-1328334873
1478858956
2042879983
1927387931
1262091140
627804430
-1766034105
75389031
1629778815
1967481916
88186869
-393459090
756431490
-1843166517
-1038086519
-1803176316
313004274
1961829081
205650795
67883044
-2067825928
-718360907
1428933391
67685652
1784261597
743008164
-723003034
127702983
-1681304934
2132048098
433924759
1194836993
405543855
988788454
1284764398
442411456
165018675
190353130
1747331604
-272053670
364747308
373156522
961125760
-1943084062
-690592224
1623723115
583284269
-2141432112
-1342555669
1475585854
-168663667
691978720
1187877075
948942725
1544744381
1123612730
1294380249
-1121853514
-2004190983
-1062423086
-1640940207
1982680415
411350097
2013312529
-703767883
781478505
-125836899
1738477749
927067061
-359801184
-274000723
1027735797
105367441
1613342066
-1966174267
-257721625
838085035
887831542
-1074203832
520500006
-1394718121
281684784
-257739598
-2058027857
-515559179
1949987475
1151897803
-549478133
330830658
-1192061242
-2071007975
1317705395
-636168726
1144871082
544169109
-1590085201
1502970465
-2113840996
1771420578
-1651479937
819906034
294201847
-622225606
1382659903
-2020684265
-1262839076
-1096690838
388854533
82646539
672412725
1642579199
-615751795
-1873741410
1773417974
539341441
-143143656
-253877945
1872805
-620236704
1566659728
882056063
714847516
1626803309
-1548120080
1503115084
897187725
-180044661
-2051574558
-42077157
1602775751
-1163098971
1709716905
-570320174
1168942775
1969506274
-979252160
452973605
-674523856
-1257752297
1534104515
1528909865
-1455744018
1802559101
360354830
-112798938
2045809367
-1422320477
1465476003
292633520
489771652
1520794790
-1080704048
-841263624
719267584
620568990
-1241621743
2039287903
-103634225
-1602739877
-1815793230
840230220
1213320753
820917328
-421145416
1066241598
1137774247
-1834225457
-837795070
501437476
-1491983690
-1937504906
-1082980182
-1381134100
-1113907734
529868521
-310301520
992360025
-508735203
-1382767424
2138494169
-2012058087
-1634505991
922278339
-1305885740
-1760778474
-393044806
-1336022188
-824109665
-53369844
-1102919880
-449672148
2076302888
741826395
818803748
-1000229302
-501969353
-728901603
-237527151
-712404953
1283539594
-1651041157
-1831823946
-241241811
1621057857
-2126174916
310667506
-471844502
-971560580
-1086237026
-419838961
-151949184
-1604708030
36354665
-1550902070
-2128158752
-1864282716
934627136
-1311667565
-1851614153
1160724770
-727332551
1461962128
-247680473
-1077638068
-1723121744
-1104703001
-1250629062
1544391852
1406125144
-1053025476
-735553517
-313977373
-792178798
1468531832
464791782
-1782148847
-116658687
1613639628
-2988759
14429818
-1420805283
-206011659
387225995
1557925221
-376293752
-1028379711
1789631269
-983990713
-2094021922
2117019857
-915744017
528335649
503802576
-75556193
-890700684
-1136791003
-667338828
615882946
-1350130743
1295638175
981250773
-1029257359
-1723879749
-484037613
-1246927919
2024425797
-155562681
908193697
-563060700
-1651988158
1498066254
1937408945
1290452991
-191796969
920202632
795242955
-844493730
635953060
1694780345
-26569018
425523801
2045277117
-88686045
531293476
-737409095
291520301
-67270597
-1449498180
929483981
661478909
-126834017
-611027303
-1347152002
-360813066
37563974
-1155327966
1430266785
-62127517
-99781895
-1990903686
-1643805556
-2062610405
-1376728831
365499689
-905800725
417568189
1044000289
-1741296901
1635154388
393675837
1582917062
-1064698840
-329375208
303442847
-2010062724
-1218423627
-1220889893
-1960398845
-107075932
384037145
-1213179802
-1202435360
756136547
-1653855454
1025866299
108682388
2054071517
-914845415
729263465
-405368293
741941923
1617988388
-1185089502
-359029986
-912317591
1760391915
-1772275062
1941400624
-950234884
-1801715330
-1900490543
-2144868013
-1691840142
-819185802
726581891
31380672
511195298
1704272730
-370797794
1440214503
-919184170
1566845507
-731707420
-1175311180
181895871
1696970433
-592808206
-466328301
-1825827671
-1351650816
880964498
-38134090
-742237969
-671978714
769715148
1647289621
969726896
394121471
772672322
-38759498
1587101634
-549379620
503936829
-699637074
-1393644826
-282659401
301905922
-525813914
728383805
-49297765
-1048157334
1483832738
1650680827
-1924768958
-801710927
1640172735
-968317095
368949247
-622805619
683334971
-117328944
2051193310
520109186
1008702074
1425114755
1120518153
1353589876
-1210491705
-34093828
1319307117
-1796198019
2013263768
-1886971877
2036767900
1945233153
-36452330
97632842
-2112681996
497824510
-1320427557
-1033050891
1407719425
1293120168
-2076514308
1306405177
1396272671
122203188
-1146537910
1854848986
30060899
247730676
1495441109
1171909754
-620655684
591143587
-1667589199
-1130590200
-1101540012
-1620182270
-1200483076
-1257347466
1346015803
455126179
-1336555746
1057287086
-47667641
-486101500
-1721961134
-1454695482
2058249013
649967582
-230416794
1840808561
-603368173
274637759
1981266366
23416249
1460793570
-971759658
-832618338
-570402838
1337919862
-431469555
-1810298969
807886033
-143577439
-10054563
-1797542750
2012270118
-277718384
103832668
-881189764
-942015674
-1107783308
-428322790
-1512868463
-767328220
952129380
318860846
1279805996
2043752321
708714625
-545513717
-1360853170
1822551131
-1531699366
1953295767
685343662
2024220322
-1821633134
627946750
-521536767
-1213534415
-332723520
-940353598
2088106363
-1760635141
1408175510
-1731242986
-664667244
-1187181179
1751475012
440781164
-571947505
275280531
495569182
-1056586932
251509303
-1563455706
-1832539012
-52765337
1841932907
-1551783515
1727036641
936154348
293728989
-555456167
1157659742
1825626905
949082774
-1960067810
642626104
1803336980
1628078269
-237176489
-2126584888
1232549114
-724706793
-342793950
1448261538
-1038125000
-617774383
163286732
938829561
-904308966
503212157
2121691015
364224833
-1400405599
-1062301606
1067173466
-1217296874
-68893288
-1392869928
-1546950056
-1958815396
636131817
-155976358
1558950932
794809766
-771454164
920934205
2134822483
449331419
1907711360
-357552360
1840242179
-120805610
-1152649314
1275302725
1991652716
-506470450
-1500288214
-1787756384
-2007234907
560021815
34254412
135683726
953764168
-461363737
-1159341441
1980184384
-83179672
249538747
1944323240
636203065
1847100867
-833635590
1411514986
24643341
2099116852
-299960133
-255610696
-1873242518
1507445610
-1415913596
-1882026069
-261445796
462551262
118115124
-1991653483
-86338868
-55262718
-1948754654
1513417557
138671945
1435344310
-43765371
-968356884
1148782346
-1142355201
-1907620075
-1414729392
2036478515
1173956602
2085666034
-1943368576
1740091735
762856462
1968753349
864614104
-1335184322
-970596000
-924313820
-832204122
-2102642457
1804458379
2127843387
-1949294340
-2065969456
751868304
1045670567
-264052537
310954612
1025419531
-369218907
253037344
55880980
-1408700248
-1002972309
1101545697
-701643590
1961522132
1174182101
-830030469
-1371191174
1472688566
-429109436
2142331655
-342592262
591995232
1577113027
-205917286
-201822923
-1908638399
1397016170
-1573450788
-1541086341
-1704078882
1517615367
249869019
-987115845
-769522751
736920570
-2002939108
1011396612
-804667215
2027251551
1871065331
-1415959479
647630882
-1063893390
1233433108
449642084
1517876975
-1911041233
-1430975895
2085848413
-1553718714
142790713
36872741
2095411947
585289187
1640090876
-544356072
-980459974
1198741888
1679818773
64260933
2078424814
-386383477
-770645008
528202417
1685132391
120549145
-37586510
636371581
703282502
-533064934
-1680452006
-1655302346
1124483888
-1293254450
1807474210
-694986644
458366673
32553847
-1830268373
-343181439
457127972
-1722438832
214930520
977500098
307078896
708849085
306890105
-1630168133
1070692245
-1191283517
-163044948
1317278662
-1422919672
-1174312519
1836171007
539984357
-667528933
-350288065
825168474
-1953405231
-680923135
1112268399
910122651
1443351634
-1321761775
-1320469678
1919513090
-222248751
-1376938806
-1311204202
1033852368
300513323
-1078201322
918844029
1874514986
-798087737
-1748922157
-1750509289
1323432002
-585833494
-1211732594
-1518452302
1911614647
-1181795255
668450705
1369259921
-935797700
-742185505
-1512539617
639495133
-893798280
1984269313
-42415619
1759352024
1559694125
-1139952978
1294681396
-1048662952
1659254171
-1677063125
-388574443
-246666894
-2139700698
1790202831
695242877
-511389324
-1407472586
-1823735269
697906266
2086509593
851886686
-717525491
1460516973
1581885175
-550140225
-1516425291
124996177
319384635
713109934
-434333688
1359136955
-605409127
-1764115820
2059751923
890786050
-1246110595
-1586623722
1157857459
1743757538
-1132284794
-2080259979
475459427
1713262716
342205748
1540562742
-900651562
300492960
287380959
813309189
815756966
1084365135
-1942128918
-594303786
1113545357
-1223650181
-1011351751
-2120582836
-1626559245
1539199248
-73970465
444684638
2050923975
1797175863
-1419977444
-206025929
962686097
1277660888
-1476292730
1971401054
1290289352
408253793
1532668037
1427508759
1448325984
-662730810
1168639747
476420360
-1927357017
-58123320
1155760484
491850526
-2089942703
1328630648
712285620
-1902099279
896998865
-46923266
845879583
1552921061
-1790048535
-1612148586
-627707227
1731039572
1027788932
1137053659
989064461
-1544388375
1721410499
1257640264
1733671962
677082382
-833072811
-945658630
182014204
923368969
-2025114357
1899165626
-1939277303
1380843427
1559248554
-411235013
-958379604
1280327434
-149277693
1328896671
321124509
-1469879560
1343455297
-133511873
-577161390
552763923
-952294271
921160107
-969137484
735689623
2119409063
-1170944273
-765702122
710628913
683397999
-1428821480
738305122
-61345490
-1077451582
-12397066
1818946197
-1101999148
-33495734
-1765792990
1346035052
20760336
998629448
1571611714
-1140877217
547251536
2138944676
-1052222837
571188174
-120257358
-468083131
-1115199865
374804602
59744094
-461668189
2060042520
1301435958
1289444911
-878295399
-1346682692
-2130974243
784181656
1249110911
1034792721
69516934
-706485051
-1782939272
-142871909
64955894
770782976
1183500551
1825542341
-648625066
-1986721962
1376267752
1772997669
17271589
-1608839558
-1509737187
-1665015036
-1238044817
-372235544
2021451846
1244541468
-1978562
-56286387
-473290187
-586793053
-413353391
-315907291
-1804279615
-1691356536
1367052811
1805532581
-1032851494
1183480316
1977398446
56668892
1778516446
1729997107
-1842141240
-1685966060
1261140266
-1392718997
1309046253
-896631682
92366578
-374066131
1420178341
1436593933
734042965
-1329000494
849108904
74775201
855188139
-1589168056
820580936
-261846168
241419297
-1747906027
503656494
1560893569
1341674888
-1117669988
173085768
-1526875935
267712617
1127344287
2121229569
-1643781510
1207145564
338996229
-1654945613
1009760153
-366206311
1353212380
-1391563431
-44595569
-799564081
-997863520
1316722569
2085003155
-1064259276
-161054531
467381408
1317725415
-1496554019
-300921518
-1042748354
1081391416
-1068071601
1886128439
-125481739
26931274
-1453170091
1988730689
-79089604
672835028
-327536365
-424403772
1853153705
63119016
497302363
-1514376872
-1525787297
1522276374
-2135521730
-1949702432
1159190980
-919131758
1623637222
2137757128
-1557942153
-207414124
1328379043
1402362253
1389609601
14835391
-2005852605
636422529
1210311625
1182003781
1574844581
175700432
542136781
-1248821111
819435664
1019021501
1477548431
1412657925
-767370816
-990004175
587296972
-366856595
-769503934
911291254
-2071130509
1988234260
-357631743
-1732120257
689610324
279907727
2086304927
-1255947797
893414424
2098022039
1581903753
1331315210
-329858703
381094195
-967308219
-1415395041
1049424785
930734102
-37864179
1280031911
1144869855
583385925
292117921
-1285583014
-1614612504
-1404538116
-671594919
795472048
466586771
-1977017134
11498617
669118630
-2123454311
192327451
2005820360
-718529599
566710835
-140673395
677932387
-304884909
1938009108
-1042341339
111951822
919299580
634518937
907127115
-2036186037
1937157235
1517390398
-258371532
1218151791
1413230214
946924628
-1796991353
1276111601
1670714463
-1855265040
-237118397
1631837893
-1034655736
-295050458
1698425055
-654659736
-1201509584
-2023125897
-2094301006
1413235581
-1347353298
-1678688121
-1570804587
-1752567143
1476037958
-2085009902
-1565026362
-28862630
858551595
-151519456
1898588174
-1982124354
678664133
1309903480
744715302
223778993
2130194484
1397196882
-989561770
-140227097
-1783382765
764802639
-927086241
610868972
598430720
-1772792147
587126171
-1537585032
-679663268
287151798
-825203614
-370628345
-422031281
335046777
770861998
1544962985
-496896242
-1160707140
1337750529
945175574
-788815008
-1066761680
1623822981
1924302853
-762170531
2011384550
-1587060363
174428605
-19552648
-2025897727
508664508
98199531
-877268288
1155115437
1673148635
81761974
1921084002
574291279
137904655
1879440912
-1119521422
1037965309
708157874
-1310312113
-1730501654
2117303600
1628877793
1604086779
923884530
-504847688
-1445173410
-1703704599
2013571169
-1755023633
397154744
1924554888
2112678787
-20343247
-1984523864
1814962042
-2077984228
-1176378485
-72762434
221965926
1554801325
324958386
-1167127235
1122822668
-408951563
1041375542
-2035109566
1548792473
-1041670726
-1803823882
-2016549846
-24892100
-1535923512
744089046
-1770970827
526207736
390023994
-933899089
1829832294
1186326716
1416806391
-1369177721
1860375214
-603120464
1660022911
-613307647
325427785
-2141223727
1988138983
-676400874
1581305190
-1742902593
-1322254814
1768541957
-939258611
-2143366955
655917441
441073800
1713293885
283294842
-161237892
-217119161
632306516
954749366
-625732686
-1343373935
1605186483
-1379560441
-1740400594
-1565507767
-1549743711
-87498635
820161003
1523874334
725022319
405763300
261437081
1318271998
974034141
508336297
1059319969
621125324
-1656593988
2023897694
-1596720537
-521663409
1391387348
428152569
-1026063922
804588910
99964935
-705446373
-30535680
734091418
-879093066
334038949
-2116841106
967168906
1637814114
-119026031
-1047963114
-1227129810
-496956010
67568894
-1049318909
934833373
2072601092
-2086505076
293762586
1144811472
-1991061778
1145423338
607680786
1276040659
-1905021241
-1582526804
1888997572
-1611234248
-1112204007
1426824289
1849011108
1643146767
945375657
-763056668
-1443706225
-828904299
837900760
870794226
-1459430714
-170415383
-379225013
-705276419
192998458
-720299771
-839380274
1217658943
-539064311
-447505941
1345787509
-1364099311
-1588647096
605806878
1214061060
1777535868
891955714
-1482214573
-1479176560
81554704
-229032319
678264424
1622027878
-430680844
1653229771
-82805611
905556522
-275130818
-750845329
-1606592799
298202179
-878145660
-851596671
-438207786
-1165236618
1371363763
1066528226
501913463
1763638737
-445214690
947752900
-439028366
192542921
-2094512678
-827550100
-1899323759
-1906072666
128842824
-939982790
1263077494
-1706655970
-175591694
1162233062
-1268107641
-322605760
1186023578
1958553355
155813670
720619667
-529214064
-113993239
1036754981
1574259071
-1372518588
1327284070
-1231802759
-1775477270
-971186917
957170262
-1788121812
-1411131611
-508393851
-395800325
385918872
181080585
-821243313
-1382433841
-2011813167
-1070989987
-757350603
126549120
1207327331
-450583942
-1866923589
-1219548869
-1613177795
1463555121
1658753852
1540921389
-1780871189
-592123924
-808542653
507262790
1838564619
612998419
1436376088
967302207
329082105
-82733392
880981918
119476446
51053516
-471102635
1986185564
-1937645704
1222249606
-1991995587
-1269202728
76899255
-1907721082
-159179600
793186091
318645149
-1373445567
-487604564
-1440749870
1201173704
1593742129
-831831615
496788673
-1466207753
980733196
-388198596
840005309
1723286732
-1661716935
-1694591353
1593627371
-634927149
-135171713
-1629951793
1701090467
-272579390
-1631667969
1572072167
1809011337
1099518722
1900917860
1526972780
2109145566
-70247826
511442520
-841786584
1434073875
771391066
-862057159
-823444037
-1105939553
1240265942
-2113703156
931526776
659095825
-301265358
-1821726543
488530316
1016265064
-122556219
185194584
-788397723
-81050462
-1460122390
2067094323
538202192
1287254930
-743764661
184802925
-690640284
194719734
355354465
-52731046
25894302
1479956936
1298018362
634490606
512915021
-1374083628
-2113660547
746388595
1136668080
1754108298
-1422935381
1165789046
-1252319524
-1434796011
-1694152025
248824066
1747199459
-2117200725
-1667945096
546505744
-1911157454
-726983129
56244812
-1675043523
1902931259
863381460
1934089663
468302269
960914003
666272650
1747033181
-1136651889
-1725678372
1913315583
1986640229
-540114702
516788134
-499431850
-254999088
-905673449
-1289797486
-518423044
1456348048
804638743
-1206419592
1301941684
80906524
-1732351962
-479213750
849152751
-1629966036
1957496329
-680309383
-360751008
910516929
-2012191035
2109899671
637688016
346320232
-350518120
530222909
-1230994642
-1054362178
-283120852
524409902
-29080598
1768197686
-1583572214
1823026364
549824386
2005358617
177418316
1449315434
-69580196
1026666702
1014775958
369608914
159082966
582463323
-1538317241
1983730888
-2072808805
1924462123
-23027990
-1626687040
-536502216
1513790737
-551609614
-2058192020
666337774
174274444
-1192596314
-1572367959
-2073200439
-1859486900
-340766630
-1847468901
-1651997967
1094339317
307632095
-2115815658
415557695
-1556666078
-276088004
405850943
796826643
2066896812
304595101
-1386574477
1425631332
2055743275
301248395
-1855651482
-1130875369
-1781187908
-190053539
461876623
1104152212
-2146057212
1977667821
-1277894461
-1420266857
-1683096715
441947023
-303714784
2028257859
1749768399
-480127681
1743733548
-1412566404
1971474410
1347397145
274005053
684145525
-1778084431
104634125
-149103846
540798087
579350897
-928699438
249709538
630108484
-1103634861
1921841178
-2076367828
1616876492
889815335
-674440184
1230104687
1065308254
-1361070494
329520094
1872815012
-796144079
-853033878
-199356677
577899817
-224734843
469057040
1149911555
-492554008
-216712460
263307613
-2090702753
-948621896
1127639053
495828624
-1798379288
1632255490
801671458
591242087
-1178578466
-1311291737
1156579425
-1704114531
663756830
-360957919
174399009
301502388
747259284
344952296
1520225918
849368820
-1377557779
-506570730
-430568409
-1965112910
-1027807087
-74400947
-1224004491
1575919317
957256400
-1209267496
1126389952
1632470934
1547040091
47833360
129091822
1513670790
-2077521419
151902720
-1839885492
-702458155
-538053015
815387724
2074486176
907236816
-533037634
-1290085298
1690680190
701624491
1623117993
-1406720639
-1972083238
-1137668992
-1598885566
928495138
-1298958370
-1287743849
-1350492678
-1043420908
-139301635
1147892455
-1039337524
-1782240765
1849400392
-1155772707
9066419
-507867188
-1855435520
2005261403
-2031646885
-1299171044
1753809003
-1472710398
1104531738
242487127
279446763
-487881292
-206136543
1077269434
-933648821
-1660947884
1583514094
2109840067
1424920412
-770948657
1680025093
456923599
-26070848
-2097018272
-225468194
82029317
-332906235
1126118927
-259599071
-22860942
718907893
-1520924806
-461238768
1198659445
2054321963
-178182441
-47340988
2054130013
1584896489
1731164984
-354644581
-2040791472
502568489
2132792337
407320176
535823726
15625457
1473881847
1263849997
1523334453
1550473195
304375210
1051860061
-375307482
-403953100
-500879275
32462565
-1628145239
-2126943628
357492755
-1156922635
-19871699
1516993070
417490357
283904794
1157675411
-1809031592
41212098
363352022
358718668
1335819566
-1362193730
-257045614
-491418688
976020802
131383983
-143572525
-564888463
-1233063465
-61545252
-165237332
1182449760
-493395856
-995038505
1957815155
469079599
2017536931
299327422
227744183
-2133544569
-1660829902
417533117
-262238864
986832187
889936219
963764694
1452127608
1804475309
-728781458
1736124132
-1419003590
-1999246992
1876925344
-144099108
96870056
-569080274
-147975649
-591702186
522576754
1882744780
-76059802
-1934080436
1877243252
1825127371
-1068507695
1073924128
1957903983
1846680305
-9383821
997012451
1214494459
-951528664
2013669671
-1703302189
-953600836
-691704923
-633739291
281589797
-294852652
-2014623924
-124935338
-2087695867
1625275288
-594048686
2037824169
-984519974
419237509
-1929469916
-1247063897
883104718
-806587020
-1222829434
2145084421
1464674701
1390411277
-1031918849
1383241976
-1655310260
-2131778439
1012694388
-1263237106
1616022540
2118774875
-1723317485
-1957779908
-1837608673
-1969427200
-1228433294
-963110349
-891000597
119140564
1192536567
1533612790
-645628179
2007623703
1164917369
1610118064
2034854401
-2112940335
1353543719
1304946882
1124867551
671909379
-1642984535
-376194532
-1559121688
914001950
-835949180
-608375091
1050901026
1437810872
-1696002622
469341660
721193857
2000190333
1329547729
-1820309416
1394478184
-467591581
-1739346773
-1365165907
-214943634
-1090940127
1135875383
-2096078023
-1372715420
-443055135
1220894446
139047966
1106623383
992454451
1389392065
212940377
-1900482734
733468485
1335285306
-778133485
-1653947738
-806426543
439699169
-609955785
-1519169428
1288106582
-1516453920
-1336209084
551262602
-1489632758
1666257897
687289699
-1483378314
1107059982
-2069490345
1046798267
850865912
193922403
-56443245
-512258300
935011635
646416412
1497627833
-2053489318
-1370543899
-1486150827
172949626
-2026329773
-113203731
708075363
75315523
-431252397
148244749
1075525452
-808821089
-634207714
447644145
2111458425
-1991300135
1402725806
-1253219984
-1419304535
-1432768027
1826662214
-469329904
-620850903
471753599
1044447174
257300687
231076417
879443860
1257383233
-570153952
1263837681
1819852257
1532929228
1628749619
1719722717
1225417178
-1049770600
-140452999
411781
-339011636
-1300919997
748417639
239804856
-84950971
685497706
-1485760135
1542297162
-974352973
44094082
-1114713479
337144836
1466964042
1263856616
1722358784
-819288356
983649323
-1667506891
736986685
1396471909
969643458
-1584576297
199053301
-977325432
158789743
1145721820
1698549706
-1256377996
1386199911
725099281
2077207999
-1239813934
-1415808804
-1984129717
-2055098117
1342292029
-142746788
408669956
-555997748
1337707249
697812342
1323985705
-978444306
-70752575
1151868834
-764320463
165027085
-446636466
1962584162
-593620879
-1986802807
-2071123339
-1724439900
896118958
292092280
1901547273
1350141546
-28735501
-1553207312
-628404542
2083133356
-235835995
256753285
-34739596
-83523716
432030420
-1216660720
2109972355
-2027715733
596563923
-119031374
-819684971
80500523
487528201
-964902632
-349074550
164922485
510822665
119160575
1711842216
-281053908
1777108449
1237778682
10030874
-1218925630
1511368623
-1754696333
1499906203
2072319451
-1686416776
-128124689
590835310
-721132241
654271804
-1632095339
180157329
-722169164
542730309
1079855856
1960886321
275247099
-1890857793
-1103827981
1905681760
394291930
674566541
-1132367555
-1974188028
1485367114
1523442009
-884495969
-1833265389
204460947
1365409261
1906246362
-456023812
-728474970
-1327035199
596843692
-1143274392
1477040329
-668231468
1818036237
-398936030
1485534841
997055934
1985656502
1202200146
-1005318773
-959172602
1804558050
641636081
-2035499885
-12708176
-991963305
-2122824328
-1220096886
-896767462
-1612042329
-1635713574
580635818
1481378824
998770867
988449972
1972963484
-557085443
771715440
42127043
-108413739
-1470803252
769543149
-919647338
965061949
-171109267
196640404
601573252
685769233
1351139092
-272534097
1793097951
-944992503
573184127
113097006
1914834025
2066737340
2143269519
2119277223
-1970010874
-1368331197
-1966537702
1031683997
-714997069
157850909
941800191
-345076732
-309228362
-38306478
-1617060998
415871236
1092418327
1284883418
-1336704840
1188652029
-1588167858
-450489026
-1695329618
-533855797
321530941
1386783359
-579467995
1347101258
1708229984
1367790135
1480324121
1468751900
-1325826750
-686958594
-2068631228
-1777182551
1702896434
1412488719
-291727628
1888495718
-586833866
-1777228502
-1408322523
-1005983910
1205326656
-644301125
1253238219
-15799842
-310444897
1347732795
-1549127314
-822425180
228928696
-160811307
944551164
-1956611335
1685678581
-1714170291
701480922
1488646734
-1303723524
-590498275
-368318149
-767287820
1764145700
-1102884384
1566422965
563820582
1074385700
1572559347
305180177
1039119692
1223169037
-1161685671
1265488226
-1678355842
-524365703
-1266844193
218365016
-1472067514
1983913476
-1960543616
-430861355
-1091377751
2008788219
1019534346
1922855105
38344552
1928329299
-816185343
490607386
97165187
2091516124
-1645199934
-1560841650
294551806
-1312225354
464486891
-1656684852
556295143
580844547
-395723782
-2069845800
1339815318
-1006792738
485491251
2102984862
1081051446
1372268682
473665479
-1151220854
510246020
351935982
396755250
-1194628394
16655574
-1653605055
-1841401116
297045860
-374781857
252822273
805266979
-468633907
29124529
721764393
-880570321
-1393467975
-1893868670
-1031332190
1444280230
-101362832
-779416910
1924675833
1021051946
-378291535
1391803532
263993681
-1466014656
2008957890
1868745548
-592530533
-962597509
1764717512
-145589536
-460116219
-1639982375
1081937240
-617154574
-2118659408
-1424552596
-193991091
326943526
1414113701
1276523324
-388270373
1189940384
-1051414008
2422891
1237044708
-1654373432
811150222
-1373591910
503551626
1325096785
-230500052
-887433589
-552146172
-1271979658
1344678416
-325117945
-746934091
1115741318
770866644
802206722
-467887750
515931043
-460851215
933227772
-989239741
-353905723
445814385
1583899049
-1985200412
-1653899003
192118760
-129993261
-1559547091
1936053272
-1566786396
895214975
-1323157193
574919704
1465044771
-983439793
-255902464
149592202
-1140138043
-541492442
-1437133510
1069711260
617836482
-1076568559
896823647
-1957690194
-1130313891
296690788
-1797319415
-1583236333
1765118809
-1203928797
-1565854593
819802392
1005807020
-406337116
1313080978
809221956
442895730
-953016206
-1165697110
1299089377
790100516
-679744909
-1808569829
-1832621381
1902976521
-833195444
-752857155
-2032864985
-1121647637
-1846026749
651880634
555710022
251399182
-1351263514
-1934310487
-1606545526
1190069341
876192683
1156389596
-96470663
2032373734
-455392040
1905117941
-1363702607
1068175752
-1578613916
-804741441
-532414677
-2139288085
-1938617954
3998778
-115378749
-1084147537
1921433166
-981762313
-1346491913
-632250137
-446207463
1369271206
-32266257
727232712
1793363753
2090658029
-1008768836
-1534987107
-1236592884
1703016826
447892708
-337126146
384678621
1228354395
1567800094
-1756499904
269044129
-500592500
356345689
-363716817
-1170444046
-1245956911
786236930
1612919034
1746988001
-1143849786
1593012102
2090695278
2014198808
-2042762701
-2087520234
2053223
317477183
-888815195
950992809
2022311298
1165935265
442854713
364314183
268112663
-1124630770
-780568390
102731907
1645555046
-215345406
-1847444754
-1999550392
2054105871
-1599666938
-828669907
61687256
221431751
1570281558
1275841074
-1395401454
-1789126072
-609131069
-836290251
1129958131
-1784285815
-1642700070
-122719688
551337822
-2126599889
1982664518
-1940187487
1295007519
1126421827
-405254030
1967431944
-1452793299
1572554020
1664410482
1688845138
1454639
-886438466
-1752135389
520184318
-1847284415
826944251
23416976
16804030
1477423351
1697839225
-573267049
394867785
-1109667423
1498308990
1739848140
687652207
-1891081776
1362236456
1459049884
925905261
-1574949351
-148798488
425979829
-508836990
-1485590248
-1014913231
-717769563
218923970
984875959
366894187
-1843889983
-945008855
-917107280
-1532188115
-1670904249
1515203826
911850063
871648940
2034788806
785296681
277427580
918442605
1349394621
-341500801
-50301704
1926074946
848563842
462135645
1238208999
2097247347
-499164315
-1870293446
-360794483
-300794566
-289431019
-1678985935
-495279012
911849076
-650506431
902490317
323819054
-1554899306
1465145218
1589630503
-941587762
1436586717
1895737207
-705924045
758318012
-501258039
1831465521
-1456454570
1034708017
649079499
640303570
111738938
-1038640032
1944333372
945483376
-199307034
-1029554946
-1174017903
1989467966
1762943752
-1486319868
-1979932211
1986345453
-1949078379
-214078541
-1004080586
-873126833
641955731
-792129320
132138315
-1988527042
-2048784843
-99977903
-651138060
-1039423045
-267361240
-117775921
-295452677
-1975849127
1113372971
-2050240036
-801273157
1001905371
-1297010459
1211326751
-2074238186
-2089695204
1991068658
1841023199
630027947
77099055
1092267582
323924421
1480061512
-1921896762
1907359382
612195813
1704131997
253320151
-882267269
194178815
1563983411
-1254504580
-504780486
-628208383
106435995
-1190040038
-607355591
-1158319920
915017450
1501940421
-403494254
-1186195641
-1746981020
-481203229
-341388315
-183230337
961568374
-295457265
-1468782999
-270655664
-546547479
315015487
1609163332
-111878888
-833559723
-436315096
-498658275
1670829498
1155542995
1142145504
-522529810
1591537641
-1560646922
-743834171
1184931102
-1247939162
-191978502
-1799390819
-1899916338
-2024632058
-1999272898
-1133489666
1918126962
-134885063
993757679
1734282480
-1975917916
1100643271
-106448378
-291531056
1888520244
-600986085
-316211853
844802422
-1541358205
2047054661
-170680934
-1474428518
-1599346160
1582510587
475239422
-1154480525
-833088429
1368561376
1505730875
1233373088
-1310862391
-285942008
-42967239
441742667
333107280
-1168120133
-699546978
-767707509
687628980
-414736263
-1643069564
-2045214198
1943743113
-1019652034
1873675628
-398828313
-1919308486
-1564383481
-98826639
-1926290467
-119188894
284826260
-988430912
-1142701404
-317042342
-239413906
295627079
465206679
-901749742
-1605719253
1797630636
-1352158826
-610315484
-1192624912
-613891200
1610624557
-1022906586
-826615242
1376313524
-963605003
2078100287
2043161041
1411295563
1713844538
1337347324
-697835730
-2020178864
-1968128290
1614472548
808763356
1957579274
211898236
-266401975
1537244493
-1526705041
1013098191
1221635808
1776756444
-1907711275
-987619499
-1056272748
1748580369
-556268305
-484496337
-618384106
-1132345564
1700561142
1883608395
-571080520
880973759
-42637018
149737924
1907913723
-950528504
1745933419
-2075646840
1084997478
1779662302
2064084572
-1230414021
181245080
-1103515038
-2006003096
-1720553638
28350112
551127480
-1546000818
-1817175645
787086220
315920654
-1793071150
1763346356
-2118175937
-1289646884
-593878611
-505508878
1627826056
847264109
1733524420
1180483500
298576239
-1450569825
564419229
1832509311
1266212817
1988366822
-546799090
435030523
608881454
1813112214
1772351286
1823917190
1710437057
1428864097
1967578545
-190190976
-273543472
431280669
-720344057
-1075451225
1110950981
-1707834678
345150308
1589507773
-1351432834
-465027885
2068932238
-343471768
106294368
-310717548
404933650
-1550522792
1575084466
-1836452324
898836417
-1253803858
-594729561
920047155
2070325082
2095264668
-691302980
1452477342
-23714168
1159289160
1244613572
2124210081
-1012802034
-1451799563
-810888640
-81744700
1577275968
1092898148
1880893940
-1036030246
-1238682444
783241336
-138441546
-2040193218
-586207943
1860747544
816863624
-722822817
-1407795704
1035363928
-545475095
-715996289
-1317685447
54575834
406941799
-869597257
922086776
-135555214
-66520967
1586702654
-1558632456
-259953656
-1367244917
-1460559382
-711493209
-1743502654
952866649
1083978741
-1345488478
814995810
-2006720128
-444150780
-1427042582
-667149076
239051857
-90878107
404407128
1057272715
190666984
1363022488
-2070097458
-966475596
42436221
-1275153392
1325425583
-1253292149
1410957049
721248058
26522000
-1670983802
-847589172
-1018381378
-1107100881
1104228176
469729789
-1142354684
1427475107
-1717132817
388524161
938034681
1846490837
6785576
-903859247
-876145390
-187426514
1333692449
-318309450
-2008208240
1828416145
-1857108664
359098470
686508806
2095954827
1266719347
-1756510252
690210840
917633993
703591496
-1087724476
633252228
926876874
-1930290721
1831841821
-1096121242
-2142331948
1088338341
-160490750
1580445367
-16113876
-1121820541
-1544379357
-843152106
-2101849472
1692319550
-444531249
1337575627
-1391001944
-1266720224
-635611571
1313495560
1233279117
1156562648
-994698772
1317130864
-742956183
1888074910
1295336025
1158005725
-1709325776
-308143462
-1904883920
723885918
1431874637
1091197062
1036452820
-1766225794
-1096418927
-969538159
434120323
1812240587
1267562856
-1658087034
45284516
-1686546538
-556660403
-431539155
-223432605
1441229302
-944169345
-1017635087
-1309127809
-1803174125
-1730889996
-217625406
-1104669854
532462752
835118478
16847933
309858929
197668777
993357196
-783781879
1581343397
-1786706546
1821843778
1101926787
-1083503270
1343951182
1475082252
534442396
1296471143
514023689
1930170240
1324911618
58947694
-1244665921
1749617634
-1677776771
-576434060
-1803976867
-740258852
-44771685
-151697741
-14317830
-529161362
1206779792
581766830
-1785421475
1303548451
1540010582
-656496506
1419794370
1620256901
1773800988
1215530380
185181405
-806645550
-553685283
1909121558
-2122929121
-1463390482
1057701966
169109654
1694376247
1349553052
1781766908
-1974898200
-1132256293
-1799913752
-1871245387
-955681046
-1408461881
960761319
186008871
634619729
577708293
-1437585501
628575175
1902107066
-447636369
-1400640177
932170740
1064945919
705121394
-1228697150
2017555035
803984076
1865697812
-2140349406
1592147612
991193969
-940824009
-1943524897
-285173715
416529144
-314869986
-1605514269
-1445114497
451909498
-1424966096
825162503
1312022878
-636727122
293746172
1922375624
-676083043
-819060542
-138854275
-1144954566
238258673
2124437102
312298910
-10375364
1075886621
-1587770299
720101888
-1634747412
-1138852273
-1059225267
-452737543
-700344227
615641802
-739350830
1552261344
1759176839
-1800240188
-2101299338
1598850183
487121535
-1506914672
178252685
-362468088
-687698713
366014719
389783207
1221785796
-991301465
-455251196
-168428947
-1285694296
-1717423652
1504835222
2980528
-225126222
-1640381424
215415258
156655294
1826926771
1749495212
-1391954048
-1507238920
1650126166
-427159894
1371251052
-1200462431
1252616544
-871801202
-141004391
1482923512
1216278329
-134015594
662269242
-704789369
596486826
-1919896273
1023538721
-1805601347
-253725977
-198745173
1476251236
854314938
2074882256
-648966351
-1312640451
775901290
534439283
-1620358156
-269013966
-1968373547
1600263381
-66461273
-1632630923
1941422516
1414437105
642399280
1594360973
505859398
-947117823
281621403
-1821658059
-852835740
940499195
801365841
-1844601725
476040403
1399469406
420309129
915737676
-1319534887
541540141
1953173501
1079787718
488255506
-2133148613
-1094821151
1488503151
-106891901
1604951977
208706320
521344558
2127988463
803221165
1863468680
-851362889
-976050839
-730356332
-900476392
803830323
1861801770
715303177
-1801125033
-219577825
671386788
-1934030953
1126362584
-350751885
-1073085738
-1621127316
1984696219
-1015762169
-1041074462
-1825506209
-1737146171
-1774276046
2001698524
-168213965
-1485739373
-1196684108
1456118756
-136005859
-1282852468
-1268014891
674453878
790160003
100613878
-756709939
360680960
-280693754
1680881034
497157222
-919170892
118761154
-114926230
-1818954273
150567071
1934398676
-1049484462
-159011565
-1419265798
1795768092
59344654
-861286949
-1396658496
707153219
1024652587
1930147503
-1567100032
1793247743
-1030256655
-1145347949
503023987
1982554005
375645072
156424496
969422033
-1221207905
605954456
105233216
-1042704801
2068670735
1007321006
2080721199
76077900
-433323149
-228604548
-763818497
-2084170178
-1774371207
933729769
-303683477
-1153067610
787189430
-701096054
1717412943
-17052837
971036834
1904730199
40666694
-709387930
120561383
-1777635167
1833856404
5511195
1743409370
-171407037
-376573882
-1007146648
318930249
-1481328361
1108088216
-831820431
27389303
-409371220
387617430
-1142068133
583789668
578204469
1642769669
-1888155289
-30065072
-91779133
1347217538
1309381443
-1876587390
-1111515722
2078007787
-178780772
740116805
-1661441679
-1402012417
-1717284873
640110643
-799025588
1683474496
300922305
-2089957707
-96317746
532101920
104766372
-434241335
860570651
-1788464548
-695642597
924806662
-1643532117
700370594
-592392888
1709036252
-2110942660
-934635143
1257835012
-1549315552
1305382665
1261671521
-134807496
958597832
1935358524
-1533766087
-102749590
-244494862
-1596740704
-123233568
184535706
-743263958
-404136294
1989601567
1761535055
-1041006356
-104231847
-627035450
-1511439380
-1775413401
-470387380
1569133332
-1247074489
-2034181244
-924365356
1296469851
979917691
1137044517
-697449925
1741127140
-1765350403
828423089
1750812131
1012659983
-598442259
-212951088
1993318850
-1575078721
382704302
-1006003853
2017293837
-1437367308
1620152504
-1437738730
113812275
886713528
1373714860
-356727991
1517145612
1806922815
-908972376
890059115
-190745774
1210654025
1690717148
754002617
1376271951
-501216565
-1477687203
2060759430
-1294887208
-1893734195
-2089846983
2015051979
-715613575
-860749931
733611466
-2117884446
406779121
121083141
-563328177
-1146887538
-730313760
-1787133887
918617528
-1845877954
-1007406658
-1337928812
-1740677184
253777298
301978639
-564739948
-1692812223
1812210462
-833103660
-1089463677
-1935162685
1675449453
779493188
1903500024
357669205
1387847752
-1993451588
325340350
356104096
319761207
-1301829901
606978299
1195433784
-1124058297
787531889
-2016808300
1205912885
-1304894451
911172673
-1391395888
537870594
-533713173
692227045
142410299
1696928884
2006746001
-1027894647
-397607732
-1428119267
-403417914
93303931
1015756873
1296965346
549868904
-1504165413
-2016592406
853813195
-1661896271
1176387726
-222756804
-591614694
-1115338565
1254734200
-1229622712
146778526
1872183877
-48487191
1911221492
18228552
-102605641
75541079
-904264024
-91136514
1490149219
-2039208114
1125499187
840640943
-2115429107
1962029476
-1290259984
-1123949145
-963784019
-999061264
150407204
-1169979613
-497865102
-639784133
-2001758806
421568808
-700464374
-91586312
-2145894959
-461802608
-647435488
-1886759887
704605829
-1341892764
1944215846
-1062107389
-807499860
-1248977807
1672023891
522632524
-1412868910
-1972753387
-1877189649
-1858245214
-341246713
1363248473
-267815474
1840516486
-27554553
2009916996
-2071960295
573328600
-515932261
-1946700178
266527828
52892814
-79370177
1974372050
-384219749
305478816
-1743510523
1937062632
-1495668690
-324457146
-730581831
-183619853
-1833696720
1898241893
-1290196412
-901976169
391561899
1881337926
-1331347883
-649832786
765071319
1381022856
-47348163
-1972821669
677275035
-1569016232
457006874
2025804638
-324167596
-416584994
107083831
-2045117527
1776189396
-181343494
-805724237
-1118163404
286903980
-1757181137
1587066208
617826061
-1396794962
-79417633
1427138540
-1085814094
-1559669843
708285112
675389510
241399714
-1136115322
-125351314
-928465094
-624141007
-1877693852
1600677290
-1808461474
1294863260
-424130498
1238560833
1086922033
1312764252
-2007319388
1047839145
904867712
317929918
185273787
1472024488
522177035
-485572429
1601531782
46626893
95279208
-730927132
-766124698
-1866369244
-1001992408
29432073
1790724067
-1010665052
1412634935
-513203845
1933531820
-620722452
543520648
-701852921
1384586972
-498028882
-366070031
-133077500
-563544706
151434091
-1185849261
-699082585
274916947
-739728416
193808125
-1816139883
2061213394
540940223
-527361711
332413881
1617591663
441058210
490297256
-529161897
-1446439648
-1426499524
-35498637
1013537889
-1070230244
377479377
973023394
1303768585
557113573
-482339609
86354760
343744407
839885961
-319696579
430338943
-1265408389
-850007773
1053240316
1758586248
-2107312731
1600712104
-544352212
1266271287
-435548140
1354975199
-943797143
475063181
-139104083
1639158193
1515528406
-339680858
1073797965
1807623842
-1184868272
-2081945131
575220513
1830729119
1842710758
-1443903987
-1735626188
-1960137991
174462857
-2112994686
1414659657
-723405135
-1705379073
730605455
1749898986
-2146831626
-355026403
743542234
-1406783
1695117035
-1646552779
-1777626955
-1643949531
-393797204
-1110529332
338567879
-136182537
-637957742
1845344144
1345063147
-290442833
602504118
-1020186232
2054758231
-457412687
1377036212
-1499552115
-645313280
-958146843
-1023568976
2020304376
910215485
-2111766906
-231205730
2093436316
-311388246
990614840
1187481277
-1296895498
-1841013170
-969873824
-1710437789
-1258056285
70580736
1977540784
-1483716352
-1737841647
-429558523
159412736
1900381788
862823289
-1400486914
759385188
-1902116317
-359214580
1018490112
-1548982150
1263938979
2062934636
613186820
-1757292285
1698134483
-2104784035
-469930111
902153140
1531363734
-659431748
281668695
837260110
1536857153
-2093048913
1810726895
151893740
1972970586
121368605
755347871
1915454107
1396563618
-2132320928
692264018
2109474095
712174934
-848448455
1505815911
389277524
661203888
-858366972
177925594
-2100713501
1451052468
2063554860
1995995553
1888799094
669073448
648988384
952437080
1962526014
1697449187
752203782
322253343
1600247571
-1184198838
1332458352
-1212071998
-1868892468
1667523863
1913208653
338480411
992842448
-130611364
1574645729
-3866956
1455087597
765552583
1106226552
611664816
223335015
-393155033
1064904087
1340915946
-473557932
2032783919
850566005
-536032674
-972190426
978636152
-2083255383
1316687560
986599049
870803916
-2026055901
1874352522
679213679
-468947039
1810196832
1690767058
-168757656
-1159317278
-91714087
-2122660357
725155894
-490935307
973613244
658286132
-1583876192
-1280908551
630736606
1386637663
1968370054
1002029903
-361318161
68167994
1166993461
-390657700
-56316434
-833922364
1878629628
-166785908
-814022433
1703386073
1143373567
1715584921
659107259
-1727776993
517122890
559198476
129638824
1861976613
-991929815
931794947
-424060310
1097038280
-1844752970
670873909
1749420312
2112962777
1432163762
-1837002701
-733402094
-1300011780
1317092504
-1687246608
1063179314
-1561260590
1216786927
-219347581
30542145
1954183770
2040333791
1619127338
1208877484
1475965076
-1590605305
-1563879022
-323051146
1018594151
-273175667
-1557572779
1107653744
-726510909
44833398
1910578883
1137153960
-830461430
-1390046665
1080139748
-462666210
-2101239637
922539915
-355867459
-1230308163
841556240
457228166
1706369234
1300457865
1055095226
1472156649
666017004
-429352428
-676930391
-468948808
-35234020
-1538515658
1168634112
-1948027126
-2051158273
332205052
1335614185
-397684449
580115010
1553608160
-453485130
-1715240009
-640393880
1498786874
-468616120
-718899039
853988554
1899759862
1304837044
1112321681
1982110175
347556999
-2140902366
-1615619530
1604268221
-215834853
730176505
1999897740
1136617951
-1550728944
103127352
-569968018
1963875368
2142443174
-111860442
57778542
1879407400
-1105577227
1660010030
-1902574104
1809010077
-1951642080
1727374339
712783445
-1311340485
-1983483190
2038528523
1612988380
-781610833
-213242168
-2114769927
402579502
-155931423
-180182248
913569980
-179175278
1776116345
-342831342
-1046362217
-1224520130
1548602021
238834397
-141153392
-254770199
-2076778984
1139369251
-2033207026
-1396033379
-1222836907
-926158840
-1029140035
-810793007
1533950252
-495253161
441404085
-1060362570
-1961484411
528955902
-1494904614
-1190741295
-2047143844
-1997977412
-1212534907
-258177591
1200447243
-1970897896
181034339
1938045570
-430914609
979535764
-1139772515
-878112918
-875765372
-1964599262
-1780190407
-1576312303
-958798925
254292951
-1575682881
2014281727
-1240827698
1871831262
-593125857
1118808257
-867914567
-587544658
277453521
-284975803
-1028692084
-2024160129
-226454978
736186471
825398423
-552363015
-525555618
-1803580213
-1910229594
-1414838481
-1932520287
-314792980
1318905477
1939245771
-1382401261
1261992565
1603441862
1852329353
1867166650
177374671
-863998015
396714472
796058690
-1961783558
1062163675
1018148639
1896157147
17059488
-157139957
108995918
1600782690
-846776729
2145282202
2006862069
-2025540674
-414385274
-1719705047
1129652649
605920396
-657672549
214104568
-615356412
-375030530
-1013863238
2075779172
1623183069
265936128
261494217
1183682225
-1950571592
-1856793444
-497847286
9734409
201163392
-1935013986
-255307528
-270910268
-972615565
190576507
-1822657705
-1068499222
1030025820
-1403449490
1602871942
-1288638731
-2070056440
-732590365
-1295889641
-344276518
-222984462
-1262242280
560830625
368687434
1528837696
971299074
1297602772
512117557
-2094039566
1797143661
1035058125
1089944975
1858879320
215753062
-2128067158
-483181995
-258089787
319791836
-1915910815
-486989870
