-1616362966
63915811
-1785534331
867983266
-995698615
-1853295928
-2097098598
109084257
1800770698
1595126822
2129416181
-1972342742
-1285655298
-245242568
2121052391
-1412793172
499358494
923481748
985268135
-222865379
2145496663
1854093719
-1233085834
1955519122
1406624455
-1712203295
-1659166716
-404727665
-1072158647
1368750595
-1978507246
391082210
2009875887
-1075992713
-619105704
1594844076
-1761549235
-1578591792
28596136
181683903
1825492926
-352521935
-1440954030
531802927
1522986466
1966893059
1827478218
64718883
1751102245
1147366370
-149892728
1185644267
1125062407
-1003171369
-1720264913
-1822307241
1148243159
175118796
1719036401
960789318
-409942847
522450236
1743269681
574401661
1097742603
1024853289
-185906071
374278073
-2025075813
-1441529005
-882333107
-1543394810
598046652
1938934438
-1109080528
1694639441
149773345
-96800013
-1806518873
-529308356
-742612695
-1370098717
614547563
1517587761
1698037604
-901643481
-1075497853
535765945
774613589
-952622604
1502763170
-1882448114
-1267555463
-32830034
1768333517
1553245934
2045360520
-1725364253
2093058368
1820106673
1750775802
433957242
-480527470
-685616482
314608332
402732331
1810981399
-651180167
1407539843
606477618
-239874683
331326304
804775024
1479323710
-1585622823
154181846
48730934
-466607697
-1744013445
-802163424
1414208393
-180395775
1731852704
1232352975
-1953652424
-1819839358
1903104751
2049415582
-530929556
1572621131
114827110
-845573251
1946244913
1659386477
287941247
163397357
1963707190
1234803049
-1886643058
1685786254
2127529936
-1494666778
2124763756
-382622218
1334329412
139163293
1056697177
-685052989
819888709
466204055
2019330334
-1064851213
-1932524357
1650440602
-1716142478
1987398002
-1408786747
1930268384
-867006562
-1868131852
1326394113
-2114691318
-978245277
71393028
161864458
1221630036
-1095853541
-2029993635
321503042
-1265445880
-946022115
-1217655944
-1196718384
-1308872649
693950566
1475912806
556776428
-533065561
-637870988
-1846168609
-2096037799
-808944889
-1177127307
-1149371494
-424997325
882999913
860716193
-1566740002
-961642262
942896624
1953735907
-593661608
905554574
-117520696
920036798
339972655
500365644
-1906845354
1860764014
704413781
-635064008
1440232880
967565133
514679584
740949580
1489881935
-2049796232
-92558824
-1427266896
-1582416893
-1138699086
92558098
-2067610309
-8429018
-1418825592
-428278403
1357816889
109413908
902458804
1403674363
-1505087378
-577046822
1340650694
-1955795661
908252251
1302067756
1486649088
1782436069
-624301121
2139965340
1306221442
-1394903490
-1289375904
1037206281
-35399002
1273384557
1618909450
2016242261
-1209832531
1255380597
1710261207
1083550298
-971020134
1178941252
-1583936335
-1283158243
-563229602
1400312581
-1023346923
-263257276
-755421388
-1130146895
1760467481
-790916411
-417487538
172265196
1578867119
-894868256
-387816527
-533343474
-233541589
-654810802
1500401500
488501631
471632898
-2144209734
-1273767249
-1818977721
1798440404
-1732958096
376624395
-1538974492
2072523435
1109393748
-487255883
272360030
-6121851
56318484
1272251135
-137825127
1707997967
-28463967
1177273001
640886505
-900878669
1131183834
343279748
1511830507
-2022756396
-1330944374
752227928
389244050
521586776
-1950164844
-1554864121
-187460480
24894822
-793233556
-1045343503
535209878
1928591216
1312019657
126678938
-1984248626
1662502515
1757993624
1143941514
-1155863993
-897735043
941510451
-759320204
-2016694623
1039755375
-1809340206
-1766093414
-1946008694
-16162044
948872257
753865839
-391082599
1427443729
-128494893
-1045095043
-1512413862
1520548366
-555576426
736318601
1490376105
1491467732
1292004295
-1193665804
-1735038141
57484456
-1810435448
-1786209437
-1321277031
1627888247
761381840
-416549982
1130232039
1867908195
-1943458142
-1883465531
-1214078587
-686769282
1025741441
-1014277744
-284120963
-1593462828
-801726430
566338328
1853366621
1390606254
572354915
-158405719
-1677407923
1065651989
1833151612
-704157718
-67141789
-52425835
-212654477
1750494783
-1078038987
-1307490238
-1496008491
1026108526
1417001647
1723289088
-2061746526
-480472188
-396112857
1241578494
130215048
-1924948487
1626440110
1874670722
1769109588
-678865902
-586159959
750424555
1324794789
453259910
1369589919
-1241585676
-1833763358
788977508
-614688685
538907957
-2131594899
-200009421
661368853
1233381615
1180463128
345697370
-2084713132
-1812913912
-631893289
1958787778
1175927672
-747649964
1955840183
25629113
-544721426
1124949269
-87576305
1292093977
227956612
653645765
-1736844044
1731268265
-1396888842
-1887041006
1659442161
189588674
235843783
1045505577
-56875017
-820634827
-990515627
1291034167
1262838930
-307313812
1739250215
-97371092
-1643526819
1506449614
101202313
76313025
-312434760
1817311848
1281966939
-1772804932
-271076425
470309577
-1673651164
-556434574
-1823287203
-1437644244
1734573933
-1439601267
1880995593
-150110500
-281335220
1191058703
630802992
-1135378476
575134526
-1191822442
1454773068
802018725
-1142359238
205062113
2047294483
2125391260
1593787394
-935039086
-1521871124
918084387
386201531
1034158389
1509995166
-2035137689
1085898176
827906688
-2022345398
-938066117
757692594
1032924892
292090523
-1787072709
215591379
-459767260
1091203387
-885326284
-1771293292
-1857891413
1525601160
-728535613
24976747
-1548683901
-541010041
488180027
-51641622
-1033071620
-1449074152
251667148
1016498189
1254011243
-2066101909
-1058308384
-1494753069
1074502188
586371762
195793352
1943497231
489395433
1652709143
-939428969
775510399
-1939352805
396477424
675458638
1256315677
792159696
2013194801
-1612101063
1347170229
777009839
1830211874
1441643671
-1971543881
1901880633
-1360428975
1551801472
1257069902
-874235823
876836041
-1551613437
1489212592
-1761479683
990688643
27046798
-1416928841
-1921250450
-1643103460
-1826716270
-678536271
237979453
94740168
-965242777
-809377677
1736591351
-1731050362
-1826185108
998730676
-2110772005
2081846421
-891452302
-1756721257
844128993
-1519511515
357244506
-2085789047
-279060482
1364462930
-1125950980
-257067443
-2023731546
-569227699
-403362230
1983425620
578678162
-1600641061
2075987124
-79004847
862267331
-1145840893
-1457233202
1830779405
-1704384315
1730315779
-624618960
1922450295
-1390612168
-491347837
1674707614
-911079426
653045644
2048055053
1173631591
-140222429
1760387339
577450427
-1422005999
-1677118391
1276575516
-190483919
793505846
-1755787825
295550149
-565388083
-775489880
675374432
1700993137
-1705189091
-621444645
-1663384951
-1497381389
1261000081
724636036
2025570443
-1066158902
-807257487
1444370813
1495452786
1100592806
1167865872
-1535461909
434090085
1800440362
-1666823102
581123490
163463232
-912044556
176708362
1571034823
1897315167
1045929945
-1634888040
1755247030
1914828732
837282932
-981929359
1544146470
-570643908
-1101745438
-131000849
1269395083
203841605
-253771578
-1139506708
-566944325
-100794733
-814699885
159243706
1505667796
-309929652
1150419977
-653549739
1413726043
-673269423
-706011905
834503387
-428084312
-1585552682
2098349667
2083358011
-2109127294
434336052
-842013825
-246327763
-1939417851
1054579709
-139801731
-1064536735
-598996020
311867729
387628845
-2136314117
-67595701
-198831761
-1387923708
-589567171
-1111509124
-379267186
804982119
1497924997
-1234161987
481221613
921225513
-579690886
-1197520904
-376976599
1529449554
1019846018
1353516548
-1297707315
-212833502
-1164290698
-628574390
-1224891601
1015164757
-44793703
1620309163
-1684900231
-1996174425
-1189640251
1887185569
579020037
-900463718
-1444411162
1170280612
-574937362
1483885429
370331820
-2078231858
-1160985885
-1910954864
-933676164
-1803030079
1181637182
-1847821873
986591655
129014984
108520021
327729259
-167103779
142903868
1781407502
-1959010056
399516899
1743737384
-2022804808
-1858786142
-1616651900
-1975611601
824661785
-1571233094
-764510268
97175981
1169609667
1244138097
2136765531
27357469
1401521579
1874175202
-1562172063
-343242822
-1528165381
-466715819
949288261
1699406952
1117384230
1327041985
-1672181501
-340906285
-1261809859
-221813358
-1227403883
-1259210280
-56884607
1254936749
461111466
970825764
45339960
1122355376
-310437739
1399375642
854139332
1189120638
-1009522808
2022484986
786563056
133767674
882357761
-2097504450
-86923635
-503058927
1182240899
674517575
767742525
-420617986
-960971639
-1658266823
-81705586
-506855223
-1457583945
1598264098
718452298
1567759
-756323246
-49794463
-1453278196
677865225
1725999602
-1272328379
2008716310
-2059848506
753068406
2042667764
-1288778142
574472379
-1885176521
1293727885
-810928138
488004733
-451852673
-1124996463
558536316
1371936204
-26907332
461099646
2083064081
1380673747
-110928144
-1224831300
455680604
548164269
-640399125
1660125885
-1781067805
-1890416597
-559054404
-243305121
1932550809
1697502420
-708799004
-826166892
-1328001862
-1242634708
-636294195
-2040394428
1290889435
453838649
393687802
-2118256015
-1041998276
879595586
15864446
275973788
1073477216
-1481896231
840354482
-1073255321
-298551329
-1754371556
1025490466
5741435
1394956922
-1591703753
1800541639
192535211
1170843760
-81317332
-495258501
1597466713
224174351
2018660054
1548217769
-833831656
482701453
1800574506
975418179
781767826
-1570369256
-1770560576
224079609
-109207380
-707876565
893212561
-421627225
1127353063
-216532190
1988022274
-550212594
1323837449
1958525456
1805877281
762226630
-1364164101
-1309485104
54306349
-296259725
1764596725
1040392281
1615832667
-84828362
-1967581993
2116990550
191434199
569806438
-171045926
-57195274
-1548860920
-91961472
1034070887
815266560
-322674664
-1041380517
1375814
1162519337
784797875
717247391
531460859
-422220375
-1343073266
1125107832
-1648643732
869482251
-1202812374
718331269
-1111972153
-1829660604
-1361167527
-198276586
-933041246
-1426297849
-641637119
-432418665
-726079389
-163482281
-2017833313
1502218566
-1320789023
381281117
-1782830322
1569367084
-2022627253
-134058373
-1897133559
1334744649
1724615240
202844832
83942894
160491025
1043340896
961129182
712481220
-2129851625
902715545
-398636487
1809623935
-1110371064
378819173
-1591824960
-2118363518
1482083802
-892529989
-1123494942
-1109413276
-28292284
-946293629
1557873913
-1265348106
1441244016
-1185542346
1860843819
-1575430523
1945680110
1684784581
2049623922
1562964827
-1568189972
-1168580678
-452300296
1581753740
-1977422172
1993560221
-784161881
2014225390
-972221676
-1539501672
-1846676736
-1414116504
1192097780
-2145472163
1865301548
-294024337
-1490102555
-639599033
1745876048
1554880206
542131686
233418431
289939493
-425894747
1543919115
-1344328735
-2094004281
-441119309
-477402769
909238878
-1942325812
-1366674985
-566889366
298237347
1816919959
1376850387
-890462721
2088808762
706796782
-1910998701
1758950296
-2095614864
-478141238
-416213715
2084840436
-668216264
614826862
213250538
564032864
1916059471
-2008564293
-1090527611
12413732
-772902752
1630770625
1076213618
-1311191488
-1247323159
-1915231079
-314057247
-1165882024
1969012893
2123955569
-1987748029
-1623808021
-162330868
-426856985
1486721293
-53372725
552881089
347172763
-1104599877
-2021362743
-1149125334
-156197121
1266808855
844638895
365604734
-1074476176
438379962
-574575246
-941192486
-336694134
-424732205
1825429928
102561709
872597687
-2105954522
1782017335
2029645142
1282226441
163616855
-802623409
-935229685
428209738
-1920427671
-1701983591
-464403716
759868240
-72723072
-1964181584
-1044475977
-318240620
2144974062
-1578692913
-2133406770
-975702779
414132076
-194997812
-1803084874
1838250010
-326351193
-2071087291
1140439538
-1039879899
264871166
-122412008
379626863
1798205423
-265055094
1841973272
1028248114
-877378944
-977743266
845369852
-1565310928
-290255811
227312143
433188506
-451994500
1073183288
-937208458
-279230634
1581666471
-984028989
-1952826188
-1325993004
-2067127197
-362508730
1468144246
-407907596
682349929
1947205458
-721684359
746913535
1522223516
-301506571
1925546064
-1695985379
-2082717842
2006767183
-1064453020
1089677322
1540595842
-1197206939
-68786884
540370441
-289088877
2145255221
-609861889
-732571112
-1045339501
-96079607
13978422
-1257994140
-691354089
97707280
-964439339
993691135
-460722447
542418474
1887014011
2094947279
2089057566
893250306
1941594872
-782818103
992172770
-1062616735
129146896
-1267279009
-437522639
-1543775551
-1548451970
112691766
-1119907247
-1235186143
244149819
290346012
1049307324
-1167416553
1167686143
-1521318087
1327171658
1868184107
-1843415800
644231043
-731542641
24733281
2133496345
-433005449
1323366273
246434839
599489733
1842646533
916428638
-1002710767
-43437588
-393216821
-684248372
-1785763374
-898851706
104903046
-651738559
-1810173907
-669500769
1084923845
-867990107
959737626
-1074639198
1251096543
115269940
1207754701
-1033215783
-1626266586
1389143209
1778766852
-962144972
693970268
-636706664
-104032
2070911304
79413861
-480727525
-721198217
1644637850
-1999323330
1762692272
-1869120664
1897108766
-1824485587
-982828447
-704233042
-3352070
323958329
1403202085
2034572665
1354714767
-875082275
1631911046
1720402618
734768056
2141462776
1662951043
873640254
-789600940
-82504954
-2134445385
-1845391106
1023783425
-940587371
-23828294
1016889268
1465060139
-1568033039
1247487686
-573070415
-2035865276
-930793183
-911103587
-1503291411
1061175380
-324462569
2063924906
-524253856
-69435212
1880703010
-474743706
2073755023
1821909013
-1700123226
653991165
2045471337
1639214791
24122127
-504307920
1721640787
-2023457480
1732635139
309121405
-1238919296
-1635772998
-434641962
-810439812
1508953478
-1262088568
-1937773246
-2041243253
1982765102
1919105034
955922775
862330541
56363147
-503092393
-169670736
1602039983
1452197197
-385450756
2127436263
1466921612
-663961770
-1093986309
-1411675062
-133123822
787487629
547210518
-105577010
-620362300
1939826162
1408934476
806974275
1986348034
-1146265101
-1766551900
-1534279223
-570715033
-892007427
-1132671448
-702264190
-36183438
-1443127211
124938804
700445064
-262406041
-2132034777
-435105296
-1635057119
954312055
1276765663
273252122
413106737
1294903838
898901431
1745658632
-1101436177
-1245305140
-1337761904
859906029
865002715
-841328441
1069458693
1852592730
-943870737
-1719832241
-1302479171
-1941016824
-259188460
1911403266
-1338406911
1874884820
1543991255
1052475777
-442634354
-2039672054
753174364
1296975700
-749030997
-456281115
1785388946
1899451914
-526573700
577370966
-1542739032
756032676
-1446082664
-2131807740
1110539967
395546675
-1952967718
-309185388
-251621408
1232601792
-102354828
