-1837301832
959644656
1568202400
189300571
-1942303275
2140765668
964852856
1223547002
1662715273
629213686
1284958475
978489822
952153267
1332095615
-379386426
-1333592345
-926938603
-756517758
-1000661964
-1117719204
65017691
-1177959575
-993551968
1507134006
-81252516
939553779
477061374
-1256831048
1097753759
1421728364
494589706
-1402031933
1634790431
111765535
-2110190415
1249125735
920414290
1654928393
555920304
1813150909
-297967513
1903155918
-552826501
1916594163
-1157929009
919529968
-1003092897
904524455
1197521407
-882619842
1962774250
-631327623
-644264333
888823178
-1496838774
-50133029
-1111447307
-298728546
323873395
-1690183126
-658118113
170064495
-1572142138
-1550456574
1046602781
1098730899
566024175
-401309491
634599351
1616955632
-1314089906
1137512605
-774849138
-707255627
-1472665063
-2106742981
-1604141147
447926414
-278016641
-1744196224
-212351197
1154399251
-424246511
652308962
1913782870
417614464
2006490973
937318737
95848187
-287396949
120380635
-2124363453
563606716
-1628068814
364178445
205135629
1867135993
-1084406029
-235167263
2038319221
-664433462
-1095544384
-920704935
1920848260
1943712324
-711384749
1396381037
-806192225
-501522949
-1922797441
1415744559
58044888
-1233311800
1371559592
1840827440
402222721
1164330444
-2101659275
1048105762
-663656958
1782530228
190162371
1856173246
274959084
-166385602
426853340
-418280216
1978941261
-1668543494
641620712
-1826344945
1098106693
-2005287851
-1388734557
-1857880614
951570649
-1333979181
1387465296
-1754138112
-1914362617
2120640667
-1661825043
-1840869513
1056626201
378115640
60627623
-1794137648
380731198
1046163357
-348025457
606261473
1297508693
-2008706710
237707150
-1404579164
1785964812
-2051822483
-217941610
-1234892962
462653993
-1809633174
-190446566
-1826706429
2055134247
-1360519394
1211439039
-112439592
-885328892
292031361
-1781463725
1782475354
956659545
1966311756
-1991104258
1242057310
114902186
684232890
425622710
111189881
350817535
-147793263
-1204658696
-1729272671
1848734387
-94668701
-1186760012
888535827
-1056063093
-1707004655
-1393485432
1556127863
-2133355510
-1915270768
1995714865
1510908738
-699729406
416092655
1484063550
-1468204708
770569326
-1504973160
-489476603
969219330
-397190529
1974660565
-678925861
53761004
-1929479180
1187666326
-614636162
-1674722126
-1758587730
-948673167
-894732842
871235178
153773443
833370345
-1864561443
-15935850
1803858
-839591438
34221018
-844840643
1965704534
1886239668
699221204
2144667479
-1308678209
232453519
1346387781
-372867219
332947326
-28613025
442012686
-1330598783
-223819168
-1125693440
1104458923
701982506
-1640018338
68548372
-1541656153
425161987
-1281939662
584184579
-1969793966
-887442874
-1251542739
-1343333821
-208003152
-1162694221
235781447
847341272
894037171
1365440182
-77997449
-1747210466
147068333
177352136
2140667973
128724678
88040703
275515156
1142724253
-1033020387
-397853930
-2097965218
1767102180
-1523069548
81436568
-1520409824
-325983664
-455396484
-1777290791
245266421
-2053281420
-924407280
-283693933
1147942971
1787083034
576038840
-7671594
1393999090
553009236
-383317108
-41563075
-1736445462
-1772952619
-1669853162
1273228898
371707933
-465456516
2048206428
-1486437997
-710649255
66178865
1896807708
-10478907
-1014349790
-407854092
1728198745
164361416
-2004727083
-28855757
1436851478
-26334532
1701181712
-1762225061
1175631201
65856963
-1610617775
1561527472
-578473838
-1002982921
951258333
-1465778847
734364628
-1911132514
672499682
2061125078
-1691513116
263884188
1689979871
196215117
745949465
1960859176
792454979
94245540
-1168786781
-508223806
1128066388
935553399
-1976777193
1838330468
1511408978
1111985261
1678345770
-454077193
351635419
-1116801841
1162560444
1810176776
-1153839471
-1609756838
981551128
1101695163
-191981063
1303574101
1190006650
1015131135
-1623936602
642201828
2125242320
1816274435
1479959190
-1333640290
-1542584379
-1426728984
523681755
1550859869
-39761414
-1236851017
2019674493
1272083286
-2001192810
-453309804
1996332446
-918056088
-1201666816
1218469171
-2139416609
-305960008
854362091
1614879627
1290175234
190046333
1419871634
-1267102006
-2072035120
-2051391208
83194436
1126469768
1430752317
-633517721
-912426205
2014010942
-724846135
1502176346
524998440
872067065
-59598296
-172358715
1744675945
-1417279926
1872683813
218112375
575788446
2111660928
218350274
604454284
1349448673
-1985420264
-32702300
-2089062913
-1333020492
-1390351756
-1705160275
-416787581
-1467825080
-1362046517
7061994
1012008850
168162300
551378017
-780969808
2103859141
1641159971
-1199091465
-1938400511
1278599782
-1575145462
-1841955965
-1270296525
382330947
865404728
1725728036
1168911571
2128930756
-521836809
1028151119
784353222
-427207360
2065690899
-2146042290
111934897
2109932683
1506349281
720191211
1705125530
-593160237
335094658
2122077032
143507919
288851884
-1590599575
364217265
-1694860282
1630312552
-596097511
2136050900
863826885
-1276653396
-1823895757
-2016638032
-2060427261
1608860991
-2011040849
20602604
-1441432305
-1205252571
1311717993
447394859
-2139561039
1347287276
-1791926561
-1079757699
-1891291506
826592325
1512165177
885097496
-1803054640
-1422348075
-1224604024
1609697607
2092157190
-1419439283
2055407442
1015787169
-492929208
1819579319
-884245938
-1267067778
502502814
2118833683
1790604651
-72686169
-1302336607
-733853662
2086743831
278807372
-352547229
807399552
1515069885
-671253446
-33328757
-1718838536
115893134
-2004253876
179574468
-284953069
1405236867
-1680484062
282117976
589264370
901125283
-27534063
-58506217
-1590947747
-636371839
-1044530855
-2063462531
727131675
-1966669304
-1915789667
-969034221
1823485315
-254646406
-1687207281
-1334855403
1728180819
-1199324490
1050662378
165347156
-513835329
1934979769
921560485
1504178270
1701708237
46328166
-448832667
-1799053861
540427999
391613833
-1746333390
1632870201
-455241071
-616875751
-1063146387
-1329953909
1968109765
-1206790211
-1227705343
-435487314
1138458619
290974097
-1289202215
-1131401555
-630675995
-1900155351
-1168928879
1258009190
-1926620870
966851541
-335958417
1497649773
-1050886966
-841021658
185031316
1946321711
-649705518
-2060869967
1967956334
-969601190
1461589905
-1394467054
883602288
2082116988
1706624538
498508595
1668499717
-579683350
689658476
1374106830
52748993
625229538
-810474049
1066336560
1336826073
2138258676
-1205951968
801478206
-317231659
1128621469
1419732543
-1238864963
1628657795
598208052
218399367
1587363021
-1461880530
1826976009
-657532049
354547126
1695526416
-1313334582
-723233521
763836902
-1138427132
1367788072
-1187798026
54445626
1616017535
-1117649477
-477898950
-1405668484
-242500159
725609507
451538895
827514156
-1876477370
-1119583633
1009785116
866119811
-487968125
-405404479
-2145429813
592701364
193680334
-619504335
-363480096
82638196
842404765
-851761935
-413106419
-973069124
310922738
-1980312654
74612803
-295489331
-1641621738
-1871576762
-1618668660
-405972620
-1583549308
639458695
758785303
-2047166577
-620367576
267993718
1202981524
269604303
239026377
2126054566
-938961470
-238841410
-78321982
622880219
674905157
-610694908
1220613112
1374883309
-553948996
1718064869
1060319239
1239952882
774719763
-99015155
-551435842
1888661915
1783410197
2086361743
1420683981
592487134
1494536260
607213611
60189372
1968874453
1103695340
1016080591
1852005663
1513530085
1460926069
-436992160
-1462556920
-1168167646
-2105854215
1303974585
421808060
-1893530894
1632451606
-434262797
1029636264
2094453488
-1679385340
-76215578
1685915797
-1616036078
662348777
1718925296
-1367556582
-299397107
-1989441685
-386919948
-984576686
-430720265
-1091294841
369164709
577928399
1194499374
-173117536
550335236
351213006
-1746169224
379488219
-234008025
1228544939
-786380437
656191401
-596832197
844285591
-469108209
1719422884
-551226165
971273607
1026646721
-1645707105
-857882815
376179567
134819673
1859866103
-679519059
-1841730641
-1823625585
1024870703
-401689147
-1616393779
378206618
542655164
143382828
-178339739
1969418777
-1317716964
-1122892298
-199662755
-811943370
1932715820
-40936852
361742684
1942293257
-1969404229
444738315
485656700
-2016342727
-911457191
25576914
741327421
-1256482839
592203637
1650238909
1764940477
-954533424
912873894
918313612
583100197
1117499561
129811528
1055107272
951672678
-100224306
1695814475
2127341063
-1232290011
-544198881
30374215
-1940335250
203538931
1253566248
-1330343726
838568055
-1879167295
1903331202
1411569429
866322419
420963986
2028315257
679263133
-786642606
-1643632014
-1542049553
-160343698
1647391778
772295846
1384365439
-520082082
1366801365
85049636
-1549230619
-690922081
61624774
1667350853
1090117276
-183343460
1583051646
-1740900680
2089272520
1018183945
-1572185806
-205463110
956959318
113595701
-262862704
587722371
-281986975
1805832098
-623620166
-1748963837
1036567511
-431871274
-432411502
-1062738482
1288425564
-1922760077
1639015480
-313431213
-1857503891
1098285957
-528986416
495255124
1057874376
-1146941925
780737416
-977398126
-1612965621
-456139752
2069860568
-960243513
880936859
-1150959286
-1001485044
-1328372008
-1391642425
578771131
693291775
-1697513654
-2006156500
-1656999097
-1278824664
-1094426635
1269899098
1795152750
1511481562
88481784
1674771639
-25378197
1725674439
1036743917
-1263181661
-19371387
1353819589
-274917540
-1016509475
423060132
-78678828
731265652
579576356
-422254810
92377439
933087991
73674785
699612147
1939796162
771762550
1901374339
221189070
-1231977460
191747006
-663416469
-242116370
-852961531
699838866
1714226955
1734470349
1414077298
-1029637991
-2022694775
1240474943
-1695996777
-122299495
708653608
-1650375483
-856287492
-1429374747
-211873879
-953910238
-1671704460
1439087636
-1200661009
-2110795985
1440566362
-982571277
-368944415
1777010411
1750632478
-848710212
921485203
-133344554
885369855
-1541188985
-318562136
992160638
-1409713127
1742113792
2009362673
-1648932263
959403426
1736934233
-1068004774
2020788949
-1377878928
-889436798
643686661
-1376401235
145276094
1682244503
-1130642249
-1452601474
-1100765906
-961880422
2040058995
233746329
-1644962543
420690530
425822308
-1912042470
-41035034
-1739535406
-1665337857
1828271673
-554860768
-272968116
565719656
1487448544
1742296876
-1225372568
1671100181
-1343504516
-110588750
-1167865888
-1955631951
248407831
1797391642
-1553953585
1216430146
-1629618010
1265595729
-38269926
-136943987
1028679071
1564962252
193370414
619065784
-241600561
-140664116
-542816533
-84304591
1707755881
240710884
-1950212129
-1880493106
1681011297
-360514120
29830583
-459197386
-1402247430
1482499334
2070283249
1343346558
1921115037
37978602
-1513831978
-325984746
1451016685
-16380835
2107948967
-673233178
-1233171689
1038410494
959077142
1372738739
-1690805394
1776593173
49321719
1461994952
-1431573706
1442595028
-846560713
1928815057
567005375
-1007852065
-2109761012
-2059959799
-1089335371
-458363891
284138350
-474450025
1218464182
-748706192
-186812475
-362154955
1150100517
1328626322
300441827
172939539
-79579331
1835164673
179642419
425725946
-1353295255
-146117618
2042178866
-580824397
1837064657
-1058547247
-1606666465
-80706392
386900280
-680747409
-293857810
-243367220
-1952462844
-727039586
980047489
191532472
-1480136034
-1871326615
-29764070
593998358
1354878204
2085855280
-1335484150
593875778
-324287877
473366515
1262848174
-760333267
2110076657
-1188912689
-1244519269
1048435333
2054239490
-868599097
-1318767848
-832206830
1549041074
-224491833
-1411150644
1931150947
-2070543044
-126294298
-1030676552
-873754455
1391061281
-1272176661
-89348762
917186530
1443705731
-973865710
1230243938
2114583865
266993586
-1533682929
927280361
-454320468
2063651847
-1184866477
1981157600
686934511
-80919311
1020845965
-2034600185
1831274895
-1498860212
1582906739
-69430930
-573341606
1855145977
1539914433
15818535
-95910146
91379370
667584898
-1471631044
1595277296
-277282307
878648461
1373899491
1692829071
-1192644916
-763003822
-237055760
208524936
1143768258
1019159510
2061859978
1084695675
-1339145678
-13555205
-1897872095
475474143
-910690013
-1269843195
1624569247
1621107746
-321058385
1829316185
1715790045
-692835565
-543298164
258835590
-949278376
-1064016252
-1984714517
991705481
328454180
2056399146
-1738476416
395368268
1963671327
-617545784
-2057079583
-637721488
-977845654
-145285236
519082772
-688501941
2109842709
-1750346055
1766771298
-468224716
2013488409
-1478892667
1783988081
1998345725
526037642
593876292
1630188689
-417698880
1678061068
-869868603
-365482155
296220382
733682310
1047701755
1035920230
1160506948
299857430
-1795995425
-803948909
327316464
-1176228284
-1138224235
708702763
-1193964109
-1673469063
838933965
2051732878
977413688
-1186074703
991349611
-1863320063
-1294099900
-1807965073
2062903402
1329731522
1680889407
243332081
1645145085
-920023972
-1115797518
1888483749
2019772919
140272188
1669212305
320476635
1108473451
-1379352189
1286398716
-1692495685
1225621399
92295709
-981820863
-1365116808
-682335747
682813201
-412937115
-22040891
-1650427182
-1017640166
115051876
-1058907768
95468700
353124983
1646016117
1849043661
1265043990
-140503553
-26483311
1101214716
-684827818
-1759233161
-151471818
1580021838
1153143089
673148711
1605416040
1291432573
897424094
776983210
1681495800
802423227
-1674063400
-903682810
391607816
1318253028
-779374583
1378641916
-570042163
-1118694666
367346724
429246112
-343974506
-1583049792
1854933074
1644482859
-1934873843
-317811751
804257552
-535698929
976204221
1181556947
1345665622
173195339
-2066578988
-775662927
2057187580
1434505984
-393397975
-1049740395
499091033
160856644
-1555706497
1142726333
-1920063443
489201974
-1784629493
-741694800
642967232
1795087698
2052833075
-237309261
-428020918
591245062
-339708008
2138178434
-1799704427
-493111419
-1961321130
-1780256964
-2078842399
-934021158
2079255690
-1257988962
-883637241
-199987905
1485514772
1806050675
496504032
1497996974
-423601763
479768651
-754823962
-232984648
-2146398757
-138858133
1848856348
1266994326
916033811
-1513371901
-2109730005
-1306328195
-445485089
-290741082
697583053
379510582
928628785
-288767498
-1010279570
82695917
772863639
1515929758
-722718448
-841554104
1203850176
489930117
778065774
-1574311749
982185534
492241215
-296326044
-857376998
-1725449076
1997587399
-239917427
974863983
177611603
-1692895381
-2104297683
-452214515
307411944
-449687801
-161716655
-839914779
2063161113
-1692535947
-1889956555
2021131799
310386729
-1950966717
-242986267
1147987148
-1713708008
1949269926
1455902502
-614902718
569706790
-795685457
380598165
1844391207
-506135910
744008380
380173073
591172907
899943615
2068766000
77852502
1341867472
-2004738769
-2124340634
1822668010
1183640708
-1950583981
341663458
-2071579333
-1646987280
829662505
-1127342647
243162889
256992914
1328841800
1303974803
-1265662719
-1193710967
-1027320031
-843671554
1678607018
-310249809
547414662
162679621
1107282820
1888848108
-860289168
1643403921
-24917906
646825417
1525348604
-2011818064
1747789640
-2967229
-232698185
-1619273724
-550960936
955044065
1790474010
1561939645
-2066548495
1897128712
57298519
-1377511862
-38159151
-1948854386
-678044330
414276876
872580043
-1438857844
177571066
2003691852
-2064550363
-1401316745
-1372186201
-263919505
274144835
-597844367
1518711560
-402342553
-905885692
1799907804
-749128691
1339966061
1716515435
-102948816
-799813837
2015179244
435500929
624886798
1730939655
-213275968
1676758650
578467989
-643953940
6374303
373951510
1714537459
-919396325
180969943
-1878031030
-1444731074
2130896619
-1434204359
-2143963105
-628809853
-49122222
-95843499
-1629135143
2060543007
-1506125909
1388311527
6574426
937850445
683963576
1966989456
198711496
502650368
-75564565
-724582968
-1356097171
1574973427
-1525549344
345191186
982185695
-1726097155
1983469358
-1906114446
-545843616
1885547177
-1587722913
123649820
1134846855
-1336568571
958347836
-664700563
-185681121
396327354
-1408091059
708136478
-68771762
-805428131
-1573317729
1468109494
-602267655
1640395779
-1991412281
-1537988288
914228839
202508826
-1149276633
-872547010
293751588
-57666954
-1584626065
621140957
-1113139417
772929706
-519933082
2004097897
51644726
-1650614631
-92714518
-18037246
-15950711
-1068242868
1573748789
1194670992
-45820499
2048110852
472006497
-1440907532
-209380949
1655602579
-185022163
-1332436353
-1011068055
-1627029529
2100426241
-1456273497
1544080207
2042281959
-929362129
-1812175369
1803834669
-712278655
284658043
1757859143
134936667
1998987267
-728931363
-1965877459
184645153
2124367530
1515335300
1945533363
2073252441
-1899049352
1060306462
-1149485751
1513505363
2081874250
-154022058
1138860029
-172284424
-1448844759
381099678
-1375887383
1813180209
-849786145
-308365266
55122667
-1972364407
-863580467
-1384971189
-1559010917
1070834704
-5875972
771380172
-625319047
-1130461310
-157439119
-1402081063
-1631786394
128930473
-217326140
-1855260682
-1125082795
-937080065
-1344157453
522796351
-1366515134
-1470554218
-1100858765
1709490677
911566690
-1791671236
500373640
808091192
-213615717
588667609
-1377166890
-58621163
1976284726
553537308
2039800374
167098563
-1668723246
1382746198
1902483661
-107365078
-1607586149
30135717
803883867
1416210084
1421279164
-1616971691
-1882803504
726707974
-2094298095
-1896681342
-926077660
313527009
-1843428831
496857089
533528679
2078634244
-412434613
523507584
-241616105
976492101
-499213762
-1007590933
-1775450703
760947072
354476206
-1032691183
-1442481782
928046048
-1968407485
1524643463
857297118
-330686116
-1719471403
-706586676
-1587149783
-1196829308
-891734570
132457645
978102453
1877762173
-21138161
-736997142
1190143092
-2040563638
-1596266353
1343167002
-1444508913
1303820876
-212089377
-865179957
-319113154
-560867061
853070970
-737987603
-1782793382
1594974774
1363760507
2225263
-1535842257
-857513752
-438488424
-5912790
-1510563562
-1744740308
-1881757618
1014540030
588066371
921539011
-1172840610
1705769274
2030974555
1976900900
1869359479
-1390338495
465742922
-472261949
-1143220940
-2053642135
-762296750
1025900438
416599368
183704870
-287649178
-1718584108
937522935
1222730855
-1858733128
381753343
2102035399
1041975871
2071287183
-2043707611
-392713609
-1706215736
1613872990
-1152852638
2142141232
-993099709
708343314
-1866746968
-2121415942
414514052
-121018709
-979240510
1385640560
1910943372
-36727282
-667038827
-717210697
214010231
-1835552232
-193124696
-2111939668
1628129688
-1825169418
-1665303577
1355956828
2002381538
-770761805
-1685055069
1402506936
1346849673
-2130133742
164409821
-1333915255
1154016744
504886685
1162838212
-2136945759
-382810971
1918295037
-560670853
-1631184045
1859851538
-958146420
238817054
-702427868
-436864042
-1364293848
-1147656186
1739654082
511152076
-783261110
-1827366580
-347657420
1763450666
2119994198
-224848756
144337746
-1418386715
-1955380173
1669284331
-142586504
1351320660
-15012322
291092570
-1402828426
-1347544813
1210687931
-889473509
-906023478
-950961879
-1968720787
69557636
319198992
1083478893
-1060847898
1781561858
140307129
-615537627
-973211391
-1722412704
2062289147
-926322193
-1523712306
-1964686007
625879560
1720251620
-852798738
1665681675
1634245250
-378024967
-736349663
1362915229
-208581843
770450601
-1258583011
1919849954
-682547227
1098315984
-1909181023
-318935761
1417701843
-1312962854
-923490360
628582922
899242203
-160094180
-1204887390
-1241359563
1156657240
-838604415
-2124596992
1505160426
-1253172469
1655474793
-379698289
-1357210521
1984723535
-208321075
709298471
-1706631252
-847975278
1474628006
-1792264603
1123321218
-1257781504
1957560463
-1713893770
-2003922497
1083831936
-20672088
392967989
786438600
-1729463325
439089854
558609016
-1658526377
1930884954
2008017064
-862283609
2004670334
1590228777
-120278541
426141837
-1942068244
-94569062
146675649
-1469906830
-207317907
1453290035
1212592365
139826280
219767479
1422586410
-763337869
-301451803
1915054690
70693912
-814182385
1681244306
-2145765576
1624961773
-1147087837
-947437471
-1088638033
-339962844
1424459229
1656300773
-209093709
2041609527
-2120659304
2039469533
-704309337
117066835
1658292099
464026897
1395024813
374433871
-1559937920
-609478303
1573496613
185768922
-1706624690
-2127024358
587145332
1746120692
642761961
-1926125173
611322118
-101598817
-1049104592
1449902552
37836181
-1140191531
364942536
416677645
-1339312470
-170322244
-1255080640
1493279605
1458871652
1383688472
-399952011
-637527252
602687607
-256839424
1712822328
1235304435
-271508105
-157219116
-206242003
3245635
-1514614186
-1677085331
365299189
1514497956
497298219
-530604394
1990032783
2116066878
761942068
-235457861
427744763
-803404368
-1040908258
1350512608
-1211790304
190723360
580330115
-902849580
-2103436817
1398548114
349929139
-407786075
1065149639
-1600094339
2025953974
840456790
792180251
2092387995
1882916497
-276268849
787368529
873216
152803272
-1448431340
-279191059
-1383915410
1121147172
-1410291014
1257914606
-333597465
-1049546058
-94753131
-1641496457
615666562
1775865371
1392390070
1702909618
-1460356990
-536052992
409399188
1199945969
-1876165980
-1811212312
2014294408
1851325461
1162063287
-593214676
1648734590
-1240180941
255072882
-43198397
-1902816791
-1685984140
-250241151
-827851453
-1660439305
250264636
-1210019872
-953662297
-1476119290
-968939891
1511793260
427468626
1072459861
1929092782
919881399
1798871764
-1212097538
1362261255
-1638436069
-412170261
-58256861
-129115314
230342673
1339696459
1997164391
-1448376600
-416029501
-2070578527
-199109728
-1352297079
1245571295
1257082837
2049972682
-1129146339
678862765
-88961904
-1236722882
-746526742
1282424931
-104772611
664605218
-2037405195
-812404809
1743235282
-139956445
-1232460635
1491422902
770901393
142669409
969952166
1766286036
1776850186
-341624917
1944167952
1072851779
1415259941
1512232428
1494086343
1686960008
-1614119458
1314083300
-144625884
1490146122
-1489736049
-567915494
-2064194604
592223084
-1262464139
2010608144
1882905600
1822560350
821137772
-1488090440
-1369724242
2052766128
-1638517251
1159419431
-644504986
-226775321
561181082
125973640
-767352040
-1683842668
-1191316953
1032046674
-586587587
722945185
-1148296772
-751892547
1682379067
647384302
905874857
539521393
-178485747
1069401883
756742586
-449554304
297486883
-1002574169
-568794181
-293241962
1646605190
-2055392710
-135070914
771840879
-1772000193
1166029118
-2072817253
-1647377272
791677945
1792769715
782091831
-1617149928
-240441371
-1283572413
-1516342519
-749707199
1288600797
1669458068
-1416372902
-140305533
1775048651
589094877
-1765478709
1937845104
2020515916
1520076219
-1773208932
-1081105755
1881418127
1712654661
1498960682
1455042040
2132716931
-774230947
-40356935
-624446226
-1464887759
-450520247
-1613954444
699665775
903739749
-663705215
180760241
-1589332292
211905172
138446794
-801689736
1530515360
1574799097
1918453635
1440572997
-723797019
1581752320
-1832042690
-639964659
-71750391
-1928189976
-574249839
784629374
-1234140622
-355482461
1130000174
-2097071221
-1634028706
498740480
1637669169
1140762919
530398174
-458804213
-682028871
1822708559
-1601456124
431531699
-179769671
-341960114
-862377445
2004475821
1287309072
1774502716
-1323033961
283653528
525116886
2002816199
-244840563
353478498
-594702856
-260453323
563205988
-876123415
-581202682
1764218537
-862174515
1620591077
-1292978101
1527691940
1161062896
-702498556
1173251870
289443278
691407079
-1946307242
-638632329
1740591862
609353583
-275778581
-661790268
472431703
-1469505572
-242917447
641948925
-437957091
-598705843
-1979227709
525179893
-641161945
995332385
834375544
903316211
-945232371
1276919721
-1598661800
1496415361
-1806722973
1810834462
609594333
-1180397437
-544837057
380036053
1542683800
1651988618
556193784
-205018959
2025778585
1432184170
1765479472
-1733848360
688678164
-184620535
-223572971
-1505750616
-111958208
1490009977
501904355
705124332
656214146
-1471539639
1437124524
-479174838
42802635
2014472472
-74478501
-425513216
206606141
-842038166
833527030
-1612293681
-442502892
1893382078
403343394
1162733366
-248658237
1671005151
-1747238420
-1932321821
-1672539043
1016289914
-799167034
-147073690
-1043258826
-596950288
-1482341170
326069543
1777686218
135166061
1693146198
-448637286
1865829084
1776702777
-710029152
-1516180304
-1006142494
-1427300530
-1681451031
-1550507376
1559445664
-898987479
1824915880
1563036550
579920914
-1038745116
1382786583
1609264699
-234419570
1504318340
899303922
32429862
661439786
-506100080
6830718
557243970
-1516374182
1210842082
-1917458996
1461228545
-516033827
-1920916032
215397182
727075200
1525509594
1798761774
-623878070
-31315973
-848873659
-1011345283
-2136152707
2087603074
1636388231
199116583
865544131
1444369645
-1568261282
-140814626
272300517
-1529764084
-103489791
2032895458
1264923218
2089861923
-617414777
1083631250
-1368860383
-1381795692
-814656376
-425854906
714781270
-46736418
1862657028
1670805851
-595285917
1570584774
1976294019
1299891854
25615090
-875203630
640041342
431971213
-1313581599
-291336450
-1792198659
-1666758453
1880470670
-599112278
2044957057
-1576422765
626799955
839709649
552402723
-2146980512
-256638636
181943424
52111100
1012075371
-2146653065
886645636
-1582674489
1838935940
-1323617869
245993061
225212101
-1513866971
-154603634
-1340055405
1487674848
1943346627
133654752
-544561441
75362323
262439783
1555615196
-175667668
-1010096632
2044522621
-493252272
1328013669
383018242
1391731948
-2020110805
-1836193103
-746108419
1070182502
-98074304
-1789389851
-1744895214
1416108544
2071059273
-1729752518
-148202720
1912106244
1543253805
910027071
1645861800
-1516159226
-1299922811
1430401297
-48502535
-1878555851
-718670244
-129365048
-1259799412
1907932914
-565201354
1094614580
-1480400463
1026257830
491842387
-1754783800
-686942102
-1401171504
1328266804
676550102
-1046494570
-858257060
825966686
-2115990020
203079505
1290849083
-939945891
-889639970
1836619930
-2080911313
703707659
850992660
1216423735
352286950
-474425583
-966242714
1774063829
338418506
20591534
-1398906570
1789232242
156684567
1528462263
715028541
9033983
1271782317
548549598
799009913
-1500384704
1172959527
1751122742
-208391322
1742245879
-760314197
1291292918
-2092342421
1074719552
1285450755
1075444348
-1916007529
1742816830
281693292
2056332693
367153804
-1524477449
1158015150
362246907
-1448767301
934055548
158228076
1586074910
-1059137071
2033649997
-448982851
1779994407
-467785360
-1572004358
176686586
418259001
969615138
661593357
-448147751
1981161209
921286026
-1319371481
-1927787846
732137808
373014748
551713384
-275587775
1412451439
-1257439090
1268402196
-1996101340
205719827
-796090289
30161010
-95771579
899045386
-731642824
1893367543
-876111613
66147060
1786321984
1994944676
-689477428
1341744462
1740503797
-23894356
-1767857162
-1134450260
567714665
-494622887
-1912419633
1700550469
2021212777
851343663
-429274126
-847838284
721176309
1862583377
-818244645
-1101873923
1640566251
1961092643
1277198782
-617267251
-1952377596
1927191344
1441584531
796970501
-351344380
1198924622
716598133
1475635577
3883821
-934411264
-1528211412
1265530612
-1577973260
-1512108774
-2082784504
-888664705
1294608631
21201835
-462268176
838825442
1612608557
2111870742
985322682
-1874026901
2083850846
776963202
-14247748
-2027780371
-1143608618
1697320052
-655768158
1632430347
1311289941
1166810809
1403959937
-91643722
498905929
642441352
1861880364
-1661888269
-1751261890
348614888
1917317574
1920811233
1502357397
1112543055
527574168
787270906
1462924147
275810443
1720058148
1545390233
-225109764
248581605
1075872634
743685051
314545089
1057544835
-18446135
-610408183
-1472462218
-1440003314
-1023068104
-1223137259
1884712424
-149140588
1561306358
-1755504668
-2116482259
-1708965970
-984875633
2119525804
252570908
604096741
-623649663
-1596898339
1420155135
-1958342831
-1206874609
1033743717
1525363335
1273393283
-111845548
-1900797648
-1448922368
1370405028
-1813558630
-238910994
1986977733
-1612363299
-1595763476
871507480
-56593419
-32451079
-312200983
364995635
1536242022
-181563831
1902508762
2134056790
-1999713063
-1809125944
-1910889977
516691946
87484783
-1535540866
1149457222
-150076239
982144860
-1308470488
1791785172
-1701005303
-915863079
-212346344
1270621031
-147204752
-381487009
1099601498
1825370243
-947397814
198795025
-653673960
1714782732
1263371490
-1347480967
546997567
-1983915236
972998830
394123894
-1493747871
1660499478
65074902
330434677
-2058306596
306227195
661896183
1028439263
1526494268
-439606021
1797327907
-1298100270
-951466787
-182404529
986855980
1298370834
672221141
-1913384635
-836190430
1372377921
541706768
-231043172
1794995737
522384974
269317819
-813258479
1756450862
-2038143701
-381954842
1561540153
671532236
604584642
1066105700
-1457789807
552305195
-1544945111
-760701195
482612179
1477321241
-262814189
992730791
16626826
-376183043
1079321482
-1710820744
199687144
150914327
1002394586
-742711232
-30474025
-1869333492
1864458704
-947414323
-1199663539
1889125537
466026020
1157377871
585365220
2026100422
-1088968909
306111734
-921365079
-796865577
544348144
-652643623
1195747379
1033445661
685453852
583905305
-108315145
405986970
-1955276875
-385981882
-728041253
-2015484411
1543792555
-1897132544
-1219380472
-1423102445
286773721
404467169
-902767100
1790586360
1154709042
309818266
-502872321
-2052981460
1902265147
945289051
647752812
2023910258
933545912
1021737336
447881427
376935701
-1085068374
1496259145
1227699941
1610856308
-359578504
71576657
1494831824
-1988015679
1530083435
591529121
-1061913388
1203199493
1222927711
-250286722
870730006
-383480218
2085191351
-942071999
-974542668
1402272428
928126609
-523836546
1704605721
1927027201
-1518533062
2048607848
1360502417
-1313643272
-1827247644
-1366295948
-1652108513
-1236591664
-2018696298
-1644473797
1407343246
1361751288
292100451
1826321572
-1723346235
-1697480746
-1547001122
-1759629503
557997919
-345430077
669964748
1000934137
-663303301
869942106
1979433499
1748731624
1997501647
1500351474
-770540269
847224194
-107785213
1614862696
307559370
565901310
-306923972
1182277153
-630201123
1188393969
-195462154
-1918722226
-487546532
1955585848
-873991914
839183729
1253754118
-1844441573
-218066369
-1670684384
-1502657099
-1667911762
1568559971
1528897545
-942983653
-595753862
-2128856163
-840700362
-450168914
1005509469
-172463554
-1620226160
-356902943
-588678994
605673765
-642925143
-760787820
-1356313692
-1231065004
-1872824907
456606668
783259127
915685054
-1000430887
-133678426
-668767801
273542245
26405032
176394120
-1704091203
217561508
-718368279
328844186
1544075120
-1405247543
457369502
-1313300620
-273212407
-13605146
350843969
1353871128
-691734743
569689320
-1942997168
-1589081822
1483501577
-262350360
345443596
1517983038
-1798118174
1672256961
-829075844
-2099296807
-1063799664
1388253922
1451945400
-748521190
-95191439
1254838884
-1812950429
-368052973
-1477378925
1936049502
-1731298696
1783706419
-591995891
223027064
1404707658
-210243841
1953249197
239595198
1813446341
500591617
-1166567213
-1368861514
-1453934343
-1119770880
661824156
-926106445
-155594279
1021896304
-357905598
-1372347541
-1512468673
1999724076
698992577
905561031
2135984946
1543232098
-1805218370
1423457530
2053595755
-1549425203
-1150677084
1958839765
1593788181
-998957270
2084640528
-138329768
-397640748
641053156
2051465582
1311525003
1200552713
-607246831
2087346916
2145844622
-1273508269
-405308511
1447711598
-162186257
1573771864
-1628846892
-903714231
1239972411
-246603068
733459436
1137077141
947253463
-2065184111
-1788293084
26078261
835181072
1551914121
724403680
-253890567
-478535825
1537796105
-1878555099
1328268799
1029965906
569089542
846473546
-936982698
-1042956873
-656663979
474859759
-194192413
-502679717
1590883622
1125401902
-1811420792
1150772739
674740433
-686020336
-751791742
1387638552
1682339797
874979907
682942482
1324420473
1703558940
-1361068023
-1574448545
-1646105716
1108732035
1675472242
-1796680038
1018235542
404296090
-1250501940
-362763677
-1560605876
1762081447
1358252634
2076392298
1399155626
-597470735
1494250565
-193171879
281906690
1134702394
-570133041
1684533233
1260625239
2126168972
-1164935218
1515353203
-1349098773
2099446072
-1815529385
-29030080
-2127666922
-446382053
1598227384
134307011
847202136
1315316259
-219977556
-1826611058
-1275849806
-1925891055
-1427635255
363915715
-1381272271
-1864432001
-928727492
575484853
-585153590
131455781
1717713849
159803598
-1758781075
-2014576041
-2048871508
-357493326
-608987053
-550824751
378710452
-1081234780
-361739621
1226388919
-907658927
2071031592
628164372
2106157270
237693147
1805159402
-1625368740
1814333743
-1358088267
-1116451106
-1544070359
1051501494
-192914494
-413725273
626132198
869579351
-377363944
-904836548
929303425
-1717357767
-223729932
-987103799
45163907
-1326090171
1949817068
-845795886
358900064
1746897641
-680264854
1852977054
-51532016
2030735384
1529814104
-1501479470
1626730205
-1411278699
1240445208
-362920869
2005178750
1787570545
762629815
1821574801
-464562843
-685094702
-1850756767
-931593319
-874705579
-1598156043
-997603562
-1927693046
-877962186
-1989469323
-1829490275
276448210
1813930540
695475916
1511584697
-1273483430
-1661970715
-442251238
1549090202
119300840
-1839764174
1196789541
1478986902
1277838661
1835916249
606073504
179540504
234376863
382803880
191992496
-349628968
-112652112
-2077570355
-981012565
-679852212
-492167906
-911837851
-650718942
547435101
349204005
746431314
-646997727
-595899554
130037107
1425781585
-132118603
1211975225
-613927598
2045324106
518664878
2012261611
808912908
1047459306
-1364740699
1620044081
-1347225206
595027311
1639079488
1114420611
478369598
396103618
-2108368716
-1814550207
-1897637310
1779226570
1526407307
935515180
1986858945
1322104830
552778150
746495255
-1767840875
846078524
-1996032635
187914205
-549670607
1513490649
658884806
-198031723
1170833089
418505976
-453118741
-1637615100
-1845672305
692604447
1909426784
-1546697389
-199986520
1243150087
448005819
971979009
-1311445313
-519167054
-462187707
-445032166
-694815664
1485237443
-363780168
1972667048
-1699351288
-376314871
-1643145910
1838429290
-912636061
504688220
-1475494422
-1252839741
1357543831
1001940652
1566079944
-628908299
41119408
-218571178
1651834139
-1074116210
2050796027
-1339814215
1955502110
1583179810
-1105433432
725274633
333405018
989277753
566069674
-923063966
165338666
-1325979253
-69987358
-671953376
1746343292
-965938838
-445887877
296459373
-1972948780
1811536255
1427203991
1057550618
190366614
199138232
322975019
-1190796109
646168196
-1109054080
242453542
1500628428
740425092
1358312497
-1453907496
2068407457
-445944409
1412222150
-1886435439
-316603426
-713027738
120756949
592085129
1258029754
1601788205
2010731195
-1984163329
-2060676023
198229533
1619407640
2095903139
1755781138
1977703694
-1688788611
943896120
-1613109281
572988370
674258532
-655200651
-1026314540
1866314432
56427616
1318027820
-410018365
-1832489872
-27539819
-935001682
-1998581570
-1199333949
-938171799
1531578220
820345324
-1050338779
-1672775557
1158156257
-729242208
707864597
653181139
-1586205777
1162652583
1915337189
-165622181
311177224
792601057
432402110
13456782
-1426831025
923427858
1821646823
-427546001
1505072126
-2120022790
-1344733626
1802332603
572989385
410959010
-1245412314
-1883602591
127336708
-1396021256
-211960006
1882901553
-765176767
1978789278
164804321
-990792492
-1438427075
-1508762626
-1159073109
1844941820
160350716
-564013919
-1071160037
-1647460901
1175957297
1873942721
1024376494
367096536
-149431581
487181084
319384860
-847206528
-469764018
-1319421174
1226230493
-1472276550
253122566
-2103522095
-690928914
1979144511
1735932770
92230456
1237019860
-411180728
-363693545
-1032196519
158622944
-152751736
-1857266142
1226605499
329442485
877600860
-1771447829
1965761440
1197137927
-1481084864
-229081945
1562767258
700033445
1751526021
-882063107
1194219107
514909368
-2101251776
-137637396
-773605138
-1850161588
1355414661
110576107
935120057
1856400144
-2028554539
682635345
-438022299
-1955904167
467610836
470247671
284483463
2085545836
-33569730
582486555
458821312
2105847292
-1433014757
1804835975
1876033802
722669297
-537868238
-493549071
1744317781
857378922
2003165626
-2027809371
1202656082
-756634619
1281431383
1784232801
-1396835699
353575517
-1325286844
-1021044609
-900919615
-2102099244
1728476876
-425409703
-1272484505
1662708625
971812350
-602491672
43513999
431113676
-197183840
161622190
1858077427
-1879866808
2036054371
-1775561003
1034168649
-2037474783
-1112204200
1897082008
-2028147496
-852666425
1292677538
-25663774
-1835146418
-1481954230
528686445
-1829752012
-1348497456
-2103536425
-151181538
-1084671285
2007316817
-1143679870
493349323
-631489535
1033458214
-433519035
-1792337939
-875129357
1456489690
254528328
114247252
1424976483
-1096107457
681646434
-1932955046
-2143127072
-2083672891
-1808929313
-4442277
-1902502364
913825038
-1259870077
1435658084
946079420
-941524031
1695879886
-1143080150
10656750
-1676927843
-829794430
1025609020
1171729366
-147437871
-1107595678
1482282108
-964737582
-7915893
1970749499
226480587
595716127
-1480809521
-596113625
-2011978493
563045316
2045616777
-727798000
-45400790
-1119806802
789770212
1436891763
897538019
-1292600292
-1439285028
-1450430618
-215710681
-1523653828
-2110822894
-540847909
1413815349
957234198
200235230
55453734
-246650169
438604457
1858504106
1089020604
-599625851
207286355
-451614851
1866221629
1905981118
-715510923
-341325610
276090035
-827197355
-1916891818
-504218181
711918364
-1791331847
-1354403256
-360010992
1026454565
-1249628008
913459208
-1222054100
922361144
1322269973
1310363242
721813417
-699458632
1144184887
2014773
1261899899
1144801419
419262949
982530635
195795011
1776125912
-1600559216
1776463629
-99170843
836096273
1583437295
-372669443
998390615
1729311539
1637603826
1967670180
2127634876
-1793566388
1938267375
-2054742603
2069359280
1471894333
-2136545246
-1804933263
-266448155
285320897
-429098156
2114076237
1403419118
1874717869
1381145304
-1462783789
107815771
-2129428871
-226457410
991105477
-1056672507
-431425538
431086915
-525182585
-1830041942
-275082879
458650246
-1803241026
1583109819
-934701585
-250030207
1992869683
-1469319052
272005482
1264877110
330882557
-2124148947
2015843332
-1838933720
381625311
2017225456
2142553289
1468259340
1660734702
319740490
-621575934
693184
-286357897
1313965414
1519457208
1930938748
-1187894241
-1426889129
1199477111
797205831
1175464778
1767338676
-743685037
-200899669
-2102576960
-1713354135
-1476029393
-1664060757
-1041286002
-1534623796
1426894652
-1058141707
40540202
488164590
-479611200
505598547
1784359641
173722163
1555657752
-415322009
687781973
-386663899
-1893475840
1711670935
-639855191
1886666372
-1207773680
572883525
1759559776
-1764226399
526792329
1635321923
-68238370
777774827
-137779119
-1905232762
-504164084
1204558282
1193152828
114565400
784313403
-639268437
-124269940
1658218579
-664054463
-98948005
-37257285
964597323
-1665626648
-1252223080
563852663
1196227980
226239113
-1514436891
-1387971347
499065605
676403443
617573022
-1915152567
-782879422
979511696
814306379
1580109181
-1758379295
1391404746
286512184
-1423933374
-1099963330
-1598622038
-1335124924
1430598748
-1280750480
500499138
-1738605575
-90169567
-1055984263
1563116109
1056999901
2030401339
1938906040
39862932
-846557689
-2027975252
399539362
-334835310
-680132108
42087186
-1207366479
-988074278
-1872676454
1429777708
-1312122725
422307512
1418693054
1895760028
508691911
358792087
-1165197438
-1977642258
1445406204
1730953633
-1441628863
1945790680
928207451
-1583148884
-167915361
1170965699
544358799
-736251820
-502098469
-2087048822
-650277566
-2039700892
-1829962650
898827648
-1505322286
-1006358663
1004060857
732662199
1083824964
-991700503
-1664749725
-1265831553
1178703480
-1010328864
123618657
-1582711251
1431156126
-1152561716
1050657201
-414668003
1936277736
-914690566
2106997801
444358137
-1352825727
1891142273
1092031876
-1599121606
1265504445
-1860496290
-486583107
2027939566
-428340848
-485791008
212190623
102771132
1769109828
-1222161850
-1221071715
1504334373
1318361702
1827668134
617735134
-652623348
-1304277759
1018498319
-1852934756
928888951
-2094126322
-949547790
-2117204050
84055959
-903614422
853646269
-1882706846
1522206469
166013065
553715912
-2023428976
-1880983986
-5416150
1707280244
-375906581
-1840856143
-460184756
1124056465
-1723178854
1428097830
-1169756896
20632576
1350599430
921821602
571689407
-1025348199
1982563061
26050713
-431616419
1414277198
1092115672
-665279036
1549710015
-853635952
-1810345376
-1603589340
1808376554
165121777
1341093206
122264389
-1717340132
738658314
-1306489941
-1458616889
2025999615
1742620318
-913661746
428251162
897818908
-870047745
-1271015363
-446185848
1238400909
1756308144
-1305324193
1844564344
1320213750
629002059
-1478144881
-1181543696
685924534
-878773339
1334677883
-1399259045
-1267331752
-1617247185
-2133182801
1294548108
-1950647217
-1926320226
-347925908
-1169123838
1995940066
1010165966
-1222886210
-687493779
-1747958171
-1866419485
1796922061
-1680801680
204783017
-1829995599
1879755634
-727425880
-736137803
-1472188323
-1336276723
1351089901
1930640309
1852225604
1175966869
1180951255
2096299570
-1873036773
1834155504
-1047525756
-587174013
700256086
329506180
574531223
-1061989502
-365590067
1164169997
1031779971
770753667
1125904285
1591565744
248322312
674618242
-1247063732
-1730338480
-1643946755
298330011
1994923568
633171233
547553872
-1875793730
1368890128
1401624442
544377675
2104836514
484810507
-763641106
-1000743400
1690555641
-1850819912
1910169756
785627783
826900966
1864576398
303301574
937052173
1127068587
198790534
-1244243296
-754974705
962066599
-659798786
532045930
-172591008
-1053371266
1496206048
846208192
1373164040
2011496857
1749268739
-650279888
1034408007
-589507119
-1460755247
-388379123
2025970649
-47137178
162061865
-1711025278
1971418746
-2110060747
-1373341563
-1327576087
2077287083
1327915306
908673631
1790048861
1982464950
-1462510606
-1563963696
175972493
-546981392
-893761803
1669395834
-1914647853
-126992578
-995742333
-712315736
1144441220
-870561831
-134159796
-1773444685
-760714359
1035922261
-1430761963
-105892953
-1764405714
1481284062
21525929
596030501
1601623609
-1054105147
-1811748083
982225546
1956226622
-964884166
2092932598
-622078640
-658004431
892125275
-1662664833
-426670668
1326608445
1956802413
1601350934
-1977814631
-526960941
1393452392
-91220297
1612031916
-2079164411
1004169912
1068094557
116167111
-324333037
151944258
587669172
-468004454
-142504634
1293398692
66199314
-1254145144
1527361276
1686100417
1337199272
-1579758642
486648324
721976444
-1151648524
-884354582
2101051435
763652290
363070842
-1882485190
-643667690
1039593422
-1565254478
1831734754
204427858
-1976539481
1239675971
1704464627
-1289958231
-1567380755
1238390386
389555912
400292535
656977878
195168468
602057907
928076988
1088182130
1663067723
-1270967591
251221426
1410210870
-1728109521
-1644229798
1677878690
-326086985
119977674
736528308
-328559309
977791925
-2034628342
-1959679896
470089347
1290096219
479427441
718209758
-248258759
-721468732
236871248
-1078795899
1684127706
-1922155327
621894451
1692688958
-1827324836
-1721911591
1742832031
1339266810
958415352
1717960080
-435361030
-1738634079
1898239556
-832509204
-1781061174
-1981457355
1186380672
-556771788
1140914210
640395831
822249007
1809136634
-1868048040
-439863223
-1168640023
1193468508
772907771
717843732
545174383
-129401467
-1980555005
1128265323
-1466327553
1332222074
-1493153462
-1597052496
1489928682
1175307795
-695750085
309528182
1059898979
-938582458
-809353016
1017708392
-374910824
529484715
530268577
1278537064
329441798
-1865077445
1464099234
1598771450
1138460681
-341618597
-1389610612
1912489443
1719201970
1971996441
-635084553
-1277702899
-1269647140
311631540
-151569273
666128557
518195073
1015609953
-1938752674
-897661273
1098320457
1962612300
749369297
1537348912
-1726863516
-148015396
-22679715
1226415541
-1502480232
-1781610437
289457627
1531253243
502162333
-1196543467
-292501517
406976390
2027053992
823403422
1487839438
-1513128641
8345669
873290714
-607815921
1239910224
-1099567767
-651709928
-1303714558
-947776174
-360910649
1712612031
-2034122730
1420191402
1523558498
-593763252
-845323384
188711216
-691896733
1552648346
-1727892895
-1520435696
-1008331220
654667364
-226671454
1509638389
-1784799572
1612678920
1939174332
1993899363
1621259764
122074253
950614597
837168740
2083942922
1118258151
-1997366551
1432020070
-884251907
-970176647
105087646
964332899
226533945
1471911386
-1239066085
-1297769662
-196820196
-1066635045
1071364746
-1798722435
8435912
-1445783352
-963561093
1956748035
-898693830
1197199342
2146467868
-844294818
80627099
1381241437
-1394925145
2007377432
-1614827562
-471267857
-1089280741
-776123045
194467178
2001626760
46233134
-1823797033
-101892224
-1213107554
286634369
1127228903
-1466189760
1439669243
283967509
-821323274
-532130465
-1606352703
2129819133
469802271
1406834684
-335351633
-150689707
440128275
18625964
1892614818
-1873908110
1828867647
-236167469
1250917981
-1953627558
152213806
976262709
252321420
-892783498
-725454293
239267276
1357278981
845457029
-825615062
692501723
2143636305
1216299476
609775591
-1614142653
-1670168213
936533163
-350684081
1789652500
-124265273
-1972747510
-1970799329
94548326
-1092608619
898766485
-947525429
356199274
-608001978
-695649844
-2015965536
653345979
1675639119
-1505248642
-816324052
-731364871
468453676
-990220417
-529016611
1174141592
-349025113
322354584
1663368679
-1171379979
-444240551
443627454
-1154604949
605038506
533534321
927043207
1732362197
-2080722910
-1813294669
-1313766695
512301701
-1997902225
560459971
159109092
311624369
-1762558374
-393034077
16466001
136093064
496707003
1238463866
-522624325
293892251
1763729419
852874391
-1148219042
1805017464
-803139785
-741985612
-909885171
119901080
1719592374
-1758398338
716819305
-2116874118
-1573626403
1295609684
-1247598513
-189839857
-1579986319
-318525361
486951570
-229316776
-621015938
1799487362
1671107562
368323405
-891889050
-1171908734
-1248783317
-1950489088
279413820
-1440929496
-1055553607
1333598210
-197971630
-1411017835
-124368582
1915719685
1680249616
1073322102
131443341
1632928450
-1389139705
-1925541752
-1381078789
-458080995
-1770409403
1299997790
245772460
-1346218874
-733863958
575229281
325083996
-49940063
1414831355
-483253480
417994318
-1720037080
1351548789
-2122336086
-353141888
394196752
839726757
1734217376
-258332129
16715754
-1837790538
2061655278
-1767179715
-489714548
1460715915
601438515
1031366592
-449084432
1400847567
1582980415
1607839901
1910622043
-983997111
1207161302
-611704250
-1550510911
-1877280908
-99188301
2103134817
203590503
2124285262
1988786383
1779302073
-1007139126
509854064
-95333406
514945145
-488619073
-2043254946
214017066
1805303447
-39717925
-1768893152
-334607510
-1839023219
1151279892
-470963695
-1441197003
386783822
2040992679
2062089974
77597291
-1701742985
1636103229
1497172817
650729476
1751706565
914166857
-1370272777
2013899276
622866631
910064307
1873346272
295526894
400615636
-704331078
1373571134
-1735584012
-395697858
-1124048107
-465922864
45755405
-592826937
232375132
316476791
838368721
-659204013
377865126
961490953
-1928958782
-934586401
1743297138
-865836700
-1820014635
97043121
-147968822
1698204870
1545886512
-1769934895
-7519067
542909532
-2091440333
860879799
1184713100
694621976
422544316
-2063866811
1841061761
1432670151
-419974233
1777790967
-1971449829
-1692888734
78687379
-1518021544
620290549
1480246435
1146033899
-764981321
1733001801
-876279077
-797324764
-1538381286
337142999
946612738
1593657667
1720832371
1010892299
1287923215
677118882
-1417738991
-2062025890
-646177910
505110002
1760379993
-1579934213
2128916318
-2065053821
1681978549
-746349658
-624089101
-1766170685
479556299
1549412825
1005618044
1471606787
349864689
-1003350225
-370335859
-1884209791
-327953183
649795334
1834403311
1556674466
-2103406935
-27810978
-870567241
327927422
182194916
-1823205113
-1871288427
-517390942
-1916242386
1680929275
1831428201
-1381189872
-1773774892
594264584
-29164261
449534602
1952780747
-808920654
721302699
-1074473713
2064741347
-1613122730
155051398
1111065766
1226341948
110792338
1718867739
-159310759
-1653158152
-1346118172
-1442987858
-88537980
1900328754
-1928172911
457927020
1062337359
1377446701
-1533848889
2143172030
-1176979080
-305856048
1630488069
-496781855
-739401899
-824232110
1954718650
1605503414
1268493849
-931518671
-1983487956
1250307542
-749776555
149877095
-412626021
-1961785879
1152498882
1077116640
-701769819
-446351304
-1565138371
1746327846
194762476
-383832449
812663826
868141405
541176565
-1079652345
-870111364
-756288906
589407315
1335675124
-1937970324
-601302369
-516982524
1007579867
1503561609
-631531527
1533990170
-110447977
811366264
494474381
-280733283
1932877661
-1131637156
915676543
-864561745
-934574324
-1822970208
-1804488316
-909777423
1246241737
682476019
1517240977
1843504677
-737798453
2137542036
253681364
-307406571
1824947314
-359264561
-1647807257
-344249678
375369118
606079942
1295951683
1284862079
910852670
-1448090508
1651041010
-2074080209
-1196906201
683388911
-1127502456
626709645
1656236326
-1239684628
-1569497517
1785145499
-1529520296
1356084360
1714730705
741413118
208539320
2063594053
-1971712414
1774097304
-2124589831
-2090861486
1661666622
640556406
424777877
-300484338
480768680
-86563091
744145957
-2013915441
154239587
-628197889
-1194302733
1569992414
1571304805
1124180738
530870989
-1702521658
1809234378
-2110536829
-30343397
1303057870
926240267
-228630681
-455354061
166915267
-222059665
-1407183789
-204668436
793685498
259650496
1611172685
-441870223
1917677460
-1882636734
-470834013
-1123130793
-1711689213
263053280
-1081475573
1906458864
-946942771
-1990788440
1167275787
2118789089
1519510415
932733049
-853764198
-930256655
1377216325
-394005253
-1882391289
-892180188
431515592
-1495090482
-667406054
1426658056
-229361257
1477771269
892473208
1255774797
-1810287655
-127640107
-1503388341
147023003
2102397602
-1454801015
1639085858
604056480
1602980213
651355321
1114061077
-121328537
-939019767
1115230906
-387332820
1890416624
1409872
897575256
1849265152
-310134532
63810740
1925975746
-1749402717
-1149697241
-1608207965
-1022449979
408516796
-1749123268
1646215501
93899069
1911850486
90245316
395167404
-1085576249
-412713573
-2142170912
-1834847036
1999614651
-82968197
1451579992
220549932
-1198596775
-1457289966
-1769676045
-1841426740
-601865919
-953707031
982879752
-419196185
-1739126488
876791356
1972528212
1853730395
-482301240
937893340
-750420722
-305837785
838879256
379401559
391046201
347336238
1510109117
1994743637
1549996600
2136714554
-1178079040
1001882692
-1354708825
9214275
1105048960
1974637623
375875687
1849517807
360897001
-1850297589
-694938373
-1576997028
-723685147
-105676085
-1919076078
-1307927779
-72241902
-1792659371
111755364
-1629488765
-829005642
-2141641155
490117824
1593182237
14485743
-1775138320
-1657250714
-1470304639
-300754898
376760092
1592528785
1904554571
107181030
2083761487
1245875032
2035656549
-327329409
329999326
-251731018
1551474824
-115138928
-960645112
-716454169
-1237113853
328466509
155699546
-1648829451
1861560507
1906931262
-1921558444
-1667828079
-737796238
909032498
435272524
2026058790
422267979
-1831696526
1249557906
241063467
-553536371
207772472
1577569492
-135336520
-835607385
1996632161
1292769476
-1589498788
-130674061
-603298718
-291469065
1716022829
-1044291650
-1755241608
-857953008
2120732959
-1571995384
-440155613
-1351349475
1368419737
150719623
-607667756
-1206816704
620954693
-2067008142
1168260324
-164616303
-1150012121
-1249642629
1832949192
-2131412158
-867986447
534279836
-701839997
-1141300220
-383832684
1518294806
-129165989
1643285162
769741594
122261942
727486415
471400459
-1526743630
189761625
-950692665
-920596693
-1329569780
-1611686221
-355271411
-2128654948
-1478919961
1276582731
15696123
-558281182
-1603814681
105485513
-1656072586
133405077
-1484874325
-1671729293
1625504282
1679266315
994323486
-1172820235
-1794025546
1318872117
986375181
1012244576
-165952006
2066180873
-420381958
-427745164
-1406039697
448571809
1538890799
-1916501470
-890613082
1080196962
-956042219
-1565238965
1817734068
34208353
-776921914
-112087602
-532182819
-2084606975
1208762335
1397054145
-1446285170
-2059590688
928874907
-1847878147
-1879265648
1463055603
-305166051
1756011487
-1175402885
-599824145
-1598768628
-952706227
1021221224
-1682979350
-655494300
328531447
892793578
144067138
519956363
1513634015
864317757
799490749
91316642
739332378
-1553646400
-1588601103
-2114581474
1813651671
-1054588256
-459151386
956206230
1957030048
-2002852139
837926137
-1100216098
-208736032
-780181166
-346244350
-190682797
-1763819612
144915064
-198413895
1408101496
437413541
-670524725
-127055019
-2089427007
-1292456570
-1122737689
576031349
-463367761
72096857
1672362164
-41696700
1821495580
546974311
1791955672
518663383
-241005097
1351947568
2146554733
-173112360
604860019
182723504
-107149069
865877865
1585409884
653416932
-247991160
-314482878
-738140374
-434610037
1892438102
-1196678629
-508539847
236365105
1836681548
541216593
2076587897
1505949288
-1032495088
194049731
312516737
-650305448
767632691
-998388995
1894956778
506613114
-562428762
-634291816
421952730
-353423456
-1742859156
-693852704
-2101180705
2021471544
-578348400
-298882633
1384187133
-1190703408
1291271769
202735800
-1645194999
1955006684
329455805
-771260001
1865956920
-159187529
-1779967982
-583808537
-734804494
-1196170265
-2129433845
1611136948
-1497879060
133545125
261088993
1986940403
400554869
-750852453
1738710224
-1990213953
-1631500274
1873746159
1795330756
1079465990
-782480576
761563776
-1047440556
1774706284
-1912066646
-1360672402
1320962287
-1720688018
-1317963431
1691551455
-155445164
176815050
-224478372
-1317414144
-1303728569
1317754654
-928699754
-1475164854
1941959809
233109967
-301963307
975170822
-1961860633
1491296300
-115496157
-690428398
-1238902273
-636331566
-103026084
-318276123
1137610655
1800357969
1304954112
-1820994353
-135471386
-1049746417
838099274
-2024913019
1138643568
-500208788
-1631951231
651291869
-472692795
327376935
-525119347
-1982682155
-1102846191
-1141295361
806148300
346697177
-1553047014
-117498467
1430687782
506933573
470134381
1518484144
-1516091810
-2113994713
651505371
2060192858
1264784043
1160318794
-1737424861
-278083382
-1147416185
468126063
-1118708496
450405673
1443310533
1832635101
288804101
-1604835654
-1334805783
20451612
-174713930
-213261764
-808051021
1777066748
-1618341479
-1581888110
853743613
1303901404
1128140157
1729922981
-857277242
1654295848
1252661403
-1050068343
-212821619
1237822755
380404235
225901534
1797313507
-1181449754
125996409
478793592
-1391418821
-306552409
-343318248
-1490177982
-1484903164
460708158
1145790166
100287326
-1713214215
1548389861
1366121680
-1673782895
-1882072393
-545458369
1918005511
1973822174
-962591857
870266267
428098644
-1254868880
1105663901
-1583445895
1532567705
-1299062596
-1380858599
445851980
-1557123527
-2098810394
-1441336084
-2022928767
-1825598263
1276900964
-788775802
-1255122241
-1191742713
751138785
1554847982
-249398160
24633866
-518941597
-901626086
1301365120
-1907918917
750977455
917884288
1885889381
1387986051
-1518804245
1849002732
-921022626
903235653
-709880699
-1408278892
-1096864002
456751758
305320532
732904809
876442859
1470956043
1599740924
-908539729
348647907
-1725814981
-1412007019
-976537137
339326464
86314596
-1712582002
-40388757
-1218952644
1326998730
1483215055
-455120973
-460796362
1214393630
1481898525
-1565535242
-1064458699
590634805
1305304515
-1081511556
-1582504595
1947422457
397337709
822436754
873599105
1239879332
1025628246
1246546661
122704969
1199849514
1744669605
-1461373421
788753620
124520950
21774612
-243595393
870938800
-1303764263
547584723
-2121538460
-1750057880
1035151679
-1049111637
-564100820
-1202415027
1645525411
2037565029
-253337854
144392825
-806619068
710084459
770657957
-1240080624
1282310680
-1220127568
-597308289
-761773879
538769665
456515533
1281526262
-1825222740
360030014
963425900
604026881
-636238819
1316009507
-426652439
-560732419
-152638440
-1948806132
1533382453
1102811072
-1009254211
1830987151
256711678
1056807406
913362959
1905905136
-860647924
1767011211
1575010040
-1892295975
1055651822
-1717400111
369190800
1886977866
-1228605995
1826509636
1896896414
1935641038
178846143
525789955
-983059618
1743342063
1194636759
-1399890593
819445892
-1882236694
-2143973
-1641878095
1289723264
973158822
-85585345
1087815015
1310959876
1858044898
1516784848
163187808
845438402
-606499154
1421663389
1603906170
1260430970
-1627992548
-1177621678
608202344
-63246797
-1255417802
-2131477404
-1236810296
229142728
-156875470
611998516
-2066173324
1504087974
1245306596
-1000994962
334416151
-697684270
-1974676621
-1439530061
-1363933949
653876785
-1035477169
2094312055
1202029890
-1289759997
-2071289246
27258155
-929134870
913503664
473142405
-414604899
-1998049099
979535815
-15839947
-1901510241
-901643312
-1012980157
-906882426
-732266265
415237619
-537908209
403039063
1506827573
-1583810383
-1155090229
-83988282
-188314438
198193681
2020859856
-1027753242
-1561268552
-397677988
-1924906127
352535727
1805574757
1453462328
-1809604476
1029116726
-469587947
1039338485
357502496
-1186403299
-483708777
1187694374
801437095
-1463777460
1254162142
1098265971
1024329478
1018341344
2004680675
-1933309523
-605377221
-77967261
-363168566
1896163875
1724172055
-1487632835
1744014147
-611163341
-495081403
1777358955
680108083
-312332509
1428989578
669785454
-1489885038
-325933263
585283405
1844714629
867781782
981004776
1019994458
1724257821
256590097
1728627381
1431275234
-1021288568
-1575564522
-1669611847
-430126138
1255835117
908188131
-1001792801
639671316
300985471
-1280091398
-1644099791
1312233169
-1825957391
-1673286512
-895763609
574775544
2140580137
337072683
-1596245823
-118676286
497422643
918409094
-1574726378
-1107345112
123156600
1642646967
413459243
1234136485
-735246545
581824147
-662827960
-674965952
1417243922
898101841
859516680
-2109213751
-10056107
-1483598996
-522545295
-122543006
-818852909
-641549106
1084269635
-1136670655
780638858
-1952907734
-1078710892
1023469235
-1305452983
1812095657
553795740
268476259
-95831129
594873800
-1702804275
1050405852
1237718327
-1550564736
1557716519
1539601739
-1465964551
1970518182
-722132791
-1804303735
-256247022
300967060
1348528586
-1855634855
502109887
1037800713
1051488585
2036921837
-95832441
1210026829
14838210
970899375
-1747326288
-1596788328
-1788919645
-171042243
2079644915
-274541644
-947694562
-392938572
1693363314
-598671903
1223832129
1995303216
-721382167
-1887509000
-90294973
-1395884397
732386596
1524335314
69919
403517062
-455276368
1749857770
601302630
739622589
1521117397
504572736
-725832111
13255806
483829955
-1938697344
510202901
-192699037
188506378
-1773118365
-1556738181
619110493
-54706609
467815253
-1369090897
-1040620804
-164272324
-1563255208
191950167
1640951534
359321016
1426986791
-1092645145
-437136443
453238616
-1539009378
-86539725
1852735741
1599359252
-19128744
2051010629
-1116228548
1602601533
1100383897
-1444304784
1378404315
-1903291730
-1982544274
-583683163
624944549
-1094531007
-1116637165
-62830332
537010653
284053381
685642644
973338549
672645765
-1814994003
-2134584906
440801785
-2091960611
-1908995638
204167447
1596122491
-1206287575
762350396
-852452973
-315970324
1132143799
359801702
-616400407
-1183897906
525906464
505435296
1615739806
-552809074
1152826317
-1645668239
-2059880160
-681464616
-117919555
-1413259523
790225455
-497864665
-1281176700
627216828
-2138498440
671729306
-270578794
1494420844
1191075458
1285713934
-95977787
-2138060984
-1641655603
-1379694744
880107272
-1032810118
1346740536
-2096931278
-722810755
-439110963
-1515566941
-1578861207
-1759016016
-287521370
602915540
-837509228
1570234397
1439568436
180692126
-1277642728
2040068851
-987703322
1697815615
-295593014
761908762
1213479453
776860170
-1553326394
1421489015
-1938701278
354676549
842578814
-1024784274
1874966618
-946417836
1932269333
1714814376
1058578104
-1521475818
-543492371
891035413
-137705870
1155968654
1430616958
870733876
-51794185
608139462
-1105283991
-621578095
1614449695
742041071
-1038949940
-129794929
445929892
-1121186868
1843394264
-144171417
-146329136
-944713647
-581226081
-1224805520
571857784
-362147193
30923826
-1436968544
40223528
-1287733838
1813023467
-1388529326
-1747397729
1749346996
87387142
1592188745
-674766467
865432499
567770230
219968244
2135662138
743611897
-1399736842
-1341764365
-2048047526
-1739260388
-87127459
2021962201
1761050334
1669331550
1964589110
1148237107
703796733
1307676502
-1420819313
2070038729
1264753427
-1084802353
-586889711
1932622883
-1064631846
-1377029905
-324522672
1506652238
-2025405225
692273051
838551140
-1704082464
281295638
239141914
-1829130312
-490177736
1055331608
1221678840
-1422433759
-231429878
1259353356
187503148
-439720398
-1669014758
-1752279491
674469244
646580942
1298829127
439171020
-2001883872
-1443729155
-1956039478
-1820311906
-1467629915
-392920829
-1423868481
786481815
1935368212
-1461216082
155305189
-236487929
1704377683
-1311530256
-1292858463
-1028931996
-628985910
1184831660
-1638771640
-376796870
523807817
1398180564
924605597
685932638
-1751454936
-461406797
-1841693544
-1571724695
-1134989649
-1355121273
-1616728727
1221762148
1501711288
1696408658
-153420612
149288384
-2107254637
-1169807119
-1317343171
-958363768
-1810323927
565889901
1136172381
-151424295
700016483
-1522650480
2107504982
-1245246831
-2027722036
130584251
880616813
-1309121467
236751476
-842197513
1671871350
-463305607
1234679319
1641753929
-2120622435
1899469322
-661423233
2014860105
-65137566
1068629231
-2001850074
81108981
909322725
-203168736
-1509972194
-1688408638
1858316643
1274545877
1952612917
926875636
-624253952
775855347
-598366892
1026374190
828756934
1797616323
624971047
-1375814324
1750686189
-1125055516
-1771453950
-265683600
1813683548
-2114465406
-1583365118
1727604058
-70513297
478177224
-862644877
206625533
1206635771
-1871329645
-1967929487
-12175026
-1911322226
-1708318361
649407697
540676958
1028129530
-38589786
1678481217
1610405035
-1992620268
-1832493570
-1303887187
-337669454
264955321
-1442382301
1516901092
1103897544
-281632495
-616777282
-1918367877
-288927959
-2060558825
1444752292
1762953713
350054993
-346302120
503163467
-140183021
883619722
225895418
-1869735303
-1090839391
1337465286
330706176
-1889420995
419713074
-1795755602
-2102601013
652611874
1331473492
86128634
1403631843
-1699246430
1268936439
180005122
-558563849
172386265
-1949803510
-432597611
1972760098
280349562
-1724124314
602156297
1176100207
-1291154682
1604231403
-2094115693
-2056628577
-279071686
-1440789784
-941547560
249063977
1377488328
-1485577536
-1299366205
-765499007
311995210
1648942025
-1090587495
2055312028
-1982395277
-1997099913
-2084803511
709193652
-65373305
-106185287
1965325832
-1287459000
-71098612
1111190690
121354781
85686374
1750233793
1923678796
1807666425
1000898348
-1285612593
1099941368
-2081517430
-1142923893
-1787474882
-268989062
-1342480688
1764324430
1507158442
-1724420141
1715108271
-1848649638
-118887627
-1853981153
1940495367
-1311633353
694723263
750036657
1391593473
1266525647
-1633491628
769926780
-1738692948
-1919119244
-892647706
1199451316
1296436423
1266727719
-1792090821
1960023220
-1783727904
1816865558
-1580515800
-1488659934
-868802915
-1331656090
-1735807745
-1002788016
-1532406951
-925557965
-1845810363
1714077157
-247369742
-1112123692
-1527226200
1090701756
-2083226656
-1279738525
-280785361
-1685205493
-818088566
-407594629
981074099
-1845099321
2019249108
1170521155
562411149
-62379961
-710157060
1116108203
-526963568
-230494425
1782419110
1294617845
2109376057
1032315502
32592692
-1447477897
-375749339
764473843
446443611
787119006
-97057854
2141219580
1831508723
-299760074
-1954814135
-2124991193
2088582157
1727039463
-1358906133
-1871218291
715420490
-2047783678
604534346
1225267235
698428010
1231769981
-2040792790
1735364452
807849507
-1192842436
-451840408
-731694548
-968654797
-1472736110
486390826
-688781337
781244088
110533382
883685207
-1010822422
-404702017
-949045671
-1802790839
301644064
-696301542
-1863038009
-993308991
-857531671
-1134847883
-1670979187
106123547
1313285182
32969643
-1450080597
-994024766
-652245992
1075549013
-1430310165
1466191333
2114663954
-1588701276
1011262241
-1771584406
63406668
1258214256
-213830221
1786043427
-699557997
382576016
-1238070437
537958975
506274750
490296171
1353642027
255672834
-1722970534
-507275057
877842641
728128184
79018377
1585144065
1322106908
-1707958042
1721003302
386186516
956027070
1088902851
1052889133
-1292276866
4212563
-1026840602
613717082
705807592
-467081054
380769343
426489871
590291524
-1744738271
1102648907
1912078970
-144830428
-1370441026
-122455933
-1419862538
-1804082358
-1819127332
-1413738987
1862300850
-714046853
-233209189
-2021670186
-163040368
2044098968
321756508
822359670
-1717889201
-1344755218
626096515
-899655948
-1465456661
-1249498164
-1785628290
1010806356
1762248259
-734907051
2111785734
-664774769
-654921732
1563368088
-1389172827
1741082315
1346624933
649116381
-476276361
1264718028
1904107291
-1277694143
1827407924
-494027351
-797926865
-387068283
2085393005
1200042690
-364933243
904845858
980907797
700829681
1327303102
452159648
-752839869
544594943
1556814553
84140327
1833613365
-279397287
1980730326
-1011049386
-1719870057
-1924893694
-201579876
1510899282
-1600015355
547855819
-52764132
463904290
1122982862
-350857790
937142453
-430404038
-405978117
1144505831
-560803622
-1467213227
1250588047
1169377829
-1137788943
879267463
605474575
-801677440
675565438
-662381678
-1005194172
-1130114422
1181817984
730147959
-1815415234
-1358700261
-1089255141
-1920745136
-137889892
1654408000
-1774277514
-777247907
1379750155
-501461133
-1222644506
1498220123
729283084
-465523188
-1720901557
1226205980
-388548103
388583415
378900154
-562112684
1753081161
445357223
-78087332
-811354448
1099148050
235211594
713365397
-391759572
28260047
744594238
-1390148505
935805605
1124739683
-504569917
-445839847
1385840557
-651414435
169579248
988925459
-338693218
539674237
-1555635221
428932876
-1080585231
-370200457
-586025900
-2142056602
228967632
-359849226
849688833
-1014829608
-2133439768
1699733219
2087891440
-1804497843
-1370061180
1255445734
-118411911
58701067
-1097593897
-924010196
401345219
-1799795177
1779166360
1466650475
-337105032
-696160552
550274772
-1381207262
267789500
1258023930
-297472769
1675010085
1230278490
438910357
-1055245493
-1261863080
1657108288
-1973935219
292318780
1252408250
-1767108051
-387797957
611946108
-468081755
741344680
-2073919156
740771307
609262163
-1107405773
-438133015
1491612154
-150757980
1980721600
1179834648
1442023225
-1785830371
-1805845660
-1562127519
404412973
-1512777932
-35017142
70799028
-843417
-536416822
-1322796567
-473763446
-37534511
-1452725512
-1544881799
-696914359
704368202
-1470118643
1088823458
643574764
1965068149
1297529047
-293992586
336188643
390484174
-184464094
1771651489
2135715895
-19669507
-1223701891
1827763423
-2107578127
-111738002
1092774723
-374398291
-1904728132
-718057183
-1532180519
-884483773
699998921
-2131118402
-1611840716
-704512064
142182386
-1030402836
1246772125
397455783
-1152096991
-1502945310
-741407816
-1098031734
341340915
843976509
559343553
310385412
486401431
1124603668
-297483495
214100971
-2027034628
576296521
-255464959
1608211654
-609999573
1210181153
-2068354140
564738173
-644545552
-1595156713
313061466
436224847
-49710912
2009655020
-952584150
-1792134905
-1928621610
-295615486
-28148335
-1842525582
-422764130
-2052050454
-835501951
-78154229
-1717294249
826909499
1806712236
91527160
-682691085
1870601381
1147115009
-1086685895
1722542401
-410569403
-131765642
-1442593250
-1154508467
-1389606854
714108936
-152665094
-1020943354
-457430153
295518207
-1062568427
7292193
-1824784422
-752359306
-1901440538
1295828029
-1149211010
281510170
1168761473
1718427976
-503584948
1531430962
-849360050
-1173249248
-468077352
-676262946
1930873339
-1337381763
102103402
-670112861
-22588493
2038528781
-793777831
-30769626
-2041001585
-1922386720
1365663
