-46016994
-1737782601
-125073646
-23388508
-1931247252
-517794805
1967994970
-486795283
-2005478023
-57703467
851923583
419990076
-99399802
584511981
-2120160855
897329516
1097413784
329656703
-889328836
-1951689160
1616006835
901505078
528478247
-1958386690
-1713428152
-1899119722
919691385
-1258867003
424450283
-1611806551
-209273799
607665537
901962312
2078099933
-812966538
2026540181
-9718697
1545862956
-83212388
1134107800
-510916146
1301367933
-199501815
-2001702565
-819950121
-1489051062
1167616991
929836331
457478147
646106242
1488637723
-86764462
2007307133
683215791
-1799583514
-1966652188
-1196317310
1605049435
-1161930453
-885217609
-1000364272
-119664464
-1472038039
-439625806
1013710301
-646569890
-1467497783
52566090
55730314
-1041706303
-898505870
37420106
451981848
-995809471
1855749404
711779282
-1337974629
-76849156
1694218979
1205174433
-2013988052
914641570
-2075747235
1471343510
-1217301725
161637281
76823534
402263667
1669774470
171216769
56010330
-1421646364
-1773977157
-594139504
913512347
-1942790209
-2050761083
1191976641
-807358220
1108597133
2062112301
-2060771375
406060101
1873314633
-147687169
-2108707414
370069665
-1247794585
-2012304136
411309324
1204907037
-2019479273
-1694249540
2026241642
-1386031382
235910602
-1942120499
609733393
515105702
-745525515
1875645178
1793597583
-1040097042
-1540260076
-801525740
-384022958
-938520521
1230357745
-763818520
-1666172530
-572508706
-786338779
448108904
-1993761948
-804727172
-1230224929
512851243
-1203184320
217183615
1906872803
-1425107945
1580617602
1046407413
-588214314
-1643687077
-1189153184
1621694123
866816184
-1208492125
-1328592630
747482742
-1866934096
-98123385
1930968846
-2006174256
1546780943
-230691517
531451901
212449446
-1561642354
1181487533
-1074771633
-1915374737
888008666
-1491508637
520756867
-2090136960
-1656320942
1296716099
-620882038
81306270
-1741526257
1620175647
441909605
-853381420
-393268700
-30618703
2045003020
690292615
583933478
1310776524
-319354735
580067015
-959315474
-1153608492
-1091715451
1936025063
1799814813
1383573616
-1730230374
2011871311
-1469106208
-860265603
941165193
707764111
1045432436
1325276485
1547413046
1028752568
-958432532
1860172784
-1139531247
1405297383
1217006258
681868090
-1987788610
2110590753
-1671106229
-960337306
480958711
921594214
-975076386
217404786
-812164943
-697365760
-1004903178
-1987981941
1416222333
1253426715
-954495354
-1315879742
-239020751
1158318746
168982573
1220768000
192421319
227902503
1583603131
-1551996361
1238913924
-1159101044
-143070732
644216794
233383516
-1099344575
-1947350637
1056293262
-792082540
-1254314171
-219682159
683759393
-1811315543
1522733104
335178662
-1818737733
-734745488
-633365111
560168976
-2013552558
191373950
-1778729131
2144717714
1278597475
-234863415
-1085587729
-1867711809
339516382
1704855439
-1191051490
1805458296
-1399841439
1829202806
-1991204508
-673154638
1137324969
-803819020
2011475092
-354417540
-624758972
1883108336
242616487
1200521024
-1890079349
509279913
-694098994
1047462728
-180562481
1609669334
2094027978
-154954364
-2112768558
513843727
645942907
1307104393
-378457735
-351762837
1332918455
1991246557
1244740030
-2036322199
-19086755
1473835377
-1699856661
677336851
-2008104791
-1159623058
-1507913212
619951712
-714461240
326704180
-1413420668
-1364670502
-1164007249
-801024866
-1049461428
-1988107904
-2090868697
258473099
693136856
1064361708
1859388204
1363651482
-195794253
1705621688
-1776614280
1894173748
1713097773
1344646686
-834359463
572004302
1594987594
2069554398
-1022061621
1466962799
-1786574084
1984406372
1376788418
-478719888
182806933
269912361
944011718
280589698
335956342
2116249945
1710682309
-1211280395
-1874343412
2141236149
-884206300
-109933257
-660299267
-1112057926
-1927360746
1772457114
1111986077
-1208340989
989988401
1599265113
1027923110
128349163
-1677939138
-1084291876
-2051282648
515069302
-801551024
-112674502
663876030
2086338928
132075287
-872502272
1247184130
-1646861354
-1411532427
-1831110352
-1628087230
1505403509
567547474
1498786444
-1830777997
1559216081
-104880468
1477603092
127482981
-737277881
1340093169
468567756
-1725142728
-118805131
279514256
-948754751
-1919137266
-184667175
-53996339
1030609230
1636198913
-472279368
1100340436
-1343709541
-958294185
2009679424
64959249
-295153306
-2136071436
-204479504
-1188449858
-928672763
891691791
-1676615369
-744873283
482724267
1856154920
241919067
1606208679
1632886761
491141945
-219932772
1591541028
540912760
-3428309
1287276185
362439804
1629676341
467447691
1004989937
977278574
714008684
-2058797955
-376790740
38421568
1267139416
-89795600
-2101777700
-272301033
-1922386710
-1535871469
-899544321
-285230712
1237071561
-1924115706
-822069337
-1464470674
1950574234
752553685
2040513500
-846736643
1214095745
-945434463
-474951487
-894873577
-2072947738
322933023
-158634764
-1638863138
279200123
-768254906
-1132247494
165919369
-228603522
1063811652
-699248292
-513435269
-450974917
-1645628495
-1297380277
-1064153455
-21754156
164111622
-818594166
-1619739717
-1846290876
1513444688
1950112716
261568974
2057337505
491226144
-311890724
-515827305
285407649
1019110085
1138074300
1793237554
-422209698
-256004932
1600845841
487727260
-630032291
1018450791
1216382142
-1198400377
-54306868
853422333
-36870195
-1157626259
-1166025205
-1086753086
266005398
391049960
-165913747
1386760823
1891289114
1379219263
-1918702786
-1249229038
-957044817
-1247118525
-1295170808
-979315534
464835042
-1434512292
-1806323182
1489800140
411050136
-513163810
-237365975
-866052182
-967859338
-557317471
672383650
-2102375402
288920962
-1694290993
768848542
1027891794
1324058890
911526143
2070046607
-1655926454
-442503740
-2034031229
1373068027
1279161612
-1834003146
1809792765
-1225526656
1205991799
-160032424
173216056
1749696791
1579465778
474302838
585648948
909645980
426580448
-74710693
-1029914238
-1732038771
-1259054447
421301931
1020998098
-571777263
1563603323
-824964976
1128541130
1188314428
702481385
-1959707239
-1730399464
-2022205551
1085254514
-338551842
1043427018
-408514104
958965614
-1415776409
-1973650980
1144483024
-1382616666
1506628302
-958060270
815413782
1528818250
-126743006
-70428152
-873529593
-171503833
1634017294
1653677959
-1789129516
79393304
1990409529
-1005789415
-1039429516
-1973312835
543953392
-80792610
-1474060562
-1314521237
1190785538
778414752
-1652801064
846111074
-919985429
-1726960859
-754235366
147019845
-883088332
373039813
-415899913
-1732941626
476617241
-73415621
229914446
-2089287008
1072348779
1086517439
867416860
-1816813110
2011790264
-951214509
-1498900668
-12726551
-643459416
-800010403
-1274569326
1038742277
-1523807831
65433461
-198327555
1213149823
851048142
-969823872
2068495916
-809598142
1856230388
331746045
-998733253
-76320199
177911078
-1995634530
-1652436546
803556352
-474359486
564574234
-1317698043
339057885
645455068
1329320769
491136673
1509047281
508245857
1074026576
278363431
470832554
1826088575
497507206
902156595
241772923
1316350916
441310711
324917423
911765199
759201925
-989086305
-286463915
-1163422406
-874503167
626987705
-779802511
871388145
-481040443
-390623663
298439147
710163580
-304570799
-1308840424
1645459332
1896760489
-1430138885
-1557997193
-2088853665
1597930435
1978833427
558676966
-592170813
2124373764
132308039
-839421827
-984516065
-539524793
1795119177
-1065004342
420500301
-2146338303
-1627805778
1281657061
-659677157
-407941262
1552362521
2118884034
1176352518
-1248997354
-228827752
-136860986
237662280
681545570
690232141
-1048763492
-7429868
-504464980
1174987344
-126554296
1457522463
915288938
-1939861804
643664763
1540941922
452507550
1432718216
1676185385
-2018710754
1257367953
-352808129
-865962664
-1987778016
430312894
-1640994606
-160710341
-1641199290
-930980335
246032708
739757951
-155808191
1334193489
-1579213785
-1692997405
2139111835
-893497895
-991615425
567699982
-1440588805
-578572402
-1527692700
1104876700
-651574360
405891340
-1643240276
-146350727
1759551051
127246370
569863112
851233906
-995919112
27526528
1563165870
-1159020279
-2133813138
-400042066
1548788856
-1490407288
-1905341538
329163072
36011148
572928344
-1820472727
-180083129
1021349116
-209295470
-1984307538
48968970
-1158661842
-2021415210
-1984346749
1623608822
-381680961
-196846245
703184577
-402762030
1918078628
1412176967
-329707322
2082786614
1412061330
-1020604095
-1281653643
-1334694851
622901407
1221428547
986684801
261650809
1546198825
-224676684
-1225878805
-1459802841
-1593660682
-1486252875
2089634760
61663651
-339706468
-1376200262
757720135
630109726
-767069661
885445469
912129778
-746344307
-190965272
662696302
-2079431116
-1736742172
1346708420
1702757966
557105691
-44800125
227316076
-1388848515
426272349
-589076240
1782341402
-807541392
2081914016
234064071
-248675987
-1748418649
-1447948555
331106798
-1864737395
689906175
-1759725915
-211150324
431759250
123504196
-52890832
908654139
-1698917595
-1448952566
1101884818
-102226181
1012556392
198642876
-1401377848
1795770218
211279635
-1321947659
444397713
899419057
1957345759
1729214734
924615545
1089174209
1071991846
-376645385
1541995794
590909247
-2017962037
-1864181942
-1269156988
684291004
-46767785
-225946211
-1548520632
-130822615
-1016067996
102058007
1708634160
-247738743
-510459331
-657128123
1632156330
1929966824
-1507091770
883359534
294520132
-1928543605
-1333600359
889813412
168017523
-83441048
-1475225230
-1998007844
-1982119281
592762072
-2036041780
-698143935
-282973663
-2039149942
911020747
945395076
137721953
1116428987
-1158437028
1235550199
-1789219335
219844771
777662874
1750502939
126927887
322227250
522307955
1641030007
-1169730686
1148080636
-302881397
939207851
466250866
-1843861904
966879328
632366019
-938089978
33368144
1515281326
97131984
-609546648
757767772
105348627
712735669
1412453140
-405902256
400164598
49915966
1397872978
-1718885615
-995867483
1894598006
1775195904
-305045470
-1990461251
-948085959
-1659184235
1549217884
1567987406
1337285383
-844568222
-224564770
343623998
589761819
793927449
1259925825
-220929939
-753550661
472708499
-1123082736
-1761800166
-646370863
625432013
1008906871
1090690820
1056718267
-1610478797
-1081337287
-285578028
1325683038
1250874913
975316199
-1880001990
235642497
45359782
2096607054
-163831979
1886013015
-141908086
-777654223
401783895
-582037667
-2050526830
-1499309001
1463857256
1147153510
-561717503
2054837542
-433663285
831561971
1184976738
-373417903
816785983
-1421207864
-1057846396
-1308123057
2140323495
-393103173
737749446
-366907923
-1841798932
-934680882
-1532005740
387738725
-1141011166
1972819840
2143521073
392389839
2083048169
1893431904
-1991975754
-1160923945
-1812516843
-1106677790
-456579750
-526762833
825026961
-916968843
-846368270
-447301561
-408228224
-2010870572
1264323003
1246164923
1477067172
-436495972
1850222167
-1054692595
-1772133117
-219674594
-992163307
288863507
-1588665401
-515648906
107755125
-1184220750
-1731848603
1540100316
-1711159574
1416289100
1664713986
1506195001
38810593
-586228873
847023121
1810825725
-736984574
926749422
-463722688
-1294550225
-956948043
1100870860
-1184823660
-1011382075
2106131175
208408822
-608480814
-997131467
-1492213491
900057561
-476266975
-517661877
986401640
1639461205
57399788
-517041604
1602563467
214319352
126202637
1783152380
2146360346
-1288773266
2029075239
917720268
2108123603
1931965752
985271890
-90169578
-1799862062
-1536697700
215908349
-1655462276
-2126939120
-2126505764
-938012144
-280169682
-867640020
1564421290
-1854162351
-735307653
-989234579
1008052186
107846152
1935848874
-768847609
248911961
-1368257564
119781386
953411485
-916428195
873868319
985967176
-1296528121
-1260078626
-1111474463
974398720
-1081393324
1648183108
-1647929119
-280087403
1358003986
-559512735
-1132859822
-560936891
-1789619508
-94935392
21703676
1363115639
1348665043
-1444182146
1746091688
1793548887
2026583361
-1531730886
-821728064
1898475172
362988091
572036040
926623287
1110698440
1935505525
-91762166
-1487769946
919334696
1684824570
-467657919
-75086409
-1633568323
81033517
734513857
859484614
-1649048605
1317629450
1069412580
-1620291388
2016678001
643365809
-330148800
1108185951
-1384435447
-1695051227
226480668
-1571158433
-1817190992
294082640
602395167
-406172077
954577312
-1996567990
409256266
-1428571796
-25108132
-127633446
575981607
846760872
-596050427
-685136068
1226649666
-988518094
1035213292
-481959900
477768920
-288193784
-1978195353
1112646403
-1204421938
-1439864354
1600226024
-1174482808
-501380124
-555570366
750216523
1160873321
1807233322
-1153786624
-283171986
367292002
262863026
-1216939321
-1804878330
-1120937859
-871910778
819673611
-2024313680
-629472876
2052247772
864794669
-399598778
1028877588
-888498296
1588537049
1520232564
-1159839485
942493361
-1894786384
1345517962
1150545731
1340304583
-802103258
-1722468461
-1036603625
1900932020
-995820884
1756416421
1090030310
-1194836655
1924395536
156590202
-1379006913
435196699
-63122908
1382524735
1161207837
734031141
-158728034
2118741420
1737799019
-785734576
-1296675522
-481173676
-1698527287
-28089414
261120054
587291709
942304400
1657390452
1155279557
-1891514701
-427530221
-1284372873
1135099428
-1392682408
1471920424
-699759145
-1301861210
493052032
1789073638
-299564232
-2082776806
-1529653829
1564914351
-2012163967
-1612326797
618419378
202840176
1053420240
-483440214
-414721482
-1407666393
-2058604883
-659830813
-1744554346
653758373
-538371199
1550408398
1681145904
1737963413
1177672264
-735409840
1525619530
-390895940
1324252037
-1102777759
-376165598
-1515875199
-310992778
206966839
-12287933
-609719888
743375753
-2082567772
2052347929
-1875244422
1731367950
1157019068
1151107527
-1949664064
-169535187
-1789577798
1237105720
-420237680
479760409
1040894243
-371367564
-1337138961
-41043579
-1427849173
-175115468
-641500456
1965787735
-1382436776
-1319936841
310347908
1968206747
1392136037
37354966
-2047186196
157005241
-946169752
914150230
2119334796
-1986252054
1778753334
-307736451
2001643624
1035302120
215004678
1506065895
1697729619
1231215076
688441684
1722102169
1856620398
-116646723
-1816193529
-1817873322
-2144822289
-1960989586
-836198955
1473275953
1490162467
1263175367
-2129265178
1978516579
-1433948491
352619103
1220512695
2123315806
-817829328
634614728
-281289663
-14526431
1651511489
235010564
1085610329
932035534
-1246221503
-1180975560
382978393
691367033
-653964685
606995103
1193012480
61566018
-2023181943
-1436001087
610506646
1242486693
1076798701
-455485725
-61315757
158148112
-1363418819
165295297
-914656255
1906204597
270335638
2037796730
2119287264
-2142348127
-753777644
-130958133
1107367625
-294493939
1392947097
1541354879
2138037141
-2071221516
1611216334
-604737754
947946431
-2029206299
-1580499353
-1680515836
-43553465
1262531097
-1441161046
1558056012
-1364960551
-1016051768
1618125873
-21917810
-1391006674
267601847
-56505874
-1312314003
-784877390
-677375979
-172695185
-1717942636
-688525209
1575351432
-1918095774
1550755561
1767089928
1561040001
755278427
-2050607613
-1915146895
-1999912233
-872059179
558185178
1855593789
237032083
-1362742410
-174741827
-536020303
1102535945
-1133294441
-457761912
413176024
612291879
2125071875
1082958101
-519541778
912227345
589215229
445365746
-1343482367
-813528340
-1134885753
1937237844
809171413
-1844271623
109241057
-1622115252
1226903560
1982328038
1995634512
-1857634248
-273237386
150223968
-1317830368
653559931
-2025295394
477721836
1072101610
-127692432
-205968955
-815998217
-1173622502
-419385701
2085392026
1376248875
1314781867
1335183905
1381270042
-2139617789
-1147563468
-971708550
-1055950347
-2077992543
1881364776
-189555356
1622910129
-2139543330
1641226073
630569754
-390268722
1809234083
-1180204866
649596101
-1712156117
-670964618
468654965
1303606066
-2059796056
-1798676649
-490692086
200655558
-521833717
-543969843
1315655161
-1623908946
215207207
-1481953989
-2111998351
1149386074
237514810
1395047543
580341594
-240034005
328234647
934074780
-442755943
-266811286
-1075799164
-1891612385
590620050
-266398340
1958947941
1345755680
435606766
-301807533
-258136039
-903734270
-1380257634
-655898072
1002827939
-454223555
-797358562
-1529949082
-266718451
351103858
-534993154
-1041894167
1425729928
-1818968897
900673949
-824139417
-147334184
-774698412
319611447
1677266478
1383547374
-595182522
2017439778
-1608270833
-1230869290
363521699
556383060
2098819482
-637953581
330270661
-1285140952
409670538
-303082553
478992363
-1282230431
185995395
-1542584616
-782565883
750534766
2101826554
1328589392
-1840988722
-1933523985
-60427149
1317119173
-1758006496
1497606264
-983691022
-1321120135
-256119165
1387348884
2008519083
-1501055485
-1286109434
-370743029
915128315
-649360594
-1615727278
-1447679385
-2044204645
2033341472
674024443
870189749
-1755675886
-229879618
-765550311
-1988285816
-1085571733
1797304399
-2052637417
-1515442110
462930728
529857887
1490510538
-1776291690
-1854730122
-763042843
755270853
-1649992888
-1559061855
1972221352
-1135477782
-280006601
-472499511
283332829
1845400388
-482688868
-120778794
171592981
111050004
1475100820
462277545
1949143637
1230439721
945482971
-2144723053
-1119633786
-2039311244
-794949415
-7865334
958070031
1777916379
-187369245
618829721
-846711616
-1151325107
-1069810502
-1830784744
-488591375
321550870
1634963030
1909113117
1349755626
1435588979
-1927780119
-1069150542
-1096076155
1468665449
-1792639970
1773329223
631434514
-559703598
444682145
-1671915030
326872954
-372365897
-358573341
485254580
261333158
842818277
-167242466
405285766
826974497
1032104890
-1055014505
-46253323
811744507
1714487359
543308834
943747714
1284650480
2068459387
524470763
-1588495602
1205406666
593216006
1173697138
1206503052
-710793469
20150748
-79059753
-2013704
-1236170322
-1183286413
-346084009
193596039
-983618922
-983337970
1609269014
708265503
1982488231
1772245331
-1970334178
-1471193336
726660236
-167289317
1639642535
884935396
-204216679
2085410953
-583170408
-762403620
588891883
-1624025763
-589276595
1270493980
-357217842
-1194163063
-1713842789
-679489664
969839198
-195482875
1063913488
-379623537
862725488
-1108187681
-1204407425
1111623591
900638386
408128149
950192059
-1041357446
-1104624624
-1948829530
-342239583
793877944
624948057
-465604506
35669083
1098995981
-903289310
1233240850
1609054179
-589706162
-1797466134
983429155
461082566
1722468334
-913106306
-256867354
-267231446
-1450423626
-870546273
-377992372
-1109018862
1545685941
1194632929
345944318
-66109473
2129178484
-21566763
-75475020
17458969
1930157166
-1847328662
1765049799
-1124850321
-1759665474
1858485647
-1654180348
-1494048516
112421658
-410397667
159572418
1979592651
-1444028161
-1735917068
1776572470
-925270371
1638239277
1477615459
-1113311483
698277865
-817689258
-1577078835
69654554
723846947
-208539118
-1630873464
-1453537095
-1981959103
-782740459
1931272712
1705713108
-755690630
107788194
-1092114628
-569099875
-1281305264
1000791362
222762807
699323996
-1812315440
-1465943375
1178479891
1141009025
-458305000
788401945
-210697710
1841117693
-1316552934
-1319942526
-1217700347
799647948
-998544226
-428760953
-1240110607
-1811045674
1510773133
-1692578227
-1024562962
-1040700169
135362155
-469271631
12557138
1370387292
-1200208091
1889040320
-1527271409
-492115696
833338636
-280006549
-654219175
-139047722
-1827363551
766883195
871256459
1036756792
-321976686
1800320706
418953547
-738880032
-200626812
-942853741
-370262037
778336293
267853331
208224627
-1849250542
-622702360
594490262
-2051389425
2042686107
-373132895
-1658261465
-1573724047
-1399174724
-1984413004
1335115874
1888244078
1309832810
-1881031415
855357291
2085761891
-751780612
352807131
-1675196619
1821785376
-1478130162
-19073585
1072380162
-320902109
1659710632
-2060795833
-183047643
-102302712
-276327778
1752815608
-234548977
-1914117824
1877612345
1465998265
-293597560
-1300972799
830985238
-1305657698
1296240444
990343293
665207886
-1752970683
788136312
1535438165
-1351435817
-1724878225
186950454
590131536
892290345
730844625
1577970774
-954521785
-497814748
1837221932
-430352082
-233506972
585860400
931422619
1421596996
-780613493
1262552997
-135622869
-1114741159
-737729257
1483074157
357044400
1514440618
2113369801
-194084888
-932950058
-2001648271
30166524
-54721009
1502846070
-1951838031
-1782028259
-1819173413
-1149806038
1949918003
-1777784485
-1198009113
-1004866781
680795083
845315482
-728717996
-26434503
-1773479201
-1469885268
214044652
-965839293
1687773993
1286155714
1908651145
996997288
-1715191109
236742176
-1261302601
-2108780234
-2012854205
-1055506672
1699228824
-538479311
1804175504
-1425223912
1467624968
-1117020241
-1616070572
946885230
-1389843968
-1596368605
1855839787
-249000277
-1738021825
1305224246
-1218469668
198720959
-765752026
2043749341
-69290531
133674021
2043821539
-279753049
-1626262500
-1976093098
-1596321070
1690764118
-93204740
413970818
-568719329
1210176177
-2033893987
-61355139
1163001007
-232484200
775443040
1724022263
-467828928
516623960
1372161705
1681109232
1395902926
-1181358016
1910046439
810322026
-886993096
1788379252
1575373521
994072927
203390755
1434318080
1915971057
-865961483
91399198
-212496592
-1619477403
1657037039
-1611530233
1009267230
-1454491676
559007847
589236908
-1419927925
1604950271
276809658
49608372
1393663986
1192403113
1467947202
1215094976
-874088742
-1640903175
-1053754294
1710443724
-1981606804
1852224557
-1591643714
-168978981
12647236
341781745
566277666
1379152851
603380107
-1384584479
172047941
38861733
-1643499451
457912396
1864278069
-375472720
-1736205337
-531714501
-2019221515
-933632409
-276393428
1131794353
68735853
-779614928
449227048
-1125649101
-426339935
-1248436849
782351260
1077306506
-1413996251
-588388733
-322470260
545910983
-760718896
-1732420560
-1857266673
-441147770
-706007632
-1591720003
-1735481499
-704460681
-504836803
1221861759
825392718
1549502490
-74818864
-1105530538
216656793
-185047351
2066342229
-2139287209
1074011898
1492687611
1442742847
-904792405
1679281696
714364358
1967722172
319956150
449450759
486073509
-1911259094
2113056379
-873178230
874425211
-2120154168
-210965954
1400979003
1047935703
751275440
-153404566
-1602140041
-1806039431
-821090556
-562161995
-1250551372
-1140424683
1745644391
-1630886783
1256415260
347249238
-701044305
-568941179
-1642427809
-1400965083
1558666200
-1794409044
-533773628
-208516054
-353572293
1115982140
-1051719806
-283267950
-413733378
1025187899
-861965235
-1184112877
32761550
602205197
-1788866254
-1664425683
266180555
-250645663
286112423
-1907412815
360021956
-162660274
807204574
-1620797306
1974739108
-1296218952
-1177957287
-1843886678
-1243559381
1043489016
1407512002
-1069143945
871291872
488714428
1059540732
697099815
-1608994235
-56622550
-931039371
-1283596646
2132783948
-976413877
1901929917
1794476630
-1524879862
-46354010
-518186916
560116942
-1606483543
-1269024725
1787826143
-720611610
-896385117
-903731373
1036607028
1954289078
15023405
-1808817276
-1021143241
1129015694
1323550704
-1409571399
1817130636
1038987577
-1273007618
-889877918
-307999058
-1561217658
650979587
-955831672
155424072
1457086723
1181256890
-1396907212
821715139
1146007563
-1651394397
400305937
1738173216
-2123817725
-1500416782
-1667778992
815492614
-1004073760
-63241526
-853935925
-1842222050
812842987
-1465780309
118355565
1408809886
1900317384
2140003367
1029667280
-1341118940
1223252916
-84114981
-907876057
-1485917756
-1031614451
1872708765
-2094087843
1900865380
612949527
1699654386
-890298498
39234118
-370452740
-550299198
-1700922282
803337446
-646527724
-803696818
907083351
1460932357
-776836505
1951308129
-1225259585
-589590267
-826203281
-489358651
410375929
322357367
-668519903
-1633111048
1756268356
-1482468878
-235719378
-32742624
-708997230
1594686502
1877528453
-874369221
373270962
-1973467088
1982841884
-170085734
1102764976
-583132370
1643284976
2091882639
1022449019
-1952484074
-511468470
952099429
-3013432
1145651395
-816772285
-1721825392
-394001609
-1831628464
1365381257
-40147675
657998515
-855580503
949136482
123973771
-750838755
574825310
1266519792
-1419615885
295019564
-94517830
-1052454473
1288783621
-1443304818
646047252
611206492
-338379685
-1479833773
-1337761692
-1643096145
32583730
33299083
1352302361
30987755
-1037765666
1994498605
-401644248
474419003
-329546370
-1460876742
493454696
-1039721600
-1920022159
1432066849
-1827751140
-101430703
-499259640
420424293
-1042098223
-1624965565
388545660
1735995772
1680980586
-708675479
-4579806
110210810
-1321516167
949180446
-1451600676
-551356946
1268366031
1447547649
1267109843
750571404
1462794837
-922556095
-1214169758
-360344821
1742336541
1217141274
-1556447403
-1138075696
-303474253
-1270260578
-921751982
-492984884
302359225
1574527160
-1427103593
224806945
203980978
1143102573
908765157
-248109557
1927649821
1630136677
-2027521349
-2053421571
-1513408826
1598994090
-1050903353
337338122
-1058078889
-1262153042
1527585433
-315843450
-1110531531
1120113042
1062481049
-1719371795
-539659895
-1461890139
-526150341
-765473534
-162181476
-925126614
1351421552
-269120453
-1680705945
-1002354595
-212411809
-193482916
-2140732566
-1766013256
-1520546988
-367242143
603732156
1752288882
-1861855496
501424800
-1436226973
-1671241913
1696573634
1701404207
-1203398939
1387213182
-1466243155
1180781954
1902904862
-1341927896
405611307
-1738025639
-1191083692
1540319141
144284505
1346203352
119535752
-1313032596
-472688525
739630071
1728293134
-2131796470
-480492151
906247708
848828767
-1866752406
-26295694
-1447070971
-1397195218
-1353624233
-1445338879
139779051
-798434120
-1084812225
21479799
-1256328476
969834080
100290106
1898496567
-1381019000
2063829370
533062217
620066496
12456919
340448102
1071678946
-1306224170
-261970342
-1847181343
929616812
-2075037950
-387021177
-2094841449
-1044577658
-169720003
150763113
1800818683
-2099738419
960896231
666442880
-541628837
1456615390
-321160450
2111581413
2040455214
422140889
-2046680181
581468337
1824736944
3771304
-2114180769
-489963617
-1844583504
1763136831
1146777855
-379813904
-895144536
1519018532
-1241789220
-1111490418
1361666318
-1089720270
-2073745209
439279988
34659049
99326617
1923905699
-1742569908
-858322778
1865510696
-1701355941
-2006266023
1737097515
753046478
287947542
239531159
1651514156
-218070947
-588275799
-1378300128
-884992834
-1099886447
17911885
-2131866416
1945870377
100856401
-168341615
-1482601940
-2111477247
810824756
-634411887
-419877249
1426648183
-776685498
61132904
-1127766459
-698637332
-1502179573
625616610
531374029
2095347911
-2068152637
-1352106378
851439129
1448047239
753351407
1408330611
271005192
1361119259
1172181011
200178296
-2099181130
1260233072
1239943102
-1299898840
-923576797
-2136007092
1333971143
1281311774
-642414830
1478194778
-1914390568
-1697397473
-356055757
-184760699
612637744
1479091342
661451395
-425959544
-278573916
-788507868
-2082158349
-740841018
1001400550
-711169825
-286277817
-1974537642
-1320328439
-1080587717
-1447749567
-368347806
860904772
-2065404769
1868021758
-70567503
1241161717
989802010
612227999
469143937
-1703793687
-1406700466
-1177604310
-1607707495
1108618458
-1884748116
-1655079502
646915999
-1579036616
-455649311
-1005041738
-707828570
1243431980
-508317041
-523269177
278034699
-1828117799
-780337856
-1908445844
1737608321
-702755356
1340295575
-223287735
685278569
-1088127434
579379912
3794301
-1725383066
1726745600
-551825591
-501644980
1409679664
-1249922305
-672073271
980623102
946608809
1224627968
-288918175
-2034649850
-1189700563
-206762842
-592768760
-1299543195
11443757
-122426773
-640504244
-1832313264
-1854302210
-286759452
-263909569
-1681651952
1719492846
-1937129144
1932005294
-1354428631
-21320040
1243106610
1378729369
-924003906
-1822382983
2109244069
1070990558
-1436774605
1290881218
1210005841
-915217866
1807161107
-227020177
-401310188
-1404546715
439086132
-160430952
242142658
1929407149
-741472487
806062854
-499075031
-46177405
942267031
309234696
403648335
933914245
-1775993158
-143842425
-544798979
1752135338
602416616
-1784169640
1301047424
-359935558
1396719687
197260497
619134638
-1812888063
772403548
-249161826
-1837375961
-679203009
-1450984460
-1852827179
992964060
-1225781534
1183942727
683185478
1032573909
-119671946
-1095210919
-2144780776
-265344466
-1187404964
736607907
1875488401
-598802334
577224377
844868339
994876468
-380113717
-89961295
-2109808241
-1198339568
-667536791
797599701
946884768
1184517206
39616226
-563823143
-1926023218
1726345517
241829065
-1457138038
316053031
-575544638
-1298041310
-774351362
-540339644
-2063083870
813081381
1732161036
493666478
-48865717
2089861442
1229517566
-113742723
1851010303
-805593499
1774634885
662324802
288450267
-98417541
414684141
1862147366
-525972184
1272041779
-2096464751
-483948973
303029233
1915454984
-1581069424
-145058158
-893375275
1901679743
1972158912
-905702860
1269936926
38300333
-1961229598
1629108022
-81156847
-1998486532
-698609385
-203586145
1946625671
1366229549
421956498
1211312685
138545340
-1336077664
1546265743
57208624
-118148250
1870685139
-892042620
550295476
1736313609
-606851288
1118863509
2055260389
-1577359223
-26699030
-1868201396
76866991
-1358170624
-1891190639
288083592
2113503396
-1168833327
27239237
-814275146
-2004629469
1784164605
1777369760
1643644735
1330548917
-105945675
-1189251656
1671912001
-1015881286
-1087629521
-417224100
1083665792
-2002114492
1255130557
-1122818916
75530910
-1742326718
1583423002
1293744782
1387157642
1980326880
1623345927
670763087
-1156093642
1202430254
-530428906
-1632739256
1203621516
-1132521985
-999529020
-53347406
-1694170462
1261550099
-1158283571
-2006225061
-89723093
-556327048
-1516470596
529246377
-1901723600
1991778604
1930035649
-1362102561
1195453952
354179079
1139865030
638837919
-741723547
1882946007
-1971587901
1990763951
-712155880
1522730700
892366929
7281919
-1191330954
-1723930346
-283639171
1568521962
55543666
-1921389876
669874143
-154414148
1188434381
-1563089393
1564993258
1005575796
-1541825659
-186395793
42952836
-996725814
-1007889782
646650509
1043088856
1480117618
-2028935753
-1849964288
1746579307
-1478064734
1836213247
-925494404
102388077
54683346
-1862771993
556123441
-1118676655
348662722
1367500851
-1679326864
-38289249
-1761244223
-1068911900
-684852332
-1039339256
1548554027
-207356063
-1274525409
-1389423174
287516722
-1603841293
1907929634
-1277776394
-10644511
1193269878
551396322
-701090593
820594526
-2010052531
1801759160
-1204096365
-1783927441
-1776935530
-918974407
115427967
-197773249
2139460254
-1004398955
-28370194
693275488
528355991
-111619516
1417413091
-1964260845
-830800248
192948446
-1604805847
-1476717113
-1854297212
-844069814
-1159525464
1558472927
139972638
385033499
-811045383
-1836156488
145151259
112015158
-233311173
-1969438230
-610861719
345312439
1040569127
1691452876
-396846768
1007002389
1225345633
1694685245
260094182
2032326275
155344401
1182111393
-1293807160
-662509671
969479602
-1256349398
-551416826
-1640483021
-1496230871
2004013912
73214559
-1050649447
-122970855
1350467778
1353531821
-1005848097
1853643637
-1849853418
-174640222
245691023
889748822
1672404573
1066213556
-1875974012
1821341966
715668611
2014135638
-1005051112
-1617424516
269207830
-1900743064
286213249
353787809
-1769624498
-1356697361
213152120
-1884872845
1992404045
1610051848
-1002254565
1258622449
-1856325722
-436616167
347699987
1302000247
249173027
1013860938
467231225
-278545070
1471428034
-2070013133
1086298101
511679895
814580225
-784547370
-2059790424
-706338768
1257341787
1382138831
711920459
698002487
340480273
1127671754
38601752
-1923223418
-1802096851
1721757492
2109522920
-1237576050
539601603
590853940
-67928803
-467087768
1551152762
1682568412
-1949389631
222791721
1118800714
-1137704805
319877871
1902997113
230969734
-1415946
719949169
2133849702
1177212445
-885513097
1537628330
-1247012747
-680275940
1527245541
1158314678
-1403025670
2080668278
-1322345036
-1681777457
-1775340119
206276103
1930559423
1225643762
860210796
-607868970
-726836172
-565792319
271757174
1202735002
-1119785778
-1937382742
1418079895
-1246162305
979365706
-406215095
32234961
1142519337
202808851
-1901929205
-218038996
1701791736
1359249471
-502444525
-793655866
546053262
106939582
-154225568
-1833936339
74781581
-1918788400
-522782161
-2063996943
1789729701
-890189385
467551901
-1634480525
-99552563
-1145384530
-1188839024
-1376526589
-1556322609
-680062951
-621137448
1260653098
1759812106
-728886019
33413520
-1896893
453726323
-334297167
-2019478326
-536282288
-408188708
-945553195
-59474326
697278474
-155195783
1889636227
-932831406
286012473
-1501057377
-566436412
-1904710721
-831990714
-537436467
-740349883
1179341554
1401004558
512630512
1248099658
1923015954
-332226824
1788449762
2010052323
786289488
-895446199
-1383737805
28763228
1024282188
878220982
2104463660
34576121
-1418598730
2055671354
202018320
991938018
-602975176
171979561
491728805
1376238940
-1708964205
-287213691
1619370482
-971059910
-921066232
-382444656
-764558775
-233526638
125493240
1735428258
-844168313
-111494990
893073614
-305904324
2141967002
-1809552044
568075292
-370698660
-1081589949
630014993
440347140
531603986
-336859876
224785683
-1575229223
1306339155
-435973924
1360126735
1073815045
-491118836
1841724890
1341715569
-287123156
1959254650
-1060567089
2141277144
-206160495
-1509936456
573357279
348623812
-1833077320
1698799001
-607405094
-251407987
1697430861
-2102969417
-691230018
1123283862
-151280316
-301255732
1621168512
-1866166590
1547957825
-66916545
1497898251
-1518108889
-1212033735
-896922622
1825312392
1211064321
1058999896
2089424794
747690720
724700905
1340975653
-4561026
-1318142338
52670022
802435299
2083824293
-1107572391
-1080632573
1303396410
1305464922
1024698161
-7992958
1587173142
1981612114
333260824
-939180592
-1157628977
536731647
-192852685
1851429657
-1950900086
-193015514
-1749033535
1909671517
-414979618
1495487919
734644317
-2066597789
447888314
57468091
243913855
1257249518
1239068805
-1185841924
84437064
-623592146
109436550
1272481856
153052798
284437369
-950071419
1567220813
-1233164076
1540462138
2095042226
-238803724
408410735
1041577001
1036775622
122446688
-1643661659
501322684
-459048344
297479854
-682299385
-1633153060
-572389167
1917809090
335856545
713251804
-1707499342
1659462232
1871674495
622484134
-2106521772
-184758951
1145990003
-1552108233
-1167324671
342578287
-1842669803
1166926924
-395946078
374108379
-272439285
-1247108771
-355479383
1974620037
40031626
1568666314
1690530096
-1982342572
-579676644
2060076884
754989410
1528136384
-1256122205
254170318
2011019289
1002414500
-291944035
1115991571
1881938889
2028634200
974416041
57427002
1737092507
-1304600833
1020392009
-1169733880
-1028138276
549391388
-1697422872
951654565
-602591080
270262635
1715425311
313739411
-1141510782
-443663890
484553011
-538261029
1445826070
1888466245
798160866
-1867655032
-197658879
-1391797182
1537744990
-869383591
907813312
707394236
-265689191
-279247183
666529670
-1655094621
-5131581
-1516273198
-151861662
-1008759723
-793842928
-1752328374
-282272607
668092463
-255864386
1641779116
848254576
207517029
-1057681322
-126509693
-824665658
715764246
1082624305
15613316
-40469376
-785663846
771501117
1016587778
-1146605364
-997073378
875156481
809875878
751309771
675505779
-313430306
760754526
462504562
-21577438
-1028065129
1083568533
525277360
473236419
-2025977838
1453342373
-1255997739
-492161650
-1755515553
-824851319
-1141954254
-805945294
91610105
1668130263
-130339332
-350512667
636026188
-1681914388
1764857205
-588907332
-1338488969
995132008
-2010920883
-9126084
-1460403118
1350717404
-353107900
-1028021712
-1340803918
-1608192574
-174383340
1404446652
-255435797
1518577069
972722062
-1102133326
1590083478
-359577151
629708035
-1758685917
-1028759661
-1687361948
-1670927131
1100687673
769043025
185817909
-144709972
-707139772
680407372
1708986172
-2143595010
-1808470511
1845027287
614872163
1551172361
1370180226
2025096731
577981989
-616825549
-651346085
-296365473
-313856124
935490549
1641461337
240288393
68740160
501938692
-734581112
1597066211
2147367237
199513777
402242518
-1558141150
1706350692
426150289
1297411042
-1616791900
1927588678
-1287003040
64201753
-83571463
-961316451
-1839505630
-544912124
-1572251739
-742918501
484412042
-273359142
449524259
-552881753
-1654143840
1412146012
1631823147
599711310
1303614365
-654458654
-1824221641
-290707593
1267878681
1781260976
1840819011
-1948646950
-1235787929
-1186557299
-2107939115
1064972723
-1615459521
217388950
63471676
1215264690
1090464670
-301273521
-873333733
-867395275
1074165225
-1930154502
801163561
-1136707656
1537371224
770862891
-1264851663
579611531
-653478767
1613301660
2110672480
-1335208506
-1482771309
68202301
2021934271
-547086982
-1312777771
1322771087
-509829123
121048105
-425775442
-1162439118
-1324139150
-1666433673
-2103500297
-1248784452
-6960544
-1906600416
852141294
2024732619
1545891451
-1124665812
1004569437
-1291257507
-978052438
-1395008927
-1904600581
352354910
534806543
1231888633
154128145
-1384482430
1310192453
1605756309
1576661344
-829489835
-158613528
-10377103
-1954143935
-1735556977
1507045465
1477522648
1813489678
-1506420820
-975450686
-1094255911
-200580672
-906228804
1319083095
343199802
-1333912359
-1825175945
-2052696097
-974107476
1696502916
-126915692
-2040007566
2119447872
757229817
722547546
-2114263164
-1974949095
-1058555354
894425718
-337183455
-334294685
-566015861
-1624491249
-184959622
-1997939069
-686473115
1333814039
1404905119
1729612943
-423816434
601029604
-1392918899
490544384
-1247346013
306255614
-1111932565
-1128995930
-659274777
-310938566
-1278250992
1192201435
-1159144858
1085379847
-1371356471
804459259
953717469
-230280953
-196672424
1287952147
-385957928
61726689
471341374
-1719250728
549624989
-2023093163
-1423739076
1368394201
-442205624
-1124105072
47386903
1652004856
858659639
-1030145087
154450588
1256327958
50520231
-669183765
-2031793949
223183373
-351097185
1103474428
-866716969
997120739
-1464030708
1039260191
-1140935179
-256003525
-1394789075
-1677017522
-1116945581
1031562766
1989463601
-2039999702
-1961871133
1580273563
-414469091
1211246862
-240735496
-1319130980
-2075101709
-542166175
-379829751
-1381707847
-5386224
912942123
1705603253
-665591743
884374485
-394744598
-1907915257
-1884139241
-1148463735
-1274529626
157655034
1058377450
734952574
1738863427
-1713651137
-1782069848
1475760497
1903014421
-1682827971
-1628746445
448886582
-518336071
707694936
400272725
-2063582828
-1418699486
-990143883
1191603441
1040055917
-2067590670
-1306636354
2116362364
170239266
-1965500918
-1197763678
-1285198934
-1669203915
-639471004
1511455
2091051627
-291433169
-975853793
1151843139
-1314769640
1366027971
-699667237
1204920303
-42241047
-1628353229
1887139655
-1605570850
1465267627
1798697202
-970633993
775855077
1316978094
-1357792374
-1297315718
2030504828
419314947
909902527
-2043144533
-888171396
-1520850201
-2027458060
-889092537
-1220027863
-2088226695
443555278
403225792
-812629389
892656563
2124721687
1603118160
861867128
1978961303
-1906458140
-2077350064
-2034119859
-538749016
-1473973768
-1634202423
464865534
1001766043
64951658
1420003915
787092946
64014414
-696013690
446996221
497829843
-1816710407
489002481
-1374778379
1091120780
122225570
837775887
-1637483063
2058747668
-2093586986
-352823128
875805542
-1763263413
148743829
167494857
1853025823
326426467
-824734579
1867111144
1930647304
78218402
-1946910837
1878224203
-1881602683
452403301
396374830
562520745
2070438685
-416612249
264816861
-1964154095
-1276729197
-1805705917
-457073414
-1136398582
-1098641353
1551433783
1047081815
-2056895237
1522948473
-175455958
1448933097
773896397
-88116802
1480024303
-931348294
1784701390
-1748674954
1233912779
-659858908
571818712
922584174
-1982607308
299396667
1179406513
-1554020254
-167479845
-231498101
897120949
1626834134
381526252
-1976586494
1715214770
275431717
-692724332
855113007
-1670354670
525178329
2131996611
-328616275
-1641877953
184240701
-1160125645
1573225177
-1482689982
-845826255
-1619372120
-1503292470
354644397
-2133081283
1880280440
537875074
1480992443
1709378535
-1492421043
1513560672
892244405
1957843016
1862749737
268416985
-232807530
1350529244
76710058
-1054433689
24440562
103618714
-302293362
866716096
1152811795
-1345232060
-1031362694
939359819
1164760420
-355461889
-1778897930
125852879
939482386
-1012386010
-2055926852
-479625875
-999373585
742272602
1465193522
-712243760
40228762
1818795485
1691157299
-1434390878
-802518563
35105824
-491539947
837807169
1353369429
-1412203366
574647527
1018277554
1920394584
-2033716518
465631738
-1665028907
-1841962990
1046549215
-668330590
-140185894
-1522678287
-673410393
1934452285
-1672573965
-1900219069
225079557
330050676
-924725429
-377024484
-339761737
1989030848
507328565
1684195964
1201356471
1937295152
372820392
-320604495
133136081
161066600
-1858773781
263156730
1650839925
1349940972
1329720204
-759372947
1275963342
-1284469346
-201915242
-1459337446
611554066
-1447891835
158851330
625209199
928985115
438722767
168545133
-1787995427
508278839
-1990873831
1874448139
1745742779
1738033979
1308298220
24895963
49453163
-1549121826
1552209547
1564343836
-996935238
286080835
-898149397
405855999
717904780
1833004247
1148056578
-1287695203
1327477688
-643652771
618560324
988832554
-32529616
-2015418810
988078698
1475322219
-253500059
-787026363
931589748
723028581
333304297
456209443
21677297
-730286506
440652885
981423311
971767934
1938304744
-369885588
-543071560
883886475
-1223273820
-24438656
-1139672993
-1651853468
1482488740
-884878316
-805035993
-1906541201
-1248666228
1083704514
1402430831
-1210341198
-126792006
-100662433
-1055694110
1279553944
196145340
-1506107556
522019341
972809716
180612098
221659759
233824305
-117838010
-1202998572
-1639306639
-1564144550
920058172
-46956667
-875504247
1981977264
1328479354
188219881
598949002
-1245296372
14938525
-1120407549
833083289
-1629974323
-1058672515
1831890435
-838833901
-1442676244
2026340274
511934830
-1256613203
1716728654
1053349977
1784021918
-1373669157
-1832864679
2121081368
-1498036371
1444624502
1573293001
945351518
-821041619
-328912232
-932393020
376005103
-2138413094
2044738250
1260399403
1911033759
374586002
-82726047
-395025358
2109153117
2083368261
410780708
-1989134286
965635699
2141249960
-1764272334
-1717919555
-702419445
1302391150
1277083682
2079249907
-1198647052
-499612998
-1121570452
1314759187
1307541926
-1386698802
-472914938
215472724
-1697203069
-1168349688
910038354
407310581
-1516623265
-1702973425
902315830
1586943123
177956674
-56713399
1330196108
1614942394
-1095868052
-1048455024
265132989
1794991037
170679448
-225703900
-419354200
22052297
1864197509
-186799902
1311895239
1232985400
-1970865743
-1019508042
-39785324
-734430174
748087143
-1186739123
1415059753
983843642
961391100
1368144911
-1893408986
873158102
1136379476
563172428
1541421014
1682410319
-451286101
-920893772
-1659124844
1686808970
926669969
-1707488500
1373471851
1596798167
-2091228106
-1975343841
-209051908
216590585
-1825514521
-820898318
-1011366492
1410936709
1462699224
613788730
1654796765
710682479
-112707037
-1985665006
798642148
1803817441
1962229520
-1228380696
-581795684
-143509426
1787702679
1098679480
-426601038
-1066295353
-495564510
1508424573
720169985
1178148237
-605308522
453415395
-1866446794
-601775898
-538348908
893939776
-1603774025
-1265187276
-223753477
1023720133
1312360384
-40564926
2050787505
2006641648
-1543574321
-211149599
1586193571
-1213504956
1635886146
354510259
1666468617
-1190013636
-1809134019
307193414
-1487873042
-1277319812
1254026705
1770829412
825683951
964852810
155419994
1663168424
1807099202
1143926331
1023415592
1365995860
-1856849670
81663281
1329455200
294980962
4075656
-57387644
-515597276
1220211416
-1319987324
1200013950
1666215153
-58824352
341661101
1760548365
1830803017
-269340137
456319278
55275443
-1216446319
-1213488731
-2066427613
-1780527424
756807995
788711309
-2037902246
-451642429
2085343527
-564316475
-900640675
578377022
-985744058
-872135800
-1389777744
847983512
924491136
130075243
-2086760874
-1126049705
-1806594601
1115935918
95618970
-1505354610
-101292596
-1073435180
1929510923
2128646803
-657503743
-1917698442
1653364935
-1740370187
-1479724001
-505495469
-426864388
1524845740
1889113337
-454418518
-663900500
-4185966
1314485489
-1918853685
-343707729
-1391071214
1322759834
524847339
-74578178
-1297588450
-985768033
-1003283144
-586683859
259680614
228658146
-1873681619
1995469625
-968795450
1880682216
1569922854
-690595197
-1020634369
1398081395
-1260575178
1031884060
465600681
931621232
-1414943688
1420305219
1546428264
499302931
-188784860
418741035
-219724451
-1956021696
-1684446301
-814433280
-527918112
1736579884
317818596
647873836
-739696789
-2032477884
-1864681040
2044054997
914449112
102787405
-1557485381
-425707350
1093030351
480936908
-2033940931
1428316127
-1860000135
302168743
19421377
-565600907
1753581177
-1991211765
1045455677
-1189932098
-2054587621
-1558207088
-752911775
1919482400
2071345358
631525019
1598446387
268530201
-1768756785
804432132
370104027
-1964562302
1810231335
466985208
2098751419
-99334377
1339708119
1716198687
267453378
-989038026
-1951249840
1852441600
-518897662
1105923814
2083627048
-405228636
1224546687
1982229787
-211692021
926994297
-726403255
228225591
-1627568145
-292059015
-629032500
-2072023084
-1540506229
48219019
-397284507
2131481280
-1692524791
2138948137
-150804935
685422152
279331065
-1299566270
1532232514
-2028869703
1565719433
2081210976
-1935726934
-18473437
377225459
1575269133
1554922843
113535584
1933322038
-1784158605
1207074774
1733567316
2067273992
1126659394
1399623236
2062865013
-1284857334
-539830314
183613898
579855501
-1393751491
-215937384
-1066660063
1439572670
2116367540
-2135331677
544732773
926758854
-550865525
-1936987989
-1818526676
-621689468
-1446161641
-912058342
310417370
-1409888581
-1682069922
142096507
6095666
-895256300
-519188791
-751572197
239564592
1476160361
-2046235369
1338803949
-169647593
1758874688
339564949
-1818418002
784952005
314778773
1593559435
270453064
1638159693
1965861596
-1566648327
1193235067
-614523705
-694568379
1324737923
208144826
1262114401
2034072129
191464361
-310378158
-1519636038
-19727804
438230842
-195780655
-1437619601
1789937100
1237507594
-1856701019
-1252213003
-1507314526
721216482
-1556940541
-1871920984
-16614560
2048160439
138880009
-462745308
1313194034
1314134559
96661798
-507256621
923252704
174549504
-575749703
367510215
1706266379
-1835475830
-865617160
1632905674
-1737022538
-2102400154
590054675
1073619634
-175385848
-58801105
2105432216
1174265848
1142415183
-449687519
-182845928
-651236725
-1129205176
-1452375281
1910154251
-413004830
-1755414627
-1033099878
-1693929744
217793872
1115294638
-2014540129
-1012078664
1386703003
1351457428
1596653553
1317973092
796534222
-151499934
87726663
1045563116
-1065442738
1017865133
-1229251464
-584724893
1691479338
1264668494
-289545755
-338676137
-151001929
1323194469
-1235758027
-1947570051
1456496988
-919184479
1291076679
-217955187
-1690584662
-1593639745
-901259676
-563953045
538637231
-1825956016
755117492
397636231
1469659019
1166845886
-1202756877
598714501
1236358979
1727121552
623071844
1412291615
-2057601067
50552812
-832447227
-137810870
-725850229
729033053
-544720637
-1308790633
-1192718956
162580438
-1614951056
950566108
-807182640
1393093623
510301490
-1108772077
699093994
1951275662
-438551234
1233223553
-459187029
-575023264
2070049286
-1318667494
1873489037
-322619352
-1646391248
-529666013
-1638581105
-1816648737
-1689899897
-1308357351
2050135623
509002301
643901238
86774225
-368722883
611835775
-1356906957
1435738848
-199277707
-1229502357
-186166536
1506996028
1930687053
857957008
-503457928
-267203549
-2085259127
-1745517358
1966675536
1084107579
240522412
-44510171
