-1526040921
-251234846
816966385
1046169126
45569100
-231378212
100066083
905006688
1209613743
376646100
1870987901
1020009508
1653766627
-558779920
-174471008
-51364090
-1450429627
-229040554
-853630698
1580628876
232939143
-1606100566
963736194
1967750234
1312718605
-1958955563
1087008024
-1251282544
-362161033
-595020792
-695481266
1180746351
-820707970
-1280653056
979337171
-2100218558
1830517763
-650501749
-1059983424
1717514619
807962213
546286410
2035830797
1950744603
-1307467246
-2002000457
-777767099
1631989335
260211552
2092580713
101543037
1957394040
-252834147
-2146008170
-1376378750
776852226
224777828
-855827494
1084032593
-1192353768
-1791317198
-1336464842
-32244021
460386078
1432227896
-1264599206
541674409
-293572448
-609900174
2045751590
-1266909779
-1320642447
479131383
-1374562962
-1923640807
764338199
1446179219
1029285117
-1535642780
-744928410
1056857234
403868380
918180139
-1754360982
582803678
-654416940
1415021413
-852255862
-489536180
196997680
1678765275
1476957417
-262252494
-1637463610
-897183530
1745515535
767385148
1278375992
197152793
390307016
698358399
678489463
265617681
-1398740916
-1508654130
1153460360
-465348790
-978425441
-1165788340
615017610
1152306725
1714525242
-834529214
-153779721
1054477000
367831275
-222012110
-1845376982
1914267989
322014457
-425661908
-317285600
960801117
-492277878
-169050017
798773634
-1296929385
2081481033
-2032243982
-984000798
994017996
923419203
68296980
-699259323
-351329771
-1000691183
-310872750
-1485838111
-1009737144
-1376145860
-1487149529
1076608295
204098735
1821813468
2030101465
184084995
1102072059
1655206274
2074353538
1359512161
-976628616
1703838295
-1138346132
-2103100173
290863233
-1154862203
-690662238
1276019761
-1576651723
131623637
45780419
-542768479
-1032467094
-333787752
299508505
-2118963368
-1101153055
2093583051
-348985367
-466313537
1978853819
848634741
-1824887540
-361817190
-1174558676
-399387308
-312950594
-395916218
2090446702
1744604088
96458677
-764483519
-64292105
1820555949
1143468917
1220592111
1579354861
-1051015073
1455135202
852699291
687159257
-179836742
-1240272362
842491579
391122331
1112837968
818387572
-1789829001
1973215645
-1912317056
606555133
1670682220
-1390012341
-1443454253
-1457725726
1732776108
-1856516670
-303039063
-1647541159
-932219383
714462663
1709013524
-1093056077
1905775507
39667450
-887252733
-199804754
1714083934
-1122564790
1719237026
483305735
-1026324088
711196587
2046482177
1827313491
-273960327
-335342330
-2056143885
1203049743
-1181117076
-1594108815
1481052472
1130505717
2025431087
-709325664
-1922602530
64659089
86518054
896360090
-2065452573
406706194
775649429
-187611217
-660888801
1185566053
1652466205
-1257679192
1881154656
1380611455
-1396575609
787841088
-365300010
2040819450
-1801587264
-2045655341
-496806479
-1275047709
-1961731804
-703223467
1548315656
765605073
-1766183426
1118244228
827639036
416435770
-224178097
-736814751
-91874787
-1635867903
1332671950
-1033719844
2112300044
1642543442
-1405245136
1882162381
-391818912
-1870737742
474559913
1820982315
-1669171
389508177
-617396559
-56407945
1086739331
571698338
1698152459
1073904761
-1779685165
659080749
-1109519870
1114276910
-1391354856
634236835
129306101
-1183696640
182039508
2097344818
777584406
-1341323977
499693849
2040624922
-776205458
-1556755793
-1002558935
-665454208
1252335908
668270795
-481774752
-1714500222
1960440829
-434750039
-683257262
1940730763
-1616064730
-923754858
566298416
1594668775
1374633777
-1528249404
-736446353
-2056752487
1859573853
910840634
-895406934
1892634476
1047633178
1216493323
-238207289
-1714057401
706463947
-1390277942
100577369
1975728581
-331283763
-1532466116
-1489486267
392445445
248462775
-1263459505
1014356903
1977114046
-312359197
166417739
661731062
-66177643
-611366355
1331902279
-1069093531
846591666
1697500666
-342887459
-1431236468
137209232
-99882117
1567471649
1790042695
1924264468
1489946419
-1141433394
-422319394
406584545
429428150
1339054274
1624427877
1655021034
957577394
-987101780
-1663926682
1681064007
599367731
1644709891
-1719615300
775530316
-1343087582
242659641
-1428747071
-1198903080
-1474282994
1342192432
-1410251349
-251434774
-196490450
-750381076
-1529880269
-2113240455
1506135718
-452507510
-450730633
-301102716
-424346615
-1432998031
-1885249248
-1292737946
-82185697
-807890490
-1605549625
-1012536721
41881063
1103215653
-44454764
488902065
594816478
-553795955
1692613928
-125114857
-1106319999
2021651355
1929891516
-631752774
-1673796335
672548602
1524085642
-787358089
1314429334
-1085935847
-1290240405
-1064369988
-1334294235
-1546809825
1010320065
-736027742
-517460124
-730599909
1096445590
-1371980735
-1380295090
2005519488
156607237
-921241026
1247242035
1610115279
940322520
-1361836120
26415106
2099104405
1795100530
1090021892
-801072950
2018701976
1335204847
-1779388250
-754494082
-1744344243
-594395511
-293553086
1006673912
-819925876
-858857411
-1276974143
-1280022976
251987590
1843522221
703382104
-1839605491
513673206
-470350776
-1265673513
144047755
1879806870
724888231
-23380930
-498455202
1958910164
12324666
-1911266410
379630566
2078778309
-2106845
165451517
1722167236
602519641
1308014433
-1572383231
866277789
907226320
909857329
1133247281
-800372451
1948858220
-906255696
-616570127
2014999870
2089427816
-1913081404
-2108970098
-289737526
-1413127896
782513981
-1737760110
1929167646
2057823665
1075279414
780055384
355536176
-1469412006
-160367679
-1226478878
-862991662
-514361916
771564482
542762217
-1970853833
236356358
-764966885
-586861003
2044298166
237012013
-411976183
379988015
175571918
64727779
-158464563
1986746803
508299625
836455021
696438926
-1928455893
-552730011
-1847062054
-1121566595
2063092696
2107924559
387265913
-158398662
-99551629
1633924977
-142984309
1124746870
812661492
1814907406
1601200185
1845253848
-1510678608
-1058700309
-1163017017
-909338332
-1815956567
2144872977
-293085686
408597914
1565680673
-926334255
-951462377
-562172517
-63924368
-522323448
-1071459012
1928684434
991125783
-75954780
-1392810444
2117762321
-674602220
-52801946
-1765774955
605340474
-1493225353
-1005985559
-257602419
-1277106848
369149236
-1953338654
-960071987
1735573997
1865295675
-1374697304
1873814468
1955895685
-230587194
1222272759
-505603312
-257699733
-1812044815
-1939833616
126090289
-756162012
1440397199
55206499
759239039
-1216976039
-144446150
932677201
244702813
-84316671
-174176085
599116204
-1659446097
-527748161
-1582423988
359481952
-1347215991
-882281848
-1526739189
-1651070314
-2046246616
984061832
-1222873231
-365756362
-478905819
1251630150
363246578
1289689262
1438224359
-1752888827
-1965264762
-1912197902
-1761405863
-1471344787
1605282168
568500675
1775648988
-1658925974
1967864701
-7565262
-1969672577
-147277740
1007710471
541708903
-1932501651
-1967110576
882120923
-162817890
-1788297306
1272327157
-806555167
574737010
-1232389391
-749343182
-1475968966
-2031306658
1204934161
2013714542
1152688023
-2057707137
1854276918
1556267504
-1480759608
-1543450210
1477626294
762922368
778383507
1656839022
-1806919428
-1438888114
-1821254201
1175761681
-522436928
-353557229
-296246129
-1193857824
1647914616
904875126
-191692533
-836197269
1014167566
-1162284112
-698836196
-130166850
902878162
-999374734
956118399
-975371546
843676081
1932732677
-855311843
-1159387213
138721191
-1968194637
485144480
2028334526
1077640050
-606013339
-1717246903
129791661
-1998437497
-1785487219
-738756096
60293813
64301897
-728981179
-889258068
1778278752
2054948472
4389816
1649562564
1520446096
726679527
1571114945
1641942054
1330185155
1276473201
752544977
-529170649
-2143783529
-516891859
730500372
88263146
-1812720240
-463775776
1630478038
-1795135499
-1821636583
1487682739
1084571683
-1954795519
-514384184
1051942437
-543010642
-376649199
-1506011418
-62700478
-462406157
278917829
-2047755219
-940830699
-766022241
1083777007
1337455571
-1019558822
802318895
-1474471322
-1146620985
1607984503
624768470
-1679662822
-1084609990
1574675629
1366058915
-194746008
-461072032
-2074277238
-1179224349
-741928785
-1354978441
1000658082
-1631856445
-1797565661
582206216
1908669054
887149626
-645030943
-218756244
-371651117
-2127155163
1738293826
-727233135
-212932106
129769395
531105907
-1993224963
-334338417
1354567938
297103173
-359173869
912523660
917783050
-867241151
106282645
-70929319
923680697
501581567
-1093573270
836003917
-732974240
-871506249
-423205216
-1897939353
1242636877
1192124696
377886387
436870713
419726264
857395544
-677609457
-1595523037
623104226
819463819
889907667
-366565692
-2139753605
-1651293128
1289586391
-45696082
1808381507
-432142295
2008977648
1096581976
1520212980
1744331139
-863415182
-1262674856
-899825569
-218028779
-989597707
-1290961455
-845469739
-1434152204
772721756
-84137687
1001005256
-768130745
889524498
796377855
1531026353
-617324450
-1376151401
1694615388
-1803051725
-1183601655
-1087362758
1509674280
-1686032769
-610492889
501937703
1673596126
-1729728518
2101458557
1671474340
2034572931
55751197
15199176
-1456500329
-502521133
669169821
1760270868
1004958539
752864189
1037142987
1435861582
-1635486861
535296018
1590066236
1757916952
450686318
990172792
-745718612
-304917796
1876753612
1085522852
-316983777
-746196189
-410753008
-1733863481
-1705805240
-1467124441
-1589906505
-2066852023
908916783
1949818790
-1425055367
1158445748
-1376463091
546104824
-1343119410
-761052686
1184963450
873238628
1586884019
-1317517637
-2134508855
-499149394
332461741
105497160
386039986
-402966028
-517919986
884554316
-388011214
872662713
1546508406
2048887076
241524911
1406529602
587253404
2040313164
-312613794
-535774176
313941070
1577667605
981773544
1769913614
2140967093
-292146284
2099593547
2018949116
2121870558
-1102895139
1023082494
674825835
1932796277
-64792719
652735576
2112899579
-1716849454
-1913990412
2138644018
1162954049
1446939961
783729699
1618284490
-1359024674
-1929585827
-1532125180
-618920470
-191558708
-1940117210
-1875654562
-376512951
2131556859
-879357772
1648644203
-2126213072
-1135256548
-1593024606
608491723
1556876128
1733221819
2063755918
-1784236356
-1634557646
1038962323
546936025
-636036472
256203776
1297985565
715657387
1495345470
-488249149
1090979946
-1746068679
1296252324
-166594819
-1203433934
-23709366
-810171285
-746179879
488178220
171784182
1592977316
1725185423
-318879329
1505686960
326335859
-1898625011
-774529480
1472673671
126086657
785986515
1421010718
-1007808856
799868086
1932287518
-1131999421
-2063101401
-1069801304
-1433634488
-1067422467
1074721022
-1254524850
-322496402
-577663276
-1910366123
-1949145992
1027789139
917995933
-2020365821
1378412163
-1998710653
244704199
1986813780
-203891257
-945996869
-95397388
-1475415028
-644439980
1314070152
1592670411
-1874082388
1213328094
-2130272979
1603172364
1347638003
1401117685
1183889865
159335140
-1915082841
234483320
-418515015
-624051839
-1297530732
-2021557
327125306
471316457
-956159019
-821040569
1268724563
1756542471
1106143569
-1287968142
1773341681
-170388217
1174785928
1906764143
-379816365
330853858
-1213204337
-1767687624
1211105704
928822588
-1751057575
-842384631
1268387317
-480950163
-1047399113
533674655
-781296836
-1666959396
272246689
2097052834
1170138842
-229547372
1821748790
160452958
-1149715664
2112632592
869470465
-1008110407
-1408526970
-1020777127
-451856643
806217825
1733002795
1644056146
850099418
103464260
2114580192
714038354
1785328641
2003730501
-774536331
564621555
-121106986
1806646828
958869684
1367155753
1709455164
1322799837
-1153692290
-1722576746
584001629
1040807884
-1740981708
1632094491
1813638314
-185350736
-1824206248
-888695886
1189996321
194551158
452678771
1706589562
-1863690547
1582935160
-200858568
-1607230445
1689722771
-846692370
1319439081
-768896981
-571155670
-2120787036
-1236870663
806853977
-80841109
619988973
-145648654
-535303383
-336535862
-676164905
-182796392
-1934343305
946963492
1119223967
-406501042
-1365777920
-1753959750
324470631
-1463773511
-1652414155
-223278723
883749413
-1951223645
-1546825646
-1979871093
1813526238
-624908511
2087280303
-1637075975
579128340
-424242186
305858646
-666196270
1584425341
-675094726
515063765
1109389920
2068291573
277785142
-1922199212
1197290921
1818754228
767001746
-789538071
2078038332
876915651
88919985
-1433586134
-508576979
1041124779
-1221233572
839788291
158472029
18216048
-158806371
582181834
1719021566
2083421117
1865413613
-418297200
-399902123
-607211424
684898193
1847416762
-990293054
-487982345
1248203072
909586895
221807357
1268548075
-823670263
-124379502
1180633505
1428354717
-567438477
359675219
-329283090
-1754955297
1114369253
11657857
1081197770
752911270
779844424
-42889084
2121266185
2032998909
1881781994
213158345
741934317
-1609129157
-1756621915
-2660323
1033729776
-162943112
1276839743
-1589795521
-1015749952
-730065604
1741459988
873537711
-1714000502
-1212867207
-1480839694
-1894535476
1481550971
676854459
1877493571
-1944976099
-1148076925
-1660813411
-747920271
-1096247314
-221212069
1232160894
1931173765
-2030027489
130336457
1270860917
165172753
-651057097
-537500894
-292943487
766325584
89920447
-1141673456
743948292
-1027573621
-1871926323
1181309077
1796239730
1538533309
-1218867746
629947215
-1666410939
-1333595014
-1888718359
87618557
-537936076
-75161844
996561072
1812093761
537335203
1514495454
1342610264
-1725764953
2141908828
-680494819
135649340
-1588069659
-82220673
-89097061
700233981
87827044
925580983
1022272503
-1444020771
-787843073
-98349906
-1987746565
-264586675
-1005797878
267156674
-1449247676
-1295135037
294828437
377553912
-1668472792
1623501777
-1770964496
-881775056
548781523
-169299341
820745330
1345267866
447014067
1865270696
-1647142794
-1960280216
-842349546
1351606595
1892695974
1460486853
-1847009520
1009961474
-1886937477
-751827195
-1810834782
1296313055
-341518077
-1897319395
1614776855
542225318
-143581211
-644130732
728882609
1674185927
-1489307230
-1868729798
-1010329723
-1082608531
1881365533
-550804007
1998711459
1983518926
249846365
-1983114966
1458202745
-1960410172
1865312912
1100985290
-745480072
1883745180
-1970960302
-1006592531
1913984503
1909849390
-1000884433
319511186
870019160
-1690832083
748333414
725797112
1801062760
-1144058176
852922095
1154996560
152944139
1313031505
-44019521
-479993677
-1300421352
1052178340
-1679442870
-530597802
407474305
542819882
1033003849
-628024325
1445756087
578410134
171717565
1514863530
-1788734900
-1517527376
393415731
-822823776
-1788371495
1801947242
-1908486072
-921213560
356459041
259982128
-1727282833
1819267560
-1101567882
1587402372
1123885041
-1435072291
691680091
-1111406135
2128238645
-21544181
-1038583958
-1625688738
72040513
-294933554
-1033453960
-404467474
1247553920
-1285748300
-1824909066
-1827974395
1451936453
844331567
-868728422
278722023
1546208911
-1903119226
-1695295683
977384861
-1057697394
1899989005
-927477498
-563782833
1301396838
77629845
1330876616
533768665
1668737970
-229661659
-1700055128
1264107415
-1846612661
-1585086231
988160259
2051162499
-512405047
-386729366
340764558
-616324222
2082138953
1191448319
-1801676610
-554491398
-754709904
238749315
1401551465
-1407041369
549451440
1361821511
-588249428
644997807
-831969591
1974097482
1856930319
-1031319565
846331283
1614782119
-746205209
1090239399
-1007022343
53025870
2000840955
-391831516
-524013240
-1638828554
2127992938
-1016036356
-693772631
856265298
1649976011
-739050417
-137581844
370791554
-308692074
-430440356
331272582
1480993740
-127111999
178840154
-104325156
399960715
-805874514
-1982692984
1825882050
274962535
-1998889405
797673858
-1328568771
-1204014139
79877978
-1836133674
515025552
1872795265
-1084159652
-272451369
-1026389642
750580186
-1119864792
-1658881872
1087461547
1398642093
-1539953864
-877400645
642133681
666597094
-399137530
-1773584621
-1865350448
1541810483
-2118816596
1494962791
-230815395
1583824889
726388170
1076172817
-1379135425
1241926283
614970027
1776092262
-388128850
290709401
-805389142
221203023
-543890626
-535467034
-1365639470
-1203197160
1196859164
-938297283
-1348387132
60682120
909161878
-245278043
-69279779
1456037425
-622526240
1868138195
1479859351
-1936145656
1176601876
-31264289
1897755183
641457207
377175674
-1333805766
1511547528
741097521
105975817
-1788437280
-560992177
56955143
-384788946
-1470321463
-321980065
538054906
1554964939
-1181570652
156488549
826469456
1623416705
449872071
-547238201
-861352854
-1227657422
-1351259296
1433240513
-1020164074
-1153339455
-545126160
387861969
-1330313950
-1539685605
-217764614
-43935403
1864277809
1613270651
-1952754697
-1246566543
1371908049
-941278487
-2009336948
1048947766
1027953611
1716582915
1267669502
1575774976
878029245
-1619340545
-2118577947
-479546081
2901478
-1321993233
1999697695
-191500616
2080704321
-1909357753
1645381127
-1610416659
1558182356
1742769564
-1448446489
-1455601605
1099108937
1377446830
-268421718
-983195100
1889767101
-2094003032
236382677
148772109
84152535
-1969516379
818603704
-313417880
-829307620
1965883254
550509024
1521832725
-446944382
1060169634
2141787855
1607628293
-1528277694
2011031981
1555413742
-1916827360
1830398962
1706914717
603167938
531126633
1459066322
-437899079
721009246
-1952219298
-667382939
1074213267
1532762904
-1135218524
-1108315581
464457801
-214214529
-603224093
-1370926803
137008391
-2003877236
1123395311
-1878347422
-1005936945
1492849430
565139239
1847935280
-870755204
434955403
-382170078
582847437
528671235
-1968087076
546335879
-779494809
-2005514756
-952117831
1479591227
-637234568
-909708448
101857022
-1423242558
-533355169
-1956623468
-123756436
-825652002
468378924
-1125632858
1548184988
178110588
-1553968453
-402763819
-2082076881
-1374764080
-1932084989
-698772394
1345052746
873038014
-878171729
1272861269
1902270273
1671827835
-1370542354
-303898055
533818769
1672235892
80660103
-679902164
599034644
287020142
-1221166545
-1560661030
-371474321
-2072484370
64956702
-1284541320
301612238
-1058790694
-1582147873
1630886151
-428217645
556409695
-1785261209
-62239527
1052207307
1949768469
-130232215
-1060806572
-1693921246
2048802145
338540520
1188961781
-1188757480
-685652965
-526952435
1412311959
1185439669
-1049969552
-1261324230
1872051189
-1043379462
-227131896
1083845470
682366061
-2058510504
1828483178
242774923
-1623479546
-1632756890
-981990753
-1642460475
-1158045516
-1910798899
79362325
349742363
1880857562
-970928250
1265104326
-2007089157
-429439217
-2129877689
-789225831
-2085989694
-428017628
-881318854
324142600
-287247213
1618428774
-281565712
1402550786
1602620265
2144993056
1660409748
985554194
-967583634
-1485866141
674795619
-2064224833
-1023576692
-195366392
-428205221
1311252534
-1037887420
-426544395
-561453006
1662086694
-1480118849
1718276256
-14755959
1281081579
-1242520542
922243281
1674614369
-2134500882
-1122503386
-1535695445
2075180237
-870392502
1740752358
-802884884
360293353
-398646605
-1518129157
-785587341
-425056502
230928531
953747397
804262658
-1861172170
-764017291
670872587
1053052997
570675158
-1802890330
276196038
-45188333
-281235542
1810338585
-120199367
-1976696078
708268284
-1108341365
1626860869
1845709280
-1823060456
477694183
-1060098566
187887440
622819066
-1353452566
-183213711
1130645362
350990665
-1890207478
-241260072
2128183991
211837828
-594928749
1881838541
111430036
1740103546
89998099
-932100112
1772212357
-1740537857
1548228856
299811251
156608596
-1378259492
1395809399
-1738334349
258657946
-2078064633
965185710
1518362572
-753483130
257026835
1244277004
400957480
118661597
-151342103
-213739536
-1561186151
295342657
-1994909256
832447376
-175763224
1612970677
-1812141271
1714136348
-1743869202
-729853601
-448333097
1684182562
1771888161
153256336
-1193007362
1849888819
-826101647
-626708991
-181163918
476291783
-741197740
-1521986721
-2089231151
-1469308067
1398314015
-84472054
-1250689029
-190129178
-1266646376
1220972056
2101905602
-563889309
732786888
1054304415
991960286
-1336972084
2069434644
-1562710733
930369571
-776308684
1095421838
413343917
685286133
1662177833
-1243498616
-179538386
-1279167493
1286896992
228499050
1023181667
-245638894
783032978
564504517
-652135159
861246340
-1708080480
-1345620313
164644787
1555272569
1711531773
120823856
949946571
-423051603
-939920308
-926207131
306619350
-1673138590
232948551
205744708
384401403
108484760
1629676515
-1747068905
1527935429
-1185752965
1624452785
1553770765
-1244740313
222153245
-1605334905
1451149061
248538048
1353215333
842890335
-1567033427
1788189537
721945670
1947438974
-1067825205
-160937781
1570250803
-889752616
-916760614
-86086980
-2015440175
296975538
150822360
-844996308
1299625454
533870985
-334040994
-1427546925
-1688404303
1024285490
1043984112
-1604140305
-1271853037
283330370
654252950
1054050627
-1347010419
-563610193
997800363
-1187197342
-1044396270
-1232325449
934987252
278737453
-1564867776
-111161600
-545874956
1313911449
126063825
-1618800640
-59433859
84611253
444331607
-1706282338
723298698
94700011
869568296
1230849561
-370832564
-1716211323
-1366527850
-641698519
1300140674
-1636936077
692990563
190782307
-2115433459
2127683914
-102063501
-1475719967
1713887683
-1997076848
1050819523
563196961
-1383676797
798566710
622499993
-1395660243
-197371000
-82253467
-2097392643
-2073973508
-1636174590
-1002349699
990449255
690984984
2116199394
461056858
-1707046471
-1085783168
-2053425419
-923258920
-2035871633
1963125967
-88959692
839266969
598645780
121704092
-54326439
1029697541
1248292599
1646758436
-366846283
1748997009
-1531701985
1745766182
2080356672
6698052
1577582715
-1964020210
-634666255
-2004871817
-1594411939
-41050027
-1825014704
-729436196
-1571769303
1394266919
1176743497
1463142080
-538662583
-727732155
-359136446
-658174572
-978160541
754819372
1627266414
-1784405591
-548790834
1029957751
1029193315
-888873926
-2014324415
-2035126911
1551389674
2043953327
432509133
248192590
-1681293803
-1469150432
-2043041012
-1652749398
769876631
1806115607
388071578
-1715297390
1118757199
1226208921
-1670826812
1472114131
-1505165787
591135079
868083071
-797315343
1061819417
1680016513
323118748
807245130
-253450855
-652430869
-1412039624
1954862201
-391094766
34263218
652724344
784487167
808130760
350362929
-1104748426
-186888672
-264044310
-1027872368
-336970634
-406022134
-19259680
-884817267
-1456801956
50320444
1818552040
-2051138434
1017024866
2019661349
264936672
-390247274
-584701435
-860273141
-909663900
-224243097
597878080
-2047479762
75430939
441529767
-57741316
910516781
15316814
407960630
733861830
1437940391
-676863814
-1577616289
731785666
1726140197
-962575450
-636907683
411143391
740887606
-434556874
1221421089
-1089483957
2013901787
-1345985535
690295378
-832798935
1199676965
-1242994718
220421525
-1856088447
500031516
1768486667
451787022
-1677581704
-249430813
414532447
-18758875
620963264
-1389525735
940780287
-1038249588
-1437247919
1431423105
725725989
-654969471
1099269720
-78742044
-368813007
1406550096
322873456
171345205
32908033
1253657628
-396188913
787228662
1232782213
-2010919715
51930946
1903590362
-2031546223
-1870385748
1444429468
-1015559252
-446532364
1448902206
1402635371
1780951663
729346506
-287361875
1121730093
-1414687547
-1207554546
636471166
1114654530
451495060
-1800705165
-536583201
-1110768670
-1214244122
-862227341
1282819120
1088540496
-162249712
1456265127
1201826500
-862545585
545028630
-2050751399
974439656
1564174037
2115209549
705305687
-854328797
1895868926
1653144386
-1872851190
92564415
1910285635
-1286140966
-1090596410
-1870845816
-727101973
1545620666
-549402270
559012051
421093825
-1787192600
2138159371
-880744767
586982406
-22328654
1169476181
-467310908
1616278953
-1979798066
347701906
-1837071262
139017397
-1126475838
1741928807
908490553
1477201674
189383814
-2105285477
-677952446
-464956337
1202144615
-1055404750
634113881
-375827674
-2051975123
33096122
79954172
2108218786
432852095
1925159396
1588266066
-821161739
-590390394
-1904926891
-17637009
1800559725
-942107183
1692184510
2098788310
610091937
-1389278344
1112714281
668540223
2005700583
150393475
103254422
28140697
-862345976
13225868
931043014
13947217
-130880202
-217160542
-1611478187
939227860
-785674179
-691672464
-1664027634
1698882643
1989339641
-219637858
-992489350
-1139700539
-198675448
-1851278730
375649722
-285410510
146282175
-1620612918
-638154090
1787939629
-365554335
415812117
1281568981
-68059743
1831930254
-1525915680
467840974
1870008784
329490936
1017507943
-1056099265
-133715303
1368856669
-1387137156
-912770724
-674184199
396530352
-1214856790
-1545507029
46251219
727901081
1402574236
1360081422
-2095269645
2009685536
-153972800
1563715489
-1001447600
-1311264604
-273673178
1918293190
-1863436143
222952209
-1310393682
-89898755
1241559506
1460638801
1009441122
1328020216
1880557479
1686516483
955519264
2049413742
240196960
359820650
-1524662148
1183767343
-2070969202
384550055
1283064036
783322488
-453822266
-2044612822
1509429764
1291851656
-239676508
-1774037402
1129600874
513700978
1603829010
2082667459
325438573
719133749
1992039370
1473591513
1045090891
1232560393
1684113944
1330876122
-592151407
-1401696773
1933759204
-249366194
711966655
933518011
455785199
-1720813562
369124907
1473611956
445913693
-2097363894
1576791845
338279773
187091570
1722787156
1393605723
-1373671986
-1813042272
-1019242494
-1383583361
-711594090
1048152001
-1025655354
-1327977946
1460536011
1187697824
277956320
-238654989
-1465882271
-2050712899
449104847
-1176442124
-688513089
-635829167
1053510148
404500043
-466417009
-2116527985
560707545
-132386032
-1736626731
2112186156
905798592
46200694
1272430915
-302340063
-946957633
-521754580
615167434
-288615505
288494107
-1354636795
1254391924
-1049233757
1529327699
-566777382
1563246192
1128089307
626970959
1418526382
520062574
593640456
336695769
-700503532
1844214573
-92458828
1009397324
1810248397
-1588202671
-673575034
705405066
-1191619148
-196949383
-171519803
1500621107
-496523042
1948168081
-1039283174
262912019
1232424189
-1955068828
-65215847
-1783011365
49271044
-402414988
1390855426
-1794735853
-1898796016
-2024302323
698079811
-219170737
43970950
-750045033
1076660801
-2078762080
389522296
654049068
861860055
-1808899251
2084980556
-312722838
-1403110114
-1069901373
2101452959
-215387511
-1186316050
1818480329
-1855277466
-42601809
-72223579
287951351
1857193558
1288831618
-146017498
1259204712
-641922427
1356244223
-286510556
-1989160530
-916687535
1771892873
132545184
695275526
-1003894912
2043302981
1090610607
-416081972
1099834537
495672996
-1844059775
-1108059600
-1897756207
1314642240
-256671074
1706688298
1803668056
-636203540
753018225
-1500626261
-2046626026
2057455878
-1818385398
892006676
-275737664
1012002062
-80698337
-294996245
-894222704
-1075532932
-1939881645
894646219
657239589
1561999053
44472250
1312104604
2129275303
655229406
-1042517348
-1619089148
1591992110
-685973378
-2001820807
1236285469
-735003548
36412733
-2118466227
44703848
2146217320
543201418
1358131221
948283136
638150133
-1779448580
-1935794031
1419430418
-234874685
1706661103
-253667254
1534556812
-86195924
-1452102317
-423216682
-509330156
478274323
-1877773888
-1946081958
1516070459
-2138184447
128695756
-334948017
-1809357326
205088912
2091409313
893246345
-359147972
-602389236
861743049
1381576309
1679048997
1763510358
-1166040501
-513304926
-387788302
1842946571
728485116
977892482
-1107794535
368188646
1355636494
1334146672
-458051981
-26834334
584938988
692168436
1482972975
-1983675229
722320202
-1949787322
-159084279
-1575621994
2096584823
-850098672
1035065660
829471318
-923448587
-1171115400
-1110654539
60042705
859237962
-1226167459
-948659960
-304644693
-1181692136
-1505848609
-1905472089
-1338937758
136256363
-927961563
-400537520
291113906
976110674
757557594
685472199
-222153158
-1894538064
-92055561
1722617797
365160286
183058771
-124848825
-748124880
-1002942609
515700293
809478440
-1622867573
-1580256759
737453410
665212174
1313225647
1532306620
950942250
1370582349
-213625925
1540133870
-1074030888
1965089430
-415049656
-283659777
-834158925
-2062508094
1377200865
1966060718
-1053568605
545693646
-446974031
1372062907
269462790
1774051366
733590654
-788380724
-1879358012
1639428902
-1617667370
616713364
570101664
1966159581
-1393274489
629117233
-1558510127
1974662163
-709150381
-2023523371
610347217
541911437
1552126180
2136651176
-888568460
1676773262
1292264445
1304000493
2123569467
1736859553
265304562
460409699
-1966725143
1944685718
1169291098
-36120083
1028773463
1016534729
-1259231486
-1578322316
36183684
-360064855
436887075
217726732
-1533251344
-324556936
-1626755113
1813249365
-960850135
264291407
982279113
398534947
-913265755
707189093
-649894868
-1538248351
-780125486
-1402992752
-972744978
458125106
643293547
1572784138
-2080467412
-1104844968
1496841229
686794360
802913256
117456345
-1621476342
505026344
1727149304
-98418721
167589243
910290330
-1041363135
1493280735
1580350107
845887297
-1303415003
1745354750
-1940055981
1893367434
1252923449
-636762449
1008371728
1340586525
1613747515
531446176
-1220842788
-1065718686
-211629246
-151360810
852500908
-693520570
-958933961
928842774
421566198
1298360382
230571139
-1458152313
1881329031
782844043
-1281843191
1421132948
-1093990254
-987497024
-1557257641
1480010775
900587787
163571329
-715491817
-1824356685
1042144309
1358880652
-1282250805
-1541500287
-1552722054
-1142403843
1427759033
-496638738
365354362
272581581
1547931427
-1934663198
-380422043
254529435
971095227
-365592283
1664472461
554455215
-1819089835
48367102
546917942
1961899578
-1660150306
-43315940
-910218832
1116575970
-1070694516
-2036820806
1008413863
983005566
-1026298026
-1667767555
654559673
-479025122
923998118
397700768
312510281
1940100941
-494832819
-1792791086
1509453458
3121049
-1779063625
1796173662
-2070947841
-1613727917
-927232929
-723869172
-215603016
-1937710446
55497348
104508999
588862848
-1344938114
-2050500580
-1593653761
503201469
1141363402
-1737342199
-1624977712
-1940244008
-272402302
147036554
-28587421
1952144327
-1508729594
-1654939404
-553000684
-449685273
-1977032107
-534809696
-1123421483
-1232466418
-1864297074
-920944089
1917768273
1992689376
-881076044
1458041804
-880243116
-1821207199
1761125553
1829640761
556428649
2061913804
158230429
-844829586
645038020
-977403486
-111590593
1279638774
-2025985182
-1881573115
371666899
2094636891
-40675730
-871325370
1101367053
-472698661
-494988314
557703611
1938668382
-965756837
1769141886
1806942166
932167541
332779931
1544940996
1359028082
253551112
-627632214
1552798084
-28789648
421405139
1820164764
537919341
-1868203646
720190944
-1142657925
1361817332
1147093062
1301808649
-580357765
-1827987593
676310678
1021947835
-1648844944
-1827208026
403258654
-80858372
688302212
-147204834
1582762798
-111152210
792399140
-357114026
-473588784
1739602708
1223520570
-597473090
-816721891
1918846357
-1536126815
-582132955
861713100
-220141376
-482048299
-926890918
-875042549
831985040
909729258
-1403212778
227007633
-113526032
213326015
-1562721256
1047917299
1990708352
1631562867
-1133201774
108946999
909996441
-711811818
-2033740093
-1316318554
1343725711
1663119779
300627940
616680934
1300343349
-1946324178
-613577144
-1979180217
425556389
1415408473
541097662
-1027387044
-95974336
812602892
-1364541383
1901364430
78898675
-992822684
1060287411
-1858286484
87000508
1423285995
-1719380403
901886597
-1146741140
-271299318
-1228820038
-1084823687
-2008803410
-2113054789
-1346408738
509086093
-846652601
1948440962
2040884913
385259007
966767262
1251810717
1216712041
-873638054
-1756186497
-78501766
1408824280
-1932794613
1833018139
1691931496
-1074357486
1187121203
-1937708461
1667592081
-1977883054
1560025534
1055133237
-2116475864
-1412794595
-987845197
1292042694
-861111330
-1576231000
1317085133
-588972543
435213721
1600395126
212587851
-1068039904
1697360999
1471993413
546850820
1033141785
311028400
100153642
226373309
-2108882837
-367477589
-1960651270
1994020542
-1602631655
-191588845
195666156
2064712354
1243783670
-1623826663
1292454012
-774446481
492929059
1710357660
146598801
-1263994650
-1729587498
-350705770
232754657
1129120283
726073692
-1148925991
-465178988
1138306887
-396086432
-560183812
1477223719
-1772401700
2037037677
-992900977
1844488339
-1792761895
-941681743
-1390767979
1837540525
-1790893217
-1389913597
1700325683
1086833104
1408620420
-795422682
-2111545692
-1766800712
-276080537
-1755739313
722841711
1528470704
6749316
532595172
818787036
-289280528
80090441
1013383814
-725052509
2045048383
-359389975
273012561
-271305241
3536352
-2129781393
-1707107998
-1510221470
-262531413
-1133380331
1121089689
-1255505696
-1844755591
1243306966
1877064607
2045299697
1718981061
543342145
-1633256406
-894289959
-1664147057
-1264664177
1782145919
-1045890101
-1548511357
-536644361
-631428296
-449907626
2092602715
1527608385
40494663
-44215777
1297273984
199989145
1203066426
1572601808
476169975
942886053
164942015
-885722288
1237443195
1515777241
299465067
760143412
28834277
-651778807
1483723702
1518203252
1293568212
-268320193
-640159414
-250566559
-580250231
-1820887090
1379647612
-332804394
-322237166
864514727
-1589821670
-1919404370
2060565930
-1380725270
15635815
225431669
2060768095
558054592
1057119587
-28370079
-1258095883
1369144679
1327667790
1685528706
-751202550
-764974706
792798319
2106289464
1672901498
-258131998
-1969451759
976404710
948028164
-1884372248
1784725197
2032689636
152187693
2088167693
-1283793393
1742294457
1450791524
-720086534
346828242
-1230522230
1737688166
1997759789
1180695725
-241004596
-2071600925
558734789
1132781075
-1591348160
228087905
1711237020
535409622
1672797985
1798882145
1224786330
-912045075
-89430378
1381285823
-1492131512
-804809098
-110340755
1123975262
1257337763
-132663299
295963146
908391172
-49047758
872578046
-1301950307
-66199423
1335747418
-2047022168
713567378
378497815
1823084785
1984367843
-1141390003
-1040675051
-1811539952
1561267604
83880471
745441732
714725164
-1555734753
16965970
2004830855
2090309479
-577206739
1124824820
1493652029
1849688612
-621305169
1162116658
-108288791
-227058728
1214706721
-378245
-586239595
-202172377
-958276077
-325786713
846287986
2057575215
1639592164
339392880
853497668
-596427746
1687993041
1908103712
1222185980
732617994
207578413
1515016332
1801592230
1606528000
1698521585
-1681781440
2146898821
-1008213667
-1872089737
-932987141
459997819
2063175516
1512859778
-1275871651
-1326516050
-1483876624
2101202561
1501003998
495759209
1510217172
-1472345068
1508722434
-1618514113
2062377439
-1697089073
-1881081398
715428469
-1086200420
-1038352579
376236909
-829470303
1656156698
714252838
-759599288
-1851685234
344185343
2069366293
2026470674
-493473438
-1322194461
-876322796
110220115
625413122
569184730
1571857081
1580944662
333113269
-325315502
-1258101146
-1991745827
-856747769
-1600631265
-899509813
-43979052
-1433332241
-1472173100
-1763178833
671546442
59525684
1744980
1502861040
1940507228
48279051
-1629736792
1771423176
-1112243726
-160490747
-1086494446
1512839505
-577732881
541121319
-630239391
-1704460214
-412959580
-477163942
-1450596730
-1934880741
1976505733
1779466757
2057115495
-1954144490
-1551676898
-849682696
612274930
869662463
-755563705
-980528757
-669105803
457628622
-1074969706
-1739517946
2022544173
1580810930
504822804
-476945597
1492993564
-174582439
-1308772300
753079698
-1422559969
-604836498
140023040
1118530524
1184302143
-975391645
-748882027
1181027594
282525255
-1405783185
1488959185
411138983
1536800661
-67985446
87206986
772539843
907856437
-831953032
645259393
262164251
-1921237205
-1152204430
1792198231
-1086531210
571504911
1257850699
927676863
-1995755695
-903367713
-1216538078
1143813556
-1196583746
993472016
-132491212
-2057865875
-616799608
-3322138
891479717
-276138801
-1944359013
1263492613
-148597889
-1578859485
-630051678
-903700410
599839738
-1050746104
-1802021391
915008974
659268349
-2029185365
-798269530
-1921116835
1201357797
-1338052812
-643104758
-61300509
-758452860
1824059523
-336233412
-1651650728
-1202806421
-901901797
1272486672
-2127833140
-1411992724
1625360990
451830324
1252182461
-1939487398
138582266
-1254686316
1907990184
-958121198
-1236958045
865833215
1439322338
1722313407
1528315906
1865188362
